picture_000014 1.000 21.9 126.2 243.8 186.5
picture_000014 1.000 1.0 133.2 1.0 215.0
picture_000014 0.999 4.4 41.8 108.0 196.3
picture_000014 0.999 1.0 177.4 103.3 215.0
picture_000014 0.998 1.0 1.0 3.5 80.3
picture_000014 0.998 30.1 1.0 207.7 55.4
picture_000014 0.997 1.0 94.7 7.8 215.0
picture_000014 0.994 1.0 76.9 279.0 159.8
picture_000014 0.991 1.0 1.0 36.0 215.0
picture_000014 0.963 1.0 215.0 1.9 215.0
picture_000014 0.915 1.0 1.0 1.0 101.9
picture_000014 0.908 1.0 215.0 239.9 215.0
picture_000014 0.216 1.0 197.1 7.5 215.0
picture_000027 0.171 7.3 43.6 39.6 173.7
picture_000027 0.168 16.2 120.4 42.4 286.2
picture_000035 1.000 169.7 418.8 304.4 521.3
picture_000035 1.000 437.8 554.4 488.1 634.7
picture_000035 1.000 75.0 390.3 150.7 449.2
picture_000035 1.000 323.1 298.1 367.4 646.0
picture_000035 0.999 36.7 562.1 179.5 646.0
picture_000035 0.999 65.9 319.0 520.0 416.6
picture_000035 0.999 257.6 493.0 318.2 646.0
picture_000035 0.999 94.5 349.1 375.6 616.7
picture_000035 0.998 192.2 288.5 255.1 334.1
picture_000035 0.996 2.8 186.1 266.5 385.4
picture_000035 0.996 353.9 81.1 436.6 646.0
picture_000035 0.996 282.3 502.3 307.2 558.7
picture_000035 0.995 358.4 646.0 441.3 646.0
picture_000035 0.995 439.7 578.8 480.2 606.9
picture_000035 0.993 92.6 562.8 354.8 646.0
picture_000035 0.992 264.5 634.5 290.3 646.0
picture_000035 0.992 341.6 496.5 356.5 646.0
picture_000035 0.940 159.7 333.9 171.3 646.0
picture_000035 0.934 205.5 164.6 247.2 646.0
picture_000035 0.902 388.9 463.3 520.0 646.0
picture_000035 0.540 216.2 639.2 254.4 646.0
picture_000035 0.410 269.2 522.8 284.8 551.3
picture_000035 0.351 91.7 123.6 520.0 396.8
picture_000036 1.000 318.5 324.7 411.8 431.2
picture_000036 1.000 147.4 444.6 282.8 539.0
picture_000036 1.000 104.1 392.5 428.8 480.3
picture_000036 1.000 1.0 442.6 123.5 544.1
picture_000036 0.999 1.0 235.4 219.5 387.5
picture_000036 0.999 180.9 338.3 512.0 609.0
picture_000036 0.997 1.0 276.6 101.7 355.1
picture_000036 0.997 204.6 135.3 313.5 220.1
picture_000036 0.997 178.7 238.5 512.0 401.3
picture_000036 0.995 490.5 296.4 512.0 360.8
picture_000036 0.990 30.1 129.3 243.6 609.0
picture_000036 0.985 179.2 69.6 443.8 266.1
picture_000036 0.980 72.4 569.4 459.1 609.0
picture_000036 0.742 356.6 271.5 422.5 305.3
picture_000036 0.609 1.0 433.8 37.0 470.2
picture_000036 0.347 1.0 588.0 120.1 609.0
picture_000043 1.000 109.0 35.9 266.1 125.6
picture_000043 0.999 1.0 122.8 325.6 175.7
picture_000043 0.998 77.5 31.5 213.7 53.8
picture_000043 0.998 233.0 101.5 342.0 134.6
picture_000043 0.998 1.0 28.3 133.7 181.5
picture_000043 0.994 1.0 1.0 342.0 9.4
picture_000043 0.990 1.0 169.7 59.4 186.0
picture_000043 0.985 157.0 1.0 272.8 1.0
picture_000043 0.979 1.0 1.0 205.9 1.0
picture_000043 0.954 1.0 139.8 117.7 186.0
picture_000043 0.766 1.0 60.1 1.0 80.4
picture_000043 0.566 1.0 186.0 342.0 186.0
picture_000043 0.399 1.0 1.0 1.0 1.0
picture_000043 0.267 342.0 1.0 342.0 2.1
picture_000043 0.255 132.6 17.0 195.3 30.5
picture_000050 1.000 175.4 111.1 261.0 208.0
picture_000050 1.000 103.9 8.0 251.5 184.7
picture_000050 1.000 92.6 199.6 261.0 208.0
picture_000050 1.000 233.9 1.0 261.0 208.0
picture_000050 1.000 261.0 128.2 261.0 208.0
picture_000050 0.999 261.0 1.0 261.0 181.6
picture_000050 0.999 1.0 186.4 261.0 208.0
picture_000050 0.998 66.5 208.0 240.3 208.0
picture_000050 0.983 199.9 208.0 261.0 208.0
picture_000050 0.980 261.0 208.0 261.0 208.0
picture_000050 0.423 1.0 131.1 219.2 208.0
picture_000051 1.000 1.0 138.7 95.0 187.0
picture_000051 1.000 1.0 167.4 250.0 187.0
picture_000051 0.999 1.0 187.0 5.7 187.0
picture_000051 0.999 1.0 38.1 1.0 166.4
picture_000051 0.999 88.4 178.1 222.1 187.0
picture_000051 0.999 1.0 1.0 22.7 187.0
picture_000051 0.998 1.0 187.0 180.9 187.0
picture_000051 0.998 160.0 58.2 242.0 144.1
picture_000051 0.998 250.0 86.9 250.0 187.0
picture_000051 0.998 233.2 157.2 250.0 187.0
picture_000051 0.998 215.7 1.0 250.0 81.8
picture_000051 0.996 89.5 1.0 216.5 1.0
picture_000051 0.996 37.7 1.5 250.0 169.9
picture_000051 0.995 1.0 115.2 250.0 187.0
picture_000051 0.995 250.0 1.0 250.0 25.9
picture_000051 0.986 1.0 187.0 1.0 187.0
picture_000051 0.982 119.9 187.0 237.8 187.0
picture_000051 0.810 203.8 1.0 250.0 1.0
picture_000151 1.000 110.8 332.2 314.2 444.6
picture_000151 1.000 1.0 449.0 252.4 449.0
picture_000151 1.000 1.0 441.7 133.2 449.0
picture_000151 1.000 1.0 322.2 1.0 438.0
picture_000151 1.000 1.0 394.6 512.0 449.0
picture_000151 1.000 512.0 321.0 512.0 434.0
picture_000151 0.998 24.8 1.0 189.7 449.0
picture_000151 0.955 478.5 449.0 512.0 449.0
picture_000151 0.393 1.0 1.0 1.0 449.0
picture_000151 0.132 1.0 449.0 1.0 449.0
picture_000156 1.000 158.3 60.4 289.0 209.3
picture_000156 1.000 259.9 142.5 289.0 217.0
picture_000156 1.000 70.8 159.1 289.0 217.0
picture_000156 1.000 33.3 1.0 246.8 183.5
picture_000156 0.999 289.0 217.0 289.0 217.0
picture_000156 0.998 125.1 217.0 276.6 217.0
picture_000156 0.998 289.0 105.1 289.0 217.0
picture_000156 0.994 263.3 1.0 289.0 209.3
picture_000160 0.999 3.3 15.9 153.1 156.0
picture_000160 0.990 1.0 1.0 1.0 156.0
picture_000160 0.412 1.0 1.0 40.1 156.0
picture_000161 0.999 48.0 405.8 119.5 422.0
picture_000161 0.999 61.8 196.1 128.2 389.7
picture_000161 0.999 1.0 380.4 263.5 422.0
picture_000161 0.998 1.0 236.8 1.0 390.9
picture_000161 0.998 1.0 311.2 49.7 422.0
picture_000161 0.997 194.1 422.0 321.0 422.0
picture_000161 0.994 1.0 422.0 101.3 422.0
picture_000161 0.977 1.0 422.0 23.8 422.0
picture_000161 0.964 180.0 67.6 321.0 422.0
picture_000161 0.888 1.0 422.0 1.0 422.0
picture_000161 0.539 146.2 422.0 234.1 422.0
picture_000161 0.495 1.0 215.3 321.0 382.2
picture_000161 0.248 31.3 1.0 181.4 422.0
picture_000166 1.000 1.0 555.7 323.4 695.2
picture_000166 1.000 1.0 377.5 4.9 675.3
picture_000166 1.000 1.0 696.0 138.5 696.0
picture_000166 1.000 1.0 696.0 2.8 696.0
picture_000166 0.999 1.0 618.5 1.0 696.0
picture_000166 0.996 51.4 29.2 256.9 696.0
picture_000166 0.970 1.0 391.7 1.0 663.4
picture_000171 1.000 1.0 505.0 132.4 623.0
picture_000171 1.000 1.0 236.4 10.6 589.4
picture_000171 1.000 1.0 390.0 1.0 623.0
picture_000171 1.000 1.0 435.1 371.0 618.1
picture_000171 1.000 1.0 621.3 49.1 623.0
picture_000171 1.000 75.4 623.0 330.9 623.0
picture_000171 1.000 1.0 623.0 114.8 623.0
picture_000171 0.999 1.0 623.0 1.0 623.0
picture_000171 0.965 1.0 1.0 136.2 623.0
picture_000171 0.963 62.7 1.0 371.0 623.0
picture_000172 1.000 2.8 509.8 132.0 701.0
picture_000172 1.000 1.0 569.9 14.4 701.0
picture_000172 1.000 21.0 701.0 229.8 701.0
picture_000172 1.000 1.0 602.9 1.0 701.0
picture_000172 0.999 1.0 363.6 1.0 701.0
picture_000201 1.000 128.5 71.9 387.0 248.5
picture_000201 1.000 387.0 105.7 387.0 276.6
picture_000201 1.000 75.2 519.3 341.7 647.7
picture_000201 1.000 280.5 97.5 382.0 603.0
picture_000201 0.999 1.5 11.6 355.2 467.7
picture_000201 0.999 387.0 1.0 387.0 168.0
picture_000201 0.999 344.4 1.0 387.0 395.9
picture_000201 0.999 87.5 1.0 329.2 1.0
picture_000201 0.989 339.5 639.5 387.0 747.0
picture_000201 0.967 387.0 1.0 387.0 1.0
picture_000201 0.665 56.5 747.0 299.8 747.0
picture_000201 0.159 387.0 241.5 387.0 390.0
picture_000202 1.000 1.0 236.1 135.3 406.0
picture_000202 1.000 1.0 1.0 154.5 244.9
picture_000202 1.000 1.0 61.6 1.0 300.8
picture_000202 1.000 1.0 85.6 325.0 406.0
picture_000202 0.999 1.0 212.5 33.0 406.0
picture_000202 0.999 1.0 370.3 1.0 406.0
picture_000202 0.991 1.0 406.0 161.6 406.0
picture_000209 1.000 5.0 1.0 230.5 167.5
picture_000209 1.000 1.0 1.0 1.0 206.0
picture_000209 1.000 1.0 152.0 158.4 206.0
picture_000209 0.995 1.0 1.0 248.0 35.3
picture_000209 0.784 1.0 163.4 25.1 206.0
picture_000210 1.000 197.9 552.7 389.0 688.0
picture_000210 1.000 47.5 268.1 360.2 688.0
picture_000210 1.000 1.0 688.0 312.4 688.0
picture_000210 0.999 389.0 673.6 389.0 688.0
picture_000210 0.999 389.0 386.4 389.0 648.3
picture_000210 0.996 1.0 571.7 319.2 688.0
picture_000210 0.937 353.5 164.3 389.0 688.0
picture_000210 0.839 389.0 573.7 389.0 688.0
picture_000210 0.711 1.0 657.4 389.0 688.0
picture_000229 1.000 176.6 174.5 415.8 345.5
picture_000229 1.000 56.5 336.6 265.6 464.3
picture_000229 1.000 228.7 1.0 375.4 214.8
picture_000229 1.000 113.8 1.0 247.4 309.0
picture_000229 1.000 372.5 275.8 541.0 377.2
picture_000229 1.000 1.0 475.7 133.4 670.7
picture_000229 1.000 24.4 500.1 397.6 583.1
picture_000229 1.000 63.9 405.2 541.0 493.1
picture_000229 0.999 34.8 56.8 541.0 239.9
picture_000229 0.999 167.1 479.0 280.3 544.9
picture_000229 0.999 1.0 625.1 278.6 707.0
picture_000229 0.961 1.0 247.2 1.0 307.3
picture_000229 0.943 1.0 129.2 515.0 447.4
picture_000229 0.927 1.0 215.2 1.0 428.4
picture_000229 0.912 1.0 401.5 541.0 707.0
picture_000229 0.900 1.0 235.8 164.3 567.2
picture_000229 0.681 541.0 396.8 541.0 452.5
picture_000229 0.670 1.0 129.0 1.0 205.4
picture_000229 0.628 1.0 672.3 1.0 707.0
picture_000229 0.552 271.1 1.0 333.6 1.0
picture_000229 0.377 1.0 1.0 31.8 494.3
picture_000229 0.295 388.9 543.3 428.3 580.8
picture_000229 0.095 319.9 195.8 366.8 225.9
picture_000230 1.000 185.7 3.1 440.0 319.3
picture_000230 1.000 1.0 197.1 440.0 449.3
picture_000230 0.999 440.0 666.0 440.0 666.0
picture_000230 0.999 1.0 118.8 170.5 318.5
picture_000230 0.999 243.1 303.1 434.1 506.8
picture_000230 0.999 375.9 610.6 440.0 666.0
picture_000230 0.998 1.0 521.1 440.0 666.0
picture_000230 0.998 411.5 167.3 440.0 349.1
picture_000230 0.996 181.4 1.0 347.9 1.0
picture_000230 0.995 53.4 1.0 200.6 19.9
picture_000230 0.993 141.9 666.0 297.5 666.0
picture_000230 0.916 386.0 315.2 440.0 356.0
picture_000230 0.896 440.0 1.0 440.0 1.0
picture_000231 1.000 88.3 396.7 323.5 491.3
picture_000231 1.000 43.6 556.8 162.9 610.6
picture_000231 0.999 1.0 527.3 126.2 644.0
picture_000231 0.999 1.0 273.9 484.9 441.5
picture_000231 0.999 1.0 162.3 154.1 413.0
picture_000231 0.999 37.3 216.4 303.9 286.5
picture_000231 0.999 289.5 572.6 527.0 630.7
picture_000231 0.999 1.0 297.6 254.8 644.0
picture_000231 0.999 114.8 344.6 215.5 392.8
picture_000231 0.999 1.0 631.5 366.4 644.0
picture_000231 0.998 1.0 517.0 527.0 564.1
picture_000231 0.998 1.0 407.3 527.0 542.6
picture_000231 0.997 87.8 347.5 527.0 407.0
picture_000231 0.996 265.1 264.7 506.3 335.8
picture_000231 0.995 150.2 103.6 433.8 159.2
picture_000231 0.992 54.2 644.0 215.6 644.0
picture_000231 0.990 1.0 459.1 1.0 629.9
picture_000231 0.978 1.0 595.8 1.0 644.0
picture_000231 0.950 1.0 208.7 1.0 538.4
picture_000231 0.457 1.0 165.0 527.0 228.2
picture_000231 0.342 370.3 533.7 419.2 547.7
picture_000231 0.248 1.0 203.7 10.2 223.0
picture_000231 0.217 1.0 260.7 1.0 283.9
picture_000232 1.000 286.8 565.0 437.5 604.0
picture_000232 1.000 127.9 571.7 232.7 604.0
picture_000232 0.999 77.5 495.0 158.7 586.4
picture_000232 0.999 158.8 472.1 449.1 583.5
picture_000232 0.999 1.0 564.0 517.4 604.0
picture_000232 0.998 171.9 604.0 327.8 604.0
picture_000232 0.993 1.0 486.0 37.8 583.5
picture_000232 0.988 362.3 604.0 411.4 604.0
picture_000232 0.987 1.0 604.0 138.4 604.0
picture_000232 0.963 243.3 501.4 266.4 581.3
picture_000232 0.961 413.1 604.0 524.0 604.0
picture_000232 0.923 524.0 577.5 524.0 604.0
picture_000232 0.833 1.0 604.0 524.0 604.0
picture_000232 0.676 1.0 387.3 247.0 602.5
picture_000232 0.056 62.7 604.0 84.6 604.0
picture_000237 0.998 202.9 232.5 259.1 264.0
picture_000237 0.996 105.0 214.3 169.6 233.0
picture_000237 0.990 198.2 164.8 249.2 195.8
picture_000237 0.954 125.2 291.0 181.8 308.8
picture_000237 0.763 169.8 310.3 214.8 323.7
picture_000237 0.637 173.7 152.2 219.2 173.1
picture_000237 0.503 95.8 198.4 145.3 210.0
picture_000238 1.000 89.0 173.3 430.3 333.7
picture_000238 0.999 1.0 23.7 122.3 191.7
picture_000238 0.998 181.1 447.4 389.3 491.8
picture_000238 0.998 7.7 66.5 559.0 433.3
picture_000238 0.998 1.0 388.1 135.2 490.3
picture_000238 0.996 1.0 93.9 1.0 407.8
picture_000238 0.994 1.0 304.5 464.7 466.2
picture_000238 0.951 1.0 97.6 1.0 133.9
picture_000238 0.910 1.0 320.1 1.0 520.0
picture_000238 0.621 189.5 520.0 348.6 520.0
picture_000238 0.333 1.0 475.8 1.0 520.0
picture_000238 0.304 238.0 144.4 465.2 161.1
picture_000238 0.207 1.0 279.2 1.0 365.6
picture_000238 0.156 412.6 504.5 559.0 520.0
picture_000238 0.127 1.0 7.9 1.0 40.4
picture_000240 1.000 406.1 198.9 637.3 265.3
picture_000240 0.999 84.9 356.0 577.5 356.0
picture_000240 0.998 1.0 212.3 649.0 320.8
picture_000240 0.997 603.7 151.2 649.0 183.8
picture_000240 0.997 499.4 294.9 649.0 352.7
picture_000240 0.997 439.9 14.6 649.0 74.7
picture_000240 0.991 106.6 99.6 649.0 167.4
picture_000240 0.988 1.0 181.6 649.0 235.3
picture_000240 0.987 1.0 268.5 564.9 287.5
picture_000240 0.954 649.0 257.9 649.0 277.2
picture_000240 0.950 448.0 356.0 649.0 356.0
picture_000240 0.815 1.0 296.3 649.0 351.3
picture_000241 1.000 1.0 224.9 76.2 506.9
picture_000241 1.000 1.0 97.8 1.0 299.2
picture_000241 0.999 1.0 1.0 222.2 553.0
picture_000241 0.998 1.0 553.0 1.0 553.0
picture_000241 0.997 1.0 1.0 85.3 1.0
picture_000241 0.920 1.0 362.2 1.0 508.9
picture_000241 0.807 43.7 1.0 288.5 1.0
picture_000241 0.313 1.0 1.0 1.0 175.5
picture_000241 0.089 74.4 553.0 314.8 553.0
picture_000242 1.000 199.2 137.6 292.2 341.0
picture_000242 1.000 1.0 62.8 198.0 338.5
picture_000242 1.000 144.8 341.0 196.2 341.0
picture_000242 1.000 225.8 287.1 257.6 341.0
picture_000242 1.000 25.6 242.4 59.1 341.0
picture_000242 0.991 417.3 50.8 433.6 301.2
picture_000242 0.982 1.0 1.0 1.0 341.0
picture_000242 0.940 70.7 1.0 88.6 341.0
picture_000242 0.931 119.2 24.0 135.7 341.0
picture_000242 0.857 41.2 1.0 63.0 341.0
picture_000242 0.459 252.8 293.5 265.7 341.0
picture_000242 0.351 65.3 341.0 78.4 341.0
picture_000242 0.237 1.0 341.0 14.5 341.0
picture_000242 0.157 134.5 1.0 151.9 265.6
picture_000242 0.115 181.1 37.0 198.2 281.2
picture_000242 0.072 1.0 225.7 99.4 341.0
picture_000244 1.000 521.4 98.7 586.0 293.2
picture_000244 1.000 586.0 215.6 586.0 436.6
picture_000244 1.000 375.9 408.7 558.3 441.0
picture_000244 0.999 466.7 1.0 570.9 163.7
picture_000244 0.999 478.9 441.0 580.2 441.0
picture_000244 0.999 582.2 140.3 586.0 441.0
picture_000244 0.998 462.1 340.0 580.2 441.0
picture_000244 0.997 301.9 155.0 586.0 441.0
picture_000244 0.994 511.5 1.0 586.0 1.0
picture_000244 0.988 586.0 441.0 586.0 441.0
picture_000244 0.984 586.0 208.6 586.0 236.5
picture_000244 0.500 251.4 441.0 569.8 441.0
picture_000245 1.000 20.4 121.0 146.0 348.0
picture_000245 1.000 94.7 80.3 165.6 192.7
picture_000245 1.000 138.6 108.8 329.0 348.5
picture_000245 1.000 166.0 5.7 210.9 447.5
picture_000245 1.000 1.0 1.0 224.3 277.7
picture_000245 1.000 1.0 1.0 30.9 255.5
picture_000245 1.000 3.8 93.7 83.9 201.7
picture_000245 0.999 1.0 229.7 13.3 426.2
picture_000245 0.998 1.0 1.0 59.5 508.0
picture_000245 0.995 1.0 129.8 1.0 289.5
picture_000245 0.991 239.5 161.4 254.8 324.8
picture_000245 0.955 1.0 1.0 1.0 171.5
picture_000245 0.902 1.0 1.0 5.3 508.0
picture_000245 0.896 104.1 288.7 163.0 316.6
picture_000245 0.777 122.2 1.0 143.6 50.7
picture_000245 0.607 1.0 199.7 1.0 508.0
picture_000245 0.095 200.9 228.4 214.6 287.7
picture_000246 0.999 52.1 225.2 146.0 416.3
picture_000246 0.999 83.9 76.0 244.2 207.1
picture_000246 0.998 1.0 243.2 19.4 514.7
picture_000246 0.998 253.4 322.4 315.9 465.2
picture_000246 0.996 146.0 98.5 261.5 535.7
picture_000246 0.996 56.8 1.0 145.5 295.1
picture_000246 0.994 29.0 80.8 102.0 158.9
picture_000246 0.993 165.3 647.0 511.0 647.0
picture_000246 0.992 75.1 429.4 511.0 647.0
picture_000246 0.916 1.0 96.3 1.0 220.5
picture_000246 0.534 1.0 626.7 511.0 647.0
picture_000246 0.351 1.0 131.8 1.0 415.4
picture_000249 1.000 292.9 483.9 473.6 645.6
picture_000249 1.000 1.0 461.3 32.3 640.4
picture_000249 1.000 1.0 642.3 510.0 660.0
picture_000249 1.000 1.0 573.8 266.3 660.0
picture_000249 0.999 1.0 660.0 94.8 660.0
picture_000249 0.997 13.4 212.2 169.9 660.0
picture_000249 0.993 1.0 660.0 510.0 660.0
picture_000249 0.983 433.3 35.7 510.0 99.9
picture_000249 0.969 1.0 625.5 1.0 660.0
picture_000249 0.964 336.4 58.6 370.9 86.7
picture_000249 0.960 335.5 146.6 381.3 210.3
picture_000249 0.958 333.1 133.6 489.4 188.4
picture_000249 0.955 277.6 145.6 335.9 216.1
picture_000249 0.952 256.9 127.2 382.9 181.9
picture_000249 0.935 510.0 545.2 510.0 652.3
picture_000249 0.909 1.0 487.3 105.7 646.2
picture_000249 0.909 457.3 134.3 500.2 203.6
picture_000249 0.879 194.7 35.3 224.4 104.6
picture_000249 0.354 279.7 165.3 379.1 257.2
picture_000249 0.241 1.0 396.7 1.0 616.3
picture_000249 0.169 447.3 660.0 481.8 660.0
picture_000255 1.000 2.5 30.4 272.0 158.7
picture_000255 0.999 154.5 1.0 272.0 1.9
picture_000255 0.999 1.0 12.2 125.6 57.2
picture_000255 0.999 107.4 221.0 272.0 221.0
picture_000255 0.999 74.5 1.0 272.0 14.2
picture_000255 0.994 1.0 173.6 173.7 221.0
picture_000255 0.992 1.0 205.0 272.0 221.0
picture_000255 0.908 1.0 1.0 239.3 1.0
picture_000258 1.000 1.0 247.4 443.0 370.0
picture_000258 1.000 49.9 370.0 174.9 370.0
picture_000258 1.000 1.0 337.5 247.7 370.0
picture_000258 1.000 1.0 251.0 1.0 360.5
picture_000258 0.999 1.0 192.9 126.6 348.8
picture_000258 0.990 288.2 370.0 443.0 370.0
picture_000258 0.963 1.0 370.0 44.1 370.0
picture_000258 0.929 352.0 77.6 443.0 347.7
picture_000258 0.917 1.0 369.9 1.0 370.0
picture_000258 0.873 438.7 370.0 443.0 370.0
picture_000258 0.569 443.0 259.5 443.0 345.5
picture_000258 0.454 1.0 1.0 64.0 370.0
picture_000258 0.170 1.0 363.0 1.0 370.0
picture_000260 1.000 1.0 346.8 1.0 411.9
picture_000260 0.999 13.4 391.6 91.1 439.8
picture_000260 0.999 11.0 260.4 98.3 464.9
picture_000260 0.999 1.0 387.5 1.0 530.0
picture_000260 0.998 1.0 530.0 48.4 530.0
picture_000260 0.996 1.0 523.1 49.6 530.0
picture_000260 0.952 14.2 56.4 83.8 387.3
picture_000260 0.641 1.0 494.1 1.0 530.0
picture_000261 1.000 1.0 1.0 125.9 136.9
picture_000261 1.000 1.0 82.8 98.8 266.5
picture_000261 1.000 281.9 53.4 354.0 259.8
picture_000261 1.000 86.1 9.2 267.8 340.0
picture_000261 1.000 299.3 340.0 354.0 340.0
picture_000261 1.000 144.2 1.0 354.0 20.1
picture_000261 1.000 166.1 212.8 354.0 340.0
picture_000261 0.999 1.0 340.0 123.7 340.0
picture_000261 0.996 354.0 1.0 354.0 19.5
picture_000261 0.989 1.0 1.0 227.7 1.0
picture_000261 0.986 194.2 37.6 240.1 133.0
picture_000261 0.960 1.0 1.0 1.0 235.2
picture_000261 0.116 328.6 1.0 354.0 340.0
picture_000261 0.106 1.0 331.6 354.0 340.0
picture_000265 1.000 4.0 126.8 96.5 555.9
picture_000265 0.998 1.0 371.4 1.0 490.5
picture_000265 0.998 1.0 52.2 1.0 701.0
picture_000265 0.984 13.9 1.0 407.0 305.0
picture_000265 0.902 1.0 1.0 35.0 701.0
picture_000265 0.785 1.0 701.0 1.0 701.0
picture_000265 0.391 1.0 1.0 1.0 171.5
picture_000265 0.385 1.0 1.0 8.5 701.0
picture_000265 0.121 46.5 1.0 157.7 701.0
picture_000268 1.000 63.6 217.7 279.9 383.5
picture_000268 0.999 165.8 387.3 266.0 537.1
picture_000268 0.999 214.6 476.7 309.8 574.1
picture_000268 0.999 69.4 307.9 163.6 525.4
picture_000268 0.999 35.7 420.0 282.9 611.8
picture_000268 0.999 1.0 416.9 99.4 634.2
picture_000268 0.999 1.0 621.2 206.5 637.0
picture_000268 0.997 1.0 98.7 465.0 367.8
picture_000268 0.996 1.0 327.5 465.0 494.4
picture_000268 0.996 1.0 321.7 1.0 622.9
picture_000268 0.919 1.0 267.7 1.0 425.8
picture_000268 0.365 294.9 369.9 313.8 435.3
picture_000268 0.301 1.0 396.3 1.0 432.8
picture_000268 0.176 1.0 61.2 1.0 97.1
picture_000268 0.071 100.9 352.0 161.5 378.2
picture_000269 0.999 229.3 300.6 303.4 488.2
picture_000269 0.999 247.3 442.2 276.9 504.0
picture_000269 0.999 300.5 227.6 329.0 485.5
picture_000269 0.997 321.8 477.9 329.0 504.0
picture_000269 0.996 324.0 504.0 329.0 504.0
picture_000269 0.990 188.9 76.3 268.2 504.0
picture_000269 0.988 119.8 237.2 153.8 481.5
picture_000269 0.987 158.5 469.8 230.6 504.0
picture_000269 0.962 67.0 300.7 124.6 485.5
picture_000269 0.915 174.2 504.0 280.3 504.0
picture_000269 0.872 329.0 291.3 329.0 462.9
picture_000269 0.345 228.4 1.0 248.0 504.0
picture_000282 0.999 223.1 71.0 266.3 186.2
picture_000282 0.999 158.1 115.5 192.9 197.0
picture_000282 0.999 197.4 149.1 288.0 197.0
picture_000282 0.999 133.0 57.6 161.4 197.0
picture_000282 0.996 130.6 109.0 335.2 197.0
picture_000282 0.996 218.9 105.6 234.9 197.0
picture_000282 0.994 140.1 187.6 247.2 197.0
picture_000282 0.992 176.9 7.8 226.2 197.0
picture_000282 0.990 314.0 146.8 348.0 197.0
picture_000282 0.988 208.1 197.0 247.5 197.0
picture_000282 0.987 89.3 90.3 100.3 186.7
picture_000282 0.977 171.2 197.0 201.5 197.0
picture_000282 0.972 144.3 149.3 156.0 197.0
picture_000282 0.931 93.4 107.3 150.5 197.0
picture_000282 0.915 100.3 197.0 119.6 197.0
picture_000282 0.852 296.1 23.7 312.2 167.4
picture_000282 0.771 215.2 191.6 228.6 197.0
picture_000282 0.487 24.9 100.5 111.5 197.0
picture_000282 0.473 45.3 177.2 54.2 197.0
picture_000282 0.367 348.0 85.4 348.0 176.7
picture_000282 0.065 286.1 197.0 302.5 197.0
picture_000325 1.000 81.0 119.1 139.4 186.4
picture_000325 1.000 233.8 89.4 287.6 165.1
picture_000325 1.000 181.6 43.7 240.7 203.7
picture_000325 1.000 92.7 1.0 180.5 68.7
picture_000325 1.000 68.0 202.3 105.6 236.2
picture_000325 1.000 36.5 229.7 119.9 243.0
picture_000325 1.000 244.5 81.0 332.0 122.6
picture_000325 0.999 225.6 66.3 262.4 90.9
picture_000325 0.998 83.8 175.6 137.6 193.5
picture_000325 0.998 28.1 1.0 84.1 243.0
picture_000325 0.997 20.6 20.5 34.3 184.9
picture_000325 0.995 279.2 171.0 309.5 193.0
picture_000325 0.994 66.3 72.5 103.7 88.3
picture_000325 0.993 2.7 144.5 36.5 243.0
picture_000325 0.985 174.2 30.0 183.5 111.7
picture_000325 0.977 107.1 144.9 116.3 181.4
picture_000325 0.974 118.1 162.4 173.1 243.0
picture_000325 0.966 37.7 25.7 45.2 124.1
picture_000325 0.961 166.4 1.0 198.7 96.8
picture_000325 0.930 78.0 94.4 84.6 203.0
picture_000325 0.925 109.9 1.0 117.9 152.2
picture_000325 0.912 1.0 78.0 1.0 185.9
picture_000325 0.805 116.4 1.0 131.8 207.5
picture_000325 0.781 231.4 117.8 242.5 143.5
picture_000325 0.537 28.3 243.0 79.1 243.0
picture_000356 1.000 20.0 117.6 130.5 392.9
picture_000356 1.000 1.0 222.8 6.0 549.0
picture_000356 1.000 6.6 1.0 83.3 158.7
picture_000356 1.000 92.3 1.0 333.1 201.3
picture_000356 0.999 44.9 495.6 178.8 549.0
picture_000356 0.999 1.0 163.6 1.0 370.0
picture_000356 0.999 1.0 128.3 250.0 549.0
picture_000356 0.990 1.0 256.6 58.2 549.0
picture_000356 0.986 1.0 419.8 1.0 549.0
picture_000356 0.661 1.0 549.0 1.0 549.0
picture_000356 0.555 77.0 1.0 226.9 1.0
picture_000357 1.000 111.9 182.4 342.3 361.0
picture_000357 1.000 39.6 3.4 422.8 371.9
picture_000357 1.000 1.0 207.1 242.5 320.1
picture_000357 1.000 1.0 1.0 191.9 58.6
picture_000357 1.000 1.0 11.2 1.0 193.4
picture_000357 1.000 334.4 1.0 434.0 245.0
picture_000357 1.000 1.0 1.0 162.9 501.0
picture_000357 1.000 434.0 20.9 434.0 209.7
picture_000357 1.000 194.6 1.0 434.0 84.9
picture_000357 0.999 153.7 1.0 302.6 1.0
picture_000357 0.999 1.0 1.0 13.5 192.0
picture_000357 0.956 123.6 110.6 179.8 200.1
picture_000357 0.796 1.0 20.7 33.6 501.0
picture_000357 0.723 1.0 492.2 1.0 501.0
picture_000357 0.582 1.0 234.0 434.0 481.4
picture_000357 0.166 434.0 1.0 434.0 1.0
picture_000357 0.144 1.0 190.0 1.0 345.9
picture_000357 0.125 1.0 1.0 1.0 1.0
picture_000359 1.000 96.0 35.9 298.4 186.9
picture_000359 1.000 1.0 1.0 148.0 71.5
picture_000359 0.999 1.0 66.8 11.4 212.0
picture_000359 0.998 152.2 1.0 302.0 1.0
picture_000359 0.998 293.5 1.0 302.0 145.7
picture_000359 0.998 1.0 95.1 222.4 212.0
picture_000359 0.954 1.0 1.0 1.0 65.6
picture_000359 0.640 1.0 184.1 1.0 212.0
picture_000359 0.217 1.0 191.5 238.7 212.0
picture_000359 0.058 1.0 48.2 1.0 212.0
picture_000363 1.000 9.9 250.5 116.9 343.0
picture_000363 1.000 1.0 385.0 42.6 385.0
picture_000363 1.000 1.0 156.4 30.2 351.7
picture_000363 1.000 6.2 147.5 256.6 385.0
picture_000363 1.000 1.0 353.9 14.1 385.0
picture_000363 1.000 1.0 1.0 68.1 149.8
picture_000363 0.999 21.4 385.0 132.1 385.0
picture_000363 0.999 1.0 1.0 1.0 256.6
picture_000363 0.997 1.0 276.3 1.0 385.0
picture_000363 0.707 1.0 385.0 1.0 385.0
picture_000363 0.231 1.0 1.0 5.2 385.0
picture_000364 1.000 123.3 51.0 324.8 164.7
picture_000364 1.000 1.0 84.1 207.6 304.7
picture_000364 0.999 284.9 91.0 379.2 144.8
picture_000364 0.999 117.8 333.8 394.0 343.0
picture_000364 0.999 186.5 1.0 394.0 295.5
picture_000364 0.999 1.0 162.4 63.3 343.0
picture_000364 0.999 111.7 343.0 180.6 343.0
picture_000364 0.998 73.2 1.0 120.5 293.6
picture_000364 0.998 394.0 81.0 394.0 198.0
picture_000364 0.998 339.3 78.9 394.0 300.8
picture_000364 0.998 1.0 240.8 79.9 285.2
picture_000364 0.998 185.2 1.0 387.5 1.0
picture_000364 0.998 303.5 177.1 381.0 343.0
picture_000364 0.997 27.4 220.9 394.0 343.0
picture_000364 0.996 1.0 1.0 53.9 1.0
picture_000364 0.996 382.3 76.3 394.0 122.1
picture_000364 0.994 1.0 1.0 1.0 297.8
picture_000364 0.994 302.4 1.0 375.9 21.5
picture_000364 0.990 394.0 228.1 394.0 279.9
picture_000364 0.983 1.0 291.4 1.0 343.0
picture_000364 0.965 145.8 1.0 211.8 1.0
picture_000364 0.958 1.0 343.0 2.8 343.0
picture_000364 0.930 237.0 320.2 358.9 340.6
picture_000364 0.881 394.0 1.0 394.0 40.6
picture_000364 0.861 233.1 138.8 356.8 153.9
picture_000364 0.615 1.0 1.0 394.0 101.8
picture_000364 0.587 366.2 1.0 394.0 6.3
picture_000364 0.440 1.0 94.1 394.0 120.8
picture_000364 0.142 394.0 343.0 394.0 343.0
picture_000364 0.138 1.0 1.0 1.0 6.9
picture_000364 0.121 386.4 99.8 394.0 111.8
picture_000364 0.056 210.6 32.6 254.5 64.4
picture_000368 1.000 286.0 134.0 286.0 332.1
picture_000368 1.000 149.3 205.4 286.0 340.0
picture_000368 0.999 92.3 51.5 286.0 321.5
picture_000368 0.999 233.9 340.0 286.0 340.0
picture_000368 0.999 283.2 155.6 286.0 340.0
picture_000368 0.998 1.0 340.0 173.4 340.0
picture_000368 0.997 286.0 340.0 286.0 340.0
picture_000368 0.995 218.5 1.0 274.3 340.0
picture_000368 0.965 1.0 1.0 173.5 340.0
picture_000368 0.869 1.0 269.2 180.9 340.0
picture_000372 1.000 150.2 56.7 251.0 260.9
picture_000372 0.999 231.5 210.2 292.0 264.0
picture_000372 0.999 259.3 1.0 292.0 264.0
picture_000372 0.999 98.7 264.0 210.4 264.0
picture_000372 0.999 292.0 264.0 292.0 264.0
picture_000372 0.999 292.0 1.0 292.0 205.7
picture_000372 0.997 208.0 1.0 277.3 264.0
picture_000372 0.996 1.0 1.0 205.0 200.0
picture_000372 0.995 292.0 168.2 292.0 264.0
picture_000372 0.790 231.1 264.0 292.0 264.0
picture_000372 0.210 93.7 258.7 292.0 264.0
picture_000372 0.110 1.0 186.5 257.0 264.0
picture_000373 1.000 1.0 50.1 249.8 102.6
picture_000373 1.000 16.8 1.0 197.8 1.0
picture_000373 0.999 1.0 1.0 49.1 193.2
picture_000373 0.999 1.0 153.9 144.4 198.6
picture_000373 0.996 1.0 1.0 269.2 4.8
picture_000373 0.990 125.9 252.4 319.0 284.6
picture_000373 0.985 1.0 52.1 319.0 358.2
picture_000373 0.888 1.0 88.0 319.0 123.1
picture_000373 0.780 1.0 139.7 319.0 176.9
picture_000373 0.759 141.5 1.0 319.0 1.0
picture_000373 0.674 1.0 202.9 319.0 258.8
picture_000373 0.552 10.9 74.3 122.0 87.0
picture_000373 0.537 1.0 97.0 1.0 124.7
picture_000373 0.470 1.0 1.0 1.0 1.0
picture_000374 1.000 15.6 27.3 193.0 281.3
picture_000374 1.000 1.0 1.0 40.0 391.0
picture_000374 1.000 1.0 228.0 209.1 391.0
picture_000374 0.999 46.3 1.0 347.0 164.9
picture_000374 0.999 1.0 1.0 1.0 239.1
picture_000374 0.998 1.0 1.0 101.0 1.0
picture_000374 0.997 1.0 391.0 1.0 391.0
picture_000374 0.926 58.0 1.0 324.8 1.0
picture_000374 0.879 1.0 290.1 1.0 391.0
picture_000375 1.000 146.9 36.4 319.0 223.8
picture_000375 1.000 273.8 312.8 319.0 415.0
picture_000375 1.000 159.0 187.5 319.0 415.0
picture_000375 0.999 289.9 103.2 319.0 415.0
picture_000375 0.999 319.0 1.0 319.0 64.9
picture_000375 0.999 5.4 1.0 272.3 1.0
picture_000375 0.999 265.5 1.0 319.0 1.0
picture_000375 0.998 319.0 191.5 319.0 395.7
picture_000375 0.996 1.0 1.0 263.0 22.8
picture_000375 0.294 1.0 1.0 319.0 415.0
picture_000375 0.275 319.0 415.0 319.0 415.0
picture_000375 0.052 319.0 1.0 319.0 1.0
picture_000378 0.999 50.8 148.4 163.7 287.7
picture_000378 0.999 1.0 176.4 104.4 290.0
picture_000378 0.998 98.7 152.1 124.2 290.0
picture_000378 0.998 108.5 268.0 146.5 290.0
picture_000378 0.996 183.3 112.9 275.7 290.0
picture_000378 0.996 55.0 1.0 99.2 290.0
picture_000378 0.994 1.0 290.0 105.1 290.0
picture_000378 0.992 1.0 29.2 1.0 279.9
picture_000378 0.992 182.9 290.0 231.4 290.0
picture_000378 0.983 251.1 16.4 327.0 254.9
picture_000378 0.962 102.8 1.0 201.6 290.0
picture_000378 0.948 1.0 274.1 43.0 290.0
picture_000378 0.941 1.0 107.3 327.0 273.9
picture_000378 0.877 58.4 290.0 81.2 290.0
picture_000378 0.831 1.0 290.0 1.0 290.0
picture_000380 1.000 1.0 185.7 1.0 336.0
picture_000380 1.000 9.2 238.6 103.6 336.0
picture_000380 1.000 1.0 1.0 40.6 336.0
picture_000380 0.452 1.0 12.4 173.6 336.0
picture_000380 0.071 1.0 336.0 1.0 336.0
picture_000381 0.992 1.0 371.0 1.0 473.6
picture_000381 0.985 9.3 132.8 36.1 516.0
picture_000381 0.899 1.0 1.0 1.0 499.6
picture_000381 0.787 1.0 516.0 1.0 516.0
picture_000383 1.000 2.8 186.2 136.7 532.2
picture_000383 0.999 1.0 446.4 1.0 535.0
picture_000383 0.999 31.6 67.3 422.2 171.9
picture_000383 0.999 123.9 185.9 314.8 325.5
picture_000383 0.999 239.5 95.1 461.0 245.4
picture_000383 0.999 120.3 103.0 413.0 432.8
picture_000383 0.997 1.0 171.6 99.2 256.2
picture_000383 0.997 159.5 1.0 285.3 52.0
picture_000383 0.997 246.9 379.9 424.1 479.7
picture_000383 0.994 99.3 164.1 152.4 236.1
picture_000383 0.990 1.0 1.0 1.0 524.3
picture_000383 0.976 1.0 1.0 304.5 317.2
picture_000383 0.976 131.2 1.0 212.6 1.0
picture_000383 0.911 1.0 100.7 172.3 224.8
picture_000383 0.780 246.0 348.9 306.3 379.0
picture_000383 0.751 1.0 1.0 48.1 84.2
picture_000383 0.748 1.0 470.4 135.7 535.0
picture_000383 0.748 55.3 417.4 461.0 535.0
picture_000383 0.600 82.3 95.8 147.9 125.7
picture_000383 0.564 1.0 1.0 1.0 1.0
picture_000383 0.423 354.3 1.0 425.6 22.6
picture_000383 0.207 1.0 1.0 26.9 535.0
picture_000383 0.165 139.2 1.0 461.0 96.8
picture_000383 0.146 1.0 310.8 1.0 382.2
picture_000383 0.077 1.0 535.0 1.0 535.0
picture_000383 0.075 1.0 240.0 126.4 321.0
picture_000383 0.053 1.0 429.3 1.0 461.4
picture_000386 1.000 5.6 75.9 283.1 250.0
picture_000386 1.000 166.5 250.0 294.0 250.0
picture_000386 1.000 1.0 250.0 222.3 250.0
picture_000386 0.998 186.2 1.0 294.0 250.0
picture_000386 0.831 294.0 250.0 294.0 250.0
picture_000386 0.077 1.0 201.5 294.0 250.0
picture_000422 1.000 1.0 41.9 179.2 361.0
picture_000422 1.000 66.1 182.5 178.8 530.7
picture_000422 1.000 75.6 149.1 215.0 246.1
picture_000422 1.000 1.0 90.2 52.8 243.8
picture_000422 0.999 1.0 21.6 1.0 356.3
picture_000422 0.999 111.0 1.0 203.8 1.0
picture_000422 0.998 141.8 1.0 331.0 382.1
picture_000422 0.997 1.0 342.1 33.7 559.0
picture_000422 0.995 1.0 115.8 7.0 559.0
picture_000422 0.993 140.9 478.3 239.5 559.0
picture_000422 0.989 1.0 449.5 1.0 559.0
picture_000422 0.461 1.0 202.8 102.2 559.0
picture_000422 0.257 143.2 314.2 331.0 391.3
picture_000423 1.000 1.0 1.0 69.0 88.9
picture_000423 1.000 2.7 166.4 274.0 297.6
picture_000423 1.000 3.6 1.0 112.5 406.0
picture_000423 0.999 1.0 243.9 174.1 315.2
picture_000423 0.999 1.0 146.0 1.0 279.6
picture_000423 0.999 1.0 179.7 69.8 344.9
picture_000423 0.988 1.0 1.0 296.9 247.5
picture_000423 0.812 1.0 228.1 377.1 406.0
picture_000423 0.215 1.0 406.0 1.0 406.0
picture_000423 0.187 1.0 343.6 1.0 406.0
picture_000423 0.161 1.0 1.0 1.0 1.0
picture_000424 1.000 1.0 95.0 306.8 324.0
picture_000424 1.000 132.9 1.0 345.0 146.1
picture_000424 0.999 278.5 192.9 307.7 239.5
picture_000424 0.998 345.0 115.4 345.0 301.0
picture_000424 0.997 328.3 1.0 345.0 195.0
picture_000424 0.995 318.1 201.9 336.9 225.6
picture_000424 0.991 324.6 1.0 345.0 1.0
picture_000424 0.989 1.0 1.0 345.0 1.0
picture_000424 0.935 282.1 177.6 303.5 324.0
picture_000424 0.912 216.3 254.2 243.8 312.6
picture_000424 0.877 312.1 309.0 330.6 323.9
picture_000424 0.101 197.7 178.5 208.5 193.4
picture_000424 0.097 315.0 241.4 322.2 257.8
picture_000424 0.061 1.0 1.0 345.0 10.9
picture_000430 1.000 359.3 391.1 468.7 653.1
picture_000430 1.000 416.8 240.2 577.0 544.8
picture_000430 1.000 468.7 453.7 576.7 674.0
picture_000430 1.000 260.2 571.6 394.3 674.0
picture_000430 1.000 351.6 674.0 436.7 674.0
picture_000430 0.998 148.0 627.1 183.7 674.0
picture_000430 0.998 313.5 1.0 577.0 674.0
picture_000430 0.997 385.8 471.9 412.2 674.0
picture_000430 0.997 431.8 1.0 473.5 674.0
picture_000430 0.993 518.9 247.7 543.0 503.4
picture_000430 0.946 315.8 1.0 335.5 335.4
picture_000430 0.783 1.0 212.2 22.8 505.0
picture_000430 0.760 434.4 441.9 447.9 603.5
picture_000430 0.551 577.0 641.6 577.0 674.0
picture_000430 0.447 188.3 399.1 377.8 674.0
picture_000430 0.173 366.5 1.0 379.1 674.0
picture_000430 0.160 503.6 291.3 510.8 674.0
picture_000430 0.148 423.6 657.5 439.2 674.0
picture_000431 1.000 1.0 382.1 194.2 626.6
picture_000431 1.000 1.0 334.3 40.0 647.0
picture_000431 1.000 52.3 175.2 304.0 561.4
picture_000431 1.000 51.8 647.0 206.7 647.0
picture_000431 0.998 1.0 647.0 96.2 647.0
picture_000431 0.987 1.0 422.1 1.0 647.0
picture_000431 0.934 38.1 1.0 149.7 647.0
picture_000431 0.628 1.0 1.0 1.0 539.2
picture_000431 0.545 1.0 647.0 1.0 647.0
picture_000435 1.000 143.1 310.5 452.0 409.0
picture_000435 1.000 452.0 400.0 452.0 409.0
picture_000435 1.000 79.1 409.0 452.0 409.0
picture_000435 0.999 1.0 165.5 50.0 392.1
picture_000435 0.998 114.9 1.0 222.6 384.7
picture_000435 0.998 1.0 266.1 294.4 409.0
picture_000435 0.996 1.0 409.0 69.2 409.0
picture_000435 0.995 181.5 1.0 452.0 409.0
picture_000435 0.992 1.0 406.6 452.0 409.0
picture_000435 0.991 452.0 1.0 452.0 394.0
picture_000435 0.978 1.0 1.0 1.0 370.8
picture_000435 0.916 35.8 409.0 120.5 409.0
picture_000435 0.904 1.0 326.0 1.0 409.0
picture_000435 0.791 452.0 409.0 452.0 409.0
picture_000435 0.664 350.3 409.0 452.0 409.0
picture_000435 0.494 1.0 387.5 1.0 409.0
picture_000435 0.138 1.0 409.0 1.0 409.0
picture_000438 1.000 254.9 130.5 379.0 259.0
picture_000438 1.000 1.0 56.4 375.9 240.9
picture_000438 0.999 201.2 259.0 365.0 259.0
picture_000438 0.999 379.0 38.9 379.0 236.8
picture_000438 0.999 379.0 259.0 379.0 259.0
picture_000438 0.998 357.2 1.0 379.0 259.0
picture_000438 0.992 1.0 207.7 379.0 259.0
picture_000438 0.337 219.1 1.0 291.7 259.0
picture_000439 1.000 327.4 299.6 405.0 421.4
picture_000439 1.000 1.0 134.9 110.9 404.4
picture_000439 1.000 1.0 401.8 1.0 450.0
picture_000439 1.000 1.0 337.7 226.3 450.0
picture_000439 1.000 156.7 450.0 227.4 450.0
picture_000439 1.000 1.0 405.9 10.1 450.0
picture_000439 0.996 1.0 142.5 405.0 421.8
picture_000439 0.978 1.0 450.0 405.0 450.0
picture_000439 0.907 405.0 364.7 405.0 450.0
picture_000439 0.703 401.8 1.0 405.0 450.0
picture_000439 0.625 278.3 450.0 375.2 450.0
picture_000439 0.253 1.0 450.0 1.0 450.0
picture_000439 0.108 1.0 242.3 1.0 397.3
picture_000440 1.000 1.0 373.1 312.0 486.0
picture_000440 1.000 1.0 486.0 102.7 486.0
picture_000440 1.000 1.0 99.9 194.2 459.8
picture_000440 0.999 1.0 304.7 1.0 469.8
picture_000440 0.999 1.0 454.2 1.0 486.0
picture_000440 0.999 1.0 411.9 82.9 486.0
picture_000440 0.995 1.0 486.0 1.0 486.0
picture_000462 1.000 301.4 43.2 386.0 275.9
picture_000462 1.000 109.5 293.7 347.3 320.0
picture_000462 1.000 145.3 1.0 386.0 320.0
picture_000462 1.000 130.8 1.0 365.0 1.0
picture_000462 1.000 386.0 8.4 386.0 89.1
picture_000462 1.000 1.0 142.1 386.0 245.5
picture_000462 0.996 386.0 239.4 386.0 298.6
picture_000462 0.430 1.0 245.5 386.0 320.0
picture_000462 0.125 386.0 161.5 386.0 194.6
picture_000462 0.054 233.4 320.0 361.8 320.0
picture_000463 1.000 157.2 1.0 385.0 124.3
picture_000463 1.000 1.0 1.0 137.1 121.0
picture_000463 0.999 1.0 129.0 385.0 167.0
picture_000463 0.999 126.8 126.4 385.0 259.0
picture_000463 0.999 1.0 16.3 345.3 38.7
picture_000463 0.998 145.2 1.0 385.0 6.4
picture_000463 0.997 1.0 1.0 385.0 16.9
picture_000463 0.996 286.7 205.6 385.0 259.0
picture_000463 0.996 385.0 96.6 385.0 133.1
picture_000463 0.922 1.0 87.5 385.0 130.4
picture_000463 0.195 1.0 1.0 1.0 1.0
picture_000463 0.153 1.0 1.0 1.0 122.4
picture_000463 0.092 1.0 1.0 385.0 1.0
picture_000464 1.000 1.0 119.2 315.8 297.3
picture_000464 1.000 275.5 1.0 420.0 131.4
picture_000464 1.000 122.8 327.0 291.2 404.0
picture_000464 1.000 97.2 1.0 382.4 404.0
picture_000464 0.998 1.0 1.0 323.7 1.0
picture_000464 0.998 1.0 1.0 139.8 404.0
picture_000464 0.998 211.0 1.0 420.0 1.0
picture_000464 0.996 420.0 402.8 420.0 404.0
picture_000464 0.987 1.0 404.0 158.6 404.0
picture_000464 0.970 420.0 1.0 420.0 1.0
picture_000464 0.557 1.0 259.3 143.3 357.4
picture_000464 0.106 420.0 41.8 420.0 114.9
picture_000465 1.000 1.0 379.8 83.8 644.9
picture_000465 1.000 10.1 653.0 141.4 653.0
picture_000465 1.000 1.0 277.3 355.1 555.8
picture_000465 1.000 1.6 88.3 132.9 653.0
picture_000465 1.000 1.0 279.2 1.0 443.6
picture_000465 0.998 1.0 1.0 1.0 650.1
picture_000465 0.913 1.0 1.0 29.5 244.1
picture_000465 0.879 1.0 621.9 1.0 653.0
picture_000466 1.000 368.2 435.1 418.0 657.5
picture_000466 1.000 70.7 169.0 288.2 321.6
picture_000466 1.000 1.0 257.6 369.4 407.3
picture_000466 1.000 124.3 116.8 191.2 435.9
picture_000466 0.999 1.0 162.9 1.0 374.2
picture_000466 0.999 1.0 1.0 189.7 343.7
picture_000466 0.999 44.6 214.0 183.3 665.0
picture_000466 0.998 85.6 300.9 418.0 594.3
picture_000466 0.998 362.5 553.3 418.0 618.4
picture_000466 0.998 29.1 1.0 141.2 1.0
picture_000466 0.998 312.0 1.0 412.7 539.5
picture_000466 0.997 418.0 1.0 418.0 42.9
picture_000466 0.997 304.9 665.0 418.0 665.0
picture_000466 0.997 28.4 180.6 84.8 251.4
picture_000466 0.996 286.0 417.6 353.8 653.6
picture_000466 0.988 418.0 171.3 418.0 665.0
picture_000466 0.977 274.6 457.5 333.7 518.0
picture_000466 0.975 1.0 31.6 1.0 184.7
picture_000466 0.778 418.0 665.0 418.0 665.0
picture_000466 0.504 418.0 548.8 418.0 665.0
picture_000466 0.281 315.6 341.4 409.1 491.3
picture_000466 0.260 180.2 1.0 324.9 1.0
picture_000474 0.999 1.0 242.9 142.6 392.4
picture_000474 0.997 45.9 371.9 205.5 393.0
picture_000474 0.997 2.0 393.0 354.5 393.0
picture_000474 0.997 1.0 17.5 283.6 355.7
picture_000474 0.996 1.0 392.1 1.0 393.0
picture_000474 0.994 151.4 192.5 357.0 382.2
picture_000474 0.994 1.0 109.2 1.0 345.7
picture_000474 0.989 1.0 393.0 69.9 393.0
picture_000475 1.000 27.3 166.2 180.7 293.0
picture_000475 1.000 1.0 78.8 59.4 286.2
picture_000475 1.000 1.0 206.5 1.0 293.0
picture_000475 1.000 1.0 239.7 48.2 293.0
picture_000475 0.998 43.4 1.0 187.5 255.0
picture_000475 0.997 1.0 1.0 1.0 270.1
picture_000475 0.996 1.0 293.0 1.0 293.0
picture_000475 0.970 24.0 293.0 128.8 293.0
picture_000477 1.000 1.0 69.7 110.2 265.7
picture_000477 1.000 30.5 223.4 265.6 285.0
picture_000477 1.000 1.0 223.5 1.0 285.0
picture_000477 1.000 1.0 1.0 207.4 198.9
picture_000477 1.000 1.0 285.0 104.0 285.0
picture_000477 0.998 14.1 82.3 302.0 285.0
picture_000477 0.997 1.0 155.0 22.9 285.0
picture_000477 0.997 1.0 1.0 1.0 285.0
picture_000477 0.983 1.0 268.2 1.0 285.0
picture_000477 0.896 1.0 285.0 1.0 285.0
picture_000479 1.000 1.0 264.4 121.2 375.0
picture_000479 1.000 15.3 177.5 148.9 318.7
picture_000479 1.000 9.0 168.8 414.0 287.6
picture_000479 1.000 11.1 341.1 142.7 375.0
picture_000479 1.000 1.0 273.9 1.0 375.0
picture_000479 1.000 1.0 1.0 1.0 375.0
picture_000479 0.993 1.0 1.0 320.8 375.0
picture_000479 0.987 1.0 375.0 1.0 375.0
picture_000479 0.978 33.2 375.0 197.0 375.0
picture_000480 1.000 151.4 17.4 186.0 120.0
picture_000480 1.000 141.5 93.3 186.0 120.0
picture_000480 1.000 186.0 67.4 186.0 120.0
picture_000480 1.000 100.4 120.0 165.6 120.0
picture_000480 1.000 186.0 1.0 186.0 93.1
picture_000480 0.999 73.3 1.0 161.5 120.0
picture_000480 0.999 152.8 120.0 186.0 120.0
picture_000480 0.986 186.0 120.0 186.0 120.0
picture_000480 0.665 48.5 89.4 150.8 120.0
picture_000484 1.000 74.9 253.0 297.2 375.0
picture_000484 1.000 127.6 257.9 195.3 375.0
picture_000484 1.000 1.0 317.6 185.5 375.0
picture_000484 1.000 1.0 165.0 158.5 351.5
picture_000484 0.999 327.0 242.3 327.0 355.4
picture_000484 0.999 297.4 1.0 327.0 355.7
picture_000484 0.999 1.0 375.0 327.0 375.0
picture_000484 0.986 1.0 374.6 1.0 375.0
picture_000484 0.981 228.7 375.0 259.0 375.0
picture_000484 0.915 1.0 93.9 1.0 319.0
picture_000484 0.866 1.0 375.0 23.9 375.0
picture_000484 0.770 1.0 1.0 327.0 375.0
picture_000484 0.267 1.0 161.2 31.8 375.0
picture_000484 0.059 58.0 375.0 72.6 375.0
picture_000484 0.051 1.0 127.0 7.6 375.0
picture_000485 1.000 105.5 302.2 235.9 413.4
picture_000485 1.000 104.7 401.6 234.8 425.0
picture_000485 1.000 159.5 414.7 253.0 425.0
picture_000485 0.999 253.0 275.1 253.0 408.9
picture_000485 0.999 59.6 425.0 216.7 425.0
picture_000485 0.994 1.0 379.0 253.0 425.0
picture_000485 0.979 253.0 425.0 253.0 425.0
picture_000485 0.956 241.5 34.6 253.0 425.0
picture_000485 0.941 192.1 425.0 253.0 425.0
picture_000485 0.728 1.0 1.0 201.4 425.0
picture_000486 0.999 28.3 82.0 224.0 219.0
picture_000486 0.999 1.0 27.0 25.9 219.0
picture_000486 0.997 1.0 206.8 87.2 219.0
picture_000486 0.967 1.0 1.0 1.0 219.0
picture_000486 0.920 1.0 1.0 224.0 131.8
picture_000486 0.066 1.0 207.4 1.0 219.0
picture_000487 1.000 30.9 46.5 199.3 133.0
picture_000487 1.000 1.0 120.3 17.6 133.0
picture_000487 1.000 1.0 1.0 1.0 99.2
picture_000487 1.000 1.0 81.3 112.8 133.0
picture_000487 0.999 1.0 133.0 253.7 133.0
picture_000487 0.999 1.0 125.0 284.0 133.0
picture_000487 0.998 1.0 1.0 284.0 99.7
picture_000487 0.996 1.0 133.0 51.5 133.0
picture_000487 0.994 1.0 117.7 1.0 133.0
picture_000487 0.821 1.0 133.0 1.0 133.0
picture_000487 0.187 1.0 1.0 54.9 133.0
picture_000488 1.000 109.6 136.8 298.0 221.0
picture_000488 1.000 1.0 221.0 233.6 221.0
picture_000488 1.000 1.0 70.0 174.5 216.9
picture_000488 0.999 33.2 1.0 298.0 193.9
picture_000488 0.998 298.0 164.0 298.0 221.0
picture_000488 0.992 1.0 206.8 298.0 221.0
picture_000489 1.000 350.3 1.0 490.0 115.4
picture_000489 1.000 239.3 29.5 490.0 71.4
picture_000489 1.000 396.5 131.4 490.0 177.3
picture_000489 1.000 228.0 181.3 460.3 246.0
picture_000489 0.999 178.2 1.0 451.9 1.0
picture_000489 0.999 36.5 1.0 490.0 246.0
picture_000489 0.999 402.9 175.6 490.0 191.8
picture_000489 0.998 1.0 62.2 490.0 113.2
picture_000489 0.998 455.9 58.1 490.0 113.0
picture_000489 0.994 52.1 74.3 448.1 91.1
picture_000489 0.973 490.0 34.2 490.0 52.3
picture_000489 0.945 490.0 199.7 490.0 232.2
picture_000489 0.413 1.0 210.8 490.0 223.6
picture_000532 0.076 52.0 17.9 233.1 218.0
picture_000579 1.000 308.4 382.6 383.0 531.7
picture_000579 1.000 164.1 469.8 367.6 622.5
picture_000579 1.000 26.5 295.4 219.6 491.4
picture_000579 0.999 1.0 368.2 21.4 630.0
picture_000579 0.999 147.1 434.9 333.9 492.3
picture_000579 0.999 1.0 223.1 383.0 412.7
picture_000579 0.999 260.7 289.9 383.0 340.5
picture_000579 0.999 383.0 552.8 383.0 630.0
picture_000579 0.999 383.0 351.0 383.0 404.8
picture_000579 0.998 1.0 206.8 1.0 343.5
picture_000579 0.998 1.0 119.6 258.4 180.6
picture_000579 0.997 1.0 108.9 88.9 565.8
picture_000579 0.997 344.5 491.3 383.0 521.2
picture_000579 0.995 265.0 147.1 372.6 346.7
picture_000579 0.995 185.5 260.9 383.0 323.0
picture_000579 0.995 1.0 34.4 70.9 163.9
picture_000579 0.995 267.0 630.0 367.2 630.0
picture_000579 0.990 266.2 156.9 370.0 193.8
picture_000579 0.982 1.0 487.8 1.0 550.5
picture_000579 0.978 1.0 311.3 47.2 356.6
picture_000579 0.972 58.5 312.9 383.0 346.1
picture_000579 0.960 1.0 630.0 27.0 630.0
picture_000579 0.944 383.0 450.8 383.0 477.4
picture_000579 0.905 1.0 169.9 1.0 245.1
picture_000579 0.886 317.6 254.5 383.0 267.8
picture_000579 0.806 1.0 274.0 1.0 630.0
picture_000579 0.800 15.8 579.7 383.0 609.9
picture_000579 0.522 383.0 256.8 383.0 278.9
picture_000579 0.398 1.0 40.6 238.0 630.0
picture_000579 0.367 234.7 537.4 349.1 549.1
picture_000579 0.328 1.0 528.6 383.0 555.3
picture_000579 0.314 1.0 414.9 1.0 472.8
picture_000579 0.213 207.7 1.0 383.0 1.0
picture_000579 0.097 359.2 153.4 383.0 239.0
picture_000579 0.051 1.0 50.5 1.0 107.1
picture_000580 1.000 1.0 95.8 247.7 197.2
picture_000580 1.000 206.0 182.1 389.0 233.3
picture_000580 0.999 98.7 120.9 389.0 236.2
picture_000580 0.999 1.0 222.0 333.8 246.7
picture_000580 0.999 23.0 291.0 245.5 291.0
picture_000580 0.998 1.0 115.7 29.0 291.0
picture_000580 0.993 1.0 222.2 82.1 243.5
picture_000580 0.985 113.9 131.7 265.5 143.9
picture_000580 0.962 259.8 291.0 389.0 291.0
picture_000580 0.912 1.0 1.0 47.3 1.0
picture_000580 0.879 141.5 1.0 389.0 1.0
picture_000580 0.843 1.0 48.8 389.0 105.9
picture_000580 0.523 1.0 136.8 1.0 150.7
picture_000580 0.418 389.0 127.2 389.0 147.6
picture_000580 0.324 364.1 158.0 389.0 172.7
picture_000580 0.054 325.0 1.0 389.0 1.0
picture_000581 1.000 92.1 126.1 227.0 256.3
picture_000581 1.000 1.0 188.3 11.9 277.5
picture_000581 0.999 1.0 301.0 241.9 434.0
picture_000581 0.999 1.0 94.4 350.3 185.3
picture_000581 0.999 145.5 14.4 381.0 104.8
picture_000581 0.999 229.1 146.2 277.2 217.3
picture_000581 0.998 38.7 27.9 108.6 107.4
picture_000581 0.997 1.0 1.0 257.1 430.1
picture_000581 0.965 205.3 18.6 275.1 46.8
picture_000581 0.905 1.0 197.5 1.0 242.8
picture_000581 0.807 1.0 411.8 258.2 434.0
picture_000581 0.724 119.6 374.2 180.7 403.0
picture_000581 0.579 1.0 377.4 1.0 409.9
picture_000581 0.425 57.2 163.5 119.4 193.6
picture_000581 0.121 232.2 237.0 257.8 277.2
picture_000581 0.057 1.0 74.0 1.0 111.3
picture_000582 1.000 110.5 173.0 293.8 329.0
picture_000582 1.000 232.9 387.6 364.5 513.4
picture_000582 1.000 137.9 407.5 254.1 491.3
picture_000582 0.999 1.0 106.7 369.7 488.8
picture_000582 0.999 1.0 123.7 1.0 398.8
picture_000582 0.999 1.0 34.2 157.5 139.9
picture_000582 0.999 134.4 515.0 294.3 515.0
picture_000582 0.999 116.5 476.2 147.1 515.0
picture_000582 0.999 147.8 250.8 434.0 440.4
picture_000582 0.999 296.5 465.6 330.0 515.0
picture_000582 0.998 1.0 7.8 162.2 384.9
picture_000582 0.997 138.0 479.8 302.7 515.0
picture_000582 0.996 71.9 283.8 115.3 500.9
picture_000582 0.994 7.4 460.7 434.0 515.0
picture_000582 0.988 255.0 201.0 295.3 497.2
picture_000582 0.986 98.9 1.0 234.8 1.0
picture_000582 0.918 229.6 125.6 302.2 156.5
picture_000582 0.908 1.0 100.9 58.6 515.0
picture_000582 0.767 58.6 474.9 71.1 515.0
picture_000582 0.287 434.0 266.0 434.0 468.3
picture_000582 0.237 44.3 515.0 99.6 515.0
picture_000582 0.231 348.3 474.9 386.9 513.4
picture_000582 0.189 139.7 317.3 149.9 468.9
picture_000582 0.168 1.0 504.3 1.0 515.0
picture_000582 0.141 1.0 406.3 42.8 515.0
picture_000582 0.073 380.5 515.0 403.0 515.0
picture_000582 0.069 10.0 385.9 44.1 416.0
picture_000582 0.057 1.0 171.4 1.0 210.9
picture_000583 1.000 215.1 530.5 347.1 648.0
picture_000583 1.000 209.6 600.5 268.2 648.0
picture_000583 1.000 80.6 542.5 178.8 648.0
picture_000583 1.000 23.9 337.9 122.5 462.8
picture_000583 1.000 116.7 293.6 365.0 648.0
picture_000583 0.999 1.0 488.1 220.1 574.5
picture_000583 0.999 1.0 403.7 122.6 439.8
picture_000583 0.999 1.0 314.3 326.3 401.0
picture_000583 0.999 1.0 420.0 1.0 555.0
picture_000583 0.999 1.0 237.8 85.0 539.9
picture_000583 0.999 1.0 392.7 365.0 472.6
picture_000583 0.998 173.2 93.7 219.9 648.0
picture_000583 0.997 1.0 422.4 26.8 648.0
picture_000583 0.996 1.0 145.5 44.3 377.4
picture_000583 0.995 185.2 480.1 200.8 648.0
picture_000583 0.994 1.0 533.4 2.1 648.0
picture_000583 0.952 261.3 648.0 304.8 648.0
picture_000583 0.915 57.0 110.4 78.8 648.0
picture_000583 0.746 1.0 453.4 1.0 491.6
picture_000583 0.584 1.0 205.2 1.0 255.5
picture_000583 0.493 1.0 648.0 51.9 648.0
picture_000583 0.414 1.0 288.0 15.3 302.3
picture_000583 0.330 365.0 587.8 365.0 648.0
picture_000583 0.222 38.6 648.0 59.7 648.0
picture_000583 0.188 121.6 251.3 283.5 261.8
picture_000583 0.118 25.9 648.0 112.1 648.0
picture_000588 1.000 307.9 14.4 411.0 195.9
picture_000588 1.000 63.0 1.0 275.7 292.0
picture_000588 1.000 12.0 144.6 113.4 241.3
picture_000588 0.999 1.0 1.0 88.2 113.2
picture_000588 0.999 239.9 207.0 411.0 292.0
picture_000588 0.999 1.0 292.0 193.2 292.0
picture_000588 0.998 1.0 116.0 1.0 257.8
picture_000588 0.998 1.0 1.0 411.0 1.0
picture_000588 0.995 1.0 1.0 28.6 1.0
picture_000588 0.992 1.0 1.0 142.9 292.0
picture_000588 0.896 1.0 1.0 1.0 122.1
picture_000588 0.870 1.0 1.0 1.0 1.0
picture_000588 0.769 411.0 136.3 411.0 292.0
picture_000588 0.712 1.0 27.7 39.8 77.6
picture_000588 0.116 392.3 1.0 411.0 3.0
picture_000589 0.999 379.0 220.5 427.0 355.1
picture_000589 0.999 317.5 373.2 427.0 428.0
picture_000589 0.999 303.9 59.0 404.2 428.0
picture_000589 0.996 375.9 428.0 427.0 428.0
picture_000589 0.991 210.8 334.9 231.1 421.9
picture_000589 0.991 352.0 423.3 411.7 428.0
picture_000589 0.990 411.3 50.6 427.0 428.0
picture_000589 0.981 156.3 112.0 192.5 428.0
picture_000589 0.941 427.0 148.2 427.0 428.0
picture_000589 0.883 233.6 428.0 269.0 428.0
picture_000589 0.869 342.3 235.3 355.3 428.0
picture_000589 0.861 248.9 150.0 297.2 428.0
picture_000589 0.812 393.7 56.4 406.2 428.0
picture_000589 0.778 300.0 1.0 321.7 428.0
picture_000589 0.752 171.3 1.0 223.4 428.0
picture_000589 0.723 251.8 341.9 278.3 428.0
picture_000589 0.578 427.0 428.0 427.0 428.0
picture_000589 0.374 398.9 1.0 414.1 299.4
picture_000589 0.357 373.5 1.0 389.9 428.0
picture_000589 0.289 225.3 1.0 252.1 428.0
picture_000591 1.000 105.5 65.9 248.7 285.5
picture_000591 1.000 352.1 58.9 358.0 276.6
picture_000591 1.000 1.0 1.0 358.0 298.0
picture_000591 1.000 185.2 298.0 326.7 298.0
picture_000591 1.000 249.3 1.0 340.7 298.0
picture_000591 1.000 160.4 219.4 206.0 298.0
picture_000591 1.000 1.0 1.0 107.9 238.0
picture_000591 1.000 1.0 225.2 230.8 298.0
picture_000591 0.999 230.6 196.8 303.8 298.0
picture_000591 0.999 1.0 166.2 27.3 298.0
picture_000591 0.999 1.0 1.7 1.0 262.0
picture_000591 0.994 50.3 298.0 97.1 298.0
picture_000591 0.993 260.1 1.0 286.5 230.7
picture_000591 0.841 358.0 1.0 358.0 298.0
picture_000591 0.742 79.9 1.0 161.4 298.0
picture_000591 0.485 200.7 1.0 278.8 298.0
picture_000591 0.473 1.0 298.0 5.0 298.0
picture_000591 0.144 251.8 298.0 287.1 298.0
picture_000591 0.064 1.0 190.6 1.0 298.0
picture_000593 1.000 100.8 180.7 215.3 306.0
picture_000593 1.000 170.4 56.6 224.9 306.0
picture_000593 1.000 1.0 1.0 38.3 264.7
picture_000593 1.000 1.0 87.5 1.0 300.1
picture_000593 0.999 217.8 1.0 256.3 289.2
picture_000593 0.998 7.2 175.5 156.9 306.0
picture_000593 0.998 80.0 306.0 108.5 306.0
picture_000593 0.996 383.0 1.0 383.0 273.4
picture_000593 0.996 72.5 195.3 107.7 306.0
picture_000593 0.945 14.9 1.0 250.1 306.0
picture_000593 0.937 262.0 306.0 287.6 306.0
picture_000593 0.906 1.0 1.0 11.1 306.0
picture_000593 0.840 308.3 306.0 325.2 306.0
picture_000593 0.700 101.4 1.0 128.3 306.0
picture_000593 0.055 121.5 96.4 133.3 306.0
picture_000594 1.000 179.5 196.4 413.0 392.4
picture_000594 1.000 413.0 152.1 413.0 399.0
picture_000594 1.000 134.0 399.0 361.2 399.0
picture_000594 1.000 16.1 1.0 346.9 365.5
picture_000594 1.000 253.4 1.0 413.0 334.5
picture_000594 1.000 1.0 310.1 308.0 399.0
picture_000598 1.000 1.0 426.7 82.6 590.0
picture_000598 1.000 26.5 548.2 113.1 590.0
picture_000598 1.000 32.2 299.1 120.4 590.0
picture_000598 1.000 152.9 214.3 319.2 318.4
picture_000598 1.000 1.0 590.0 76.3 590.0
picture_000598 1.000 43.3 247.6 212.4 487.3
picture_000598 1.000 130.9 495.3 173.9 590.0
picture_000598 0.999 1.0 333.0 1.0 547.2
picture_000598 0.999 1.0 234.9 436.0 378.5
picture_000598 0.999 51.6 386.8 75.5 590.0
picture_000598 0.999 16.3 404.9 349.3 511.1
picture_000598 0.998 417.8 370.8 436.0 428.7
picture_000598 0.997 1.0 1.0 43.6 590.0
picture_000598 0.997 1.0 1.0 168.7 590.0
picture_000598 0.898 1.0 243.2 1.0 284.6
picture_000598 0.746 1.0 590.0 1.0 590.0
picture_000598 0.548 102.0 1.0 187.3 1.0
picture_000598 0.290 95.1 1.0 132.0 590.0
picture_000598 0.219 1.0 307.1 1.0 325.8
picture_000598 0.166 53.0 590.0 82.5 590.0
picture_000598 0.100 193.0 590.0 247.1 590.0
picture_000599 1.000 56.4 46.4 335.3 343.4
picture_000599 1.000 236.4 187.8 341.5 427.8
picture_000599 1.000 1.0 247.7 213.3 444.0
picture_000599 1.000 1.0 118.7 1.0 399.0
picture_000599 1.000 163.7 1.0 352.0 95.1
picture_000599 1.000 23.6 349.3 117.7 444.0
picture_000599 0.999 1.0 1.0 1.0 109.5
picture_000599 0.996 1.0 1.0 55.8 94.2
picture_000599 0.980 1.0 444.0 26.5 444.0
picture_000599 0.975 1.0 248.5 11.0 374.4
picture_000599 0.877 1.0 1.0 163.6 1.0
picture_000599 0.493 1.0 24.4 52.4 444.0
picture_000600 1.000 91.4 308.4 397.7 369.0
picture_000600 1.000 44.0 9.1 270.5 198.1
picture_000600 1.000 265.6 369.0 390.9 369.0
picture_000600 1.000 147.9 185.4 207.1 343.9
picture_000600 1.000 65.1 369.0 297.8 369.0
picture_000600 1.000 119.8 152.2 410.0 322.5
picture_000600 1.000 1.0 255.4 54.3 325.3
picture_000600 1.000 179.6 232.4 296.2 314.5
picture_000600 1.000 318.1 180.1 353.3 352.0
picture_000600 0.999 168.1 348.2 303.2 369.0
picture_000600 0.999 134.7 1.0 346.8 15.8
picture_000600 0.998 239.7 350.2 410.0 369.0
picture_000600 0.997 1.0 1.0 164.4 1.0
picture_000600 0.997 410.0 369.0 410.0 369.0
picture_000600 0.990 1.0 1.0 31.0 206.8
picture_000600 0.987 337.9 365.6 410.0 369.0
picture_000600 0.979 26.5 369.0 68.0 369.0
picture_000600 0.972 1.0 35.8 1.0 104.9
picture_000600 0.959 239.8 360.9 257.7 369.0
picture_000600 0.954 1.0 1.0 1.0 1.0
picture_000600 0.908 51.2 83.4 141.2 369.0
picture_000600 0.905 25.0 1.0 62.3 369.0
picture_000600 0.550 285.9 12.5 297.3 338.3
picture_000600 0.504 359.9 1.0 410.0 369.0
picture_000600 0.503 172.6 1.0 240.0 1.0
picture_000600 0.140 180.1 1.0 410.0 1.0
picture_000601 1.000 211.5 297.1 432.4 501.9
picture_000601 1.000 216.5 434.8 437.0 605.0
picture_000601 1.000 312.1 560.3 437.0 605.0
picture_000601 1.000 383.7 300.5 437.0 496.2
picture_000601 1.000 336.8 1.0 437.0 605.0
picture_000601 0.999 195.6 1.0 422.0 108.6
picture_000601 0.999 39.3 605.0 402.2 605.0
picture_000601 0.998 45.0 1.0 389.6 499.1
picture_000601 0.998 437.0 130.1 437.0 341.9
picture_000601 0.997 437.0 317.3 437.0 568.3
picture_000601 0.946 437.0 12.7 437.0 195.8
picture_000601 0.445 416.6 1.0 437.0 33.6
picture_000604 1.000 166.4 417.1 383.0 636.9
picture_000604 1.000 166.2 650.0 312.1 693.0
picture_000604 1.000 1.0 507.3 77.9 631.7
picture_000604 0.999 220.8 88.4 369.4 384.1
picture_000604 0.999 333.2 313.0 383.0 567.7
picture_000604 0.999 1.0 53.9 383.0 577.2
picture_000604 0.999 1.0 177.6 72.4 575.7
picture_000604 0.998 222.1 383.2 334.6 480.6
picture_000604 0.997 383.0 320.0 383.0 462.4
picture_000604 0.994 383.0 151.4 383.0 693.0
picture_000604 0.993 1.0 376.2 383.0 498.8
picture_000604 0.980 323.9 693.0 383.0 693.0
picture_000604 0.976 224.9 1.0 383.0 148.4
picture_000604 0.938 1.0 45.1 85.6 189.1
picture_000604 0.750 1.0 620.8 383.0 693.0
picture_000604 0.284 1.0 693.0 37.9 693.0
picture_000604 0.051 55.9 1.0 184.8 118.2
picture_000605 1.000 139.6 641.5 407.0 653.0
picture_000605 1.000 1.0 579.7 378.8 653.0
picture_000605 1.000 245.6 262.7 407.0 625.6
picture_000605 1.000 12.8 461.5 407.0 631.8
picture_000605 0.998 407.0 415.5 407.0 604.0
picture_000605 0.998 407.0 653.0 407.0 653.0
picture_000605 0.998 407.0 586.5 407.0 653.0
picture_000605 0.993 1.0 653.0 362.5 653.0
picture_000605 0.991 365.1 653.0 407.0 653.0
picture_000606 1.000 177.1 124.1 345.0 318.7
picture_000606 1.000 1.0 231.3 200.2 322.0
picture_000606 1.000 57.6 1.0 287.2 281.7
picture_000606 1.000 252.4 312.0 326.8 322.0
picture_000606 1.000 345.0 1.0 345.0 282.6
picture_000606 1.000 193.1 263.1 302.0 322.0
picture_000606 1.000 339.4 322.0 345.0 322.0
picture_000606 1.000 1.0 322.0 345.0 322.0
picture_000606 0.999 345.0 281.0 345.0 322.0
picture_000606 0.997 203.8 322.0 305.1 322.0
picture_000606 0.997 306.6 1.0 345.0 322.0
picture_000606 0.057 345.0 322.0 345.0 322.0
picture_000607 0.063 1.0 274.0 66.0 274.0
picture_000618 1.000 162.9 193.6 289.0 398.6
picture_000618 0.999 289.0 315.5 289.0 448.0
picture_000618 0.999 206.4 1.0 289.0 191.6
picture_000618 0.998 1.0 306.3 260.8 448.0
picture_000618 0.998 289.0 140.4 289.0 304.1
picture_000618 0.998 112.8 440.5 289.0 448.0
picture_000618 0.994 1.0 448.0 265.9 448.0
picture_000618 0.986 1.0 1.0 279.8 223.9
picture_000618 0.962 37.2 1.0 254.6 59.9
picture_000618 0.943 289.0 448.0 289.0 448.0
picture_000619 1.000 1.0 221.4 53.0 327.8
picture_000619 1.000 1.0 217.7 1.0 370.0
picture_000619 1.000 1.0 163.5 106.0 370.0
picture_000619 1.000 1.0 370.0 49.9 370.0
picture_000619 0.903 1.0 1.0 307.7 305.8
picture_000619 0.886 1.0 1.0 1.0 263.6
picture_000619 0.230 1.0 370.0 12.4 370.0
picture_000630 1.000 207.4 159.4 344.0 347.2
picture_000630 1.000 135.9 43.1 204.6 229.0
picture_000630 1.000 82.8 327.5 258.2 425.9
picture_000630 1.000 208.5 167.3 338.5 208.9
picture_000630 1.000 225.9 254.3 433.9 581.8
picture_000630 0.999 134.4 267.4 178.1 353.3
picture_000630 0.999 262.6 249.9 302.5 466.3
picture_000630 0.999 58.3 148.4 159.7 588.6
picture_000630 0.999 293.3 391.6 397.1 428.2
picture_000630 0.998 1.0 141.7 1.0 337.5
picture_000630 0.808 1.0 1.0 485.8 469.0
picture_000631 0.999 418.7 195.3 501.0 351.1
picture_000631 0.999 336.1 366.5 485.1 487.2
picture_000631 0.999 420.4 453.8 501.0 539.0
picture_000631 0.999 501.0 295.0 501.0 450.5
picture_000631 0.999 317.6 291.4 492.6 333.9
picture_000631 0.999 489.2 20.6 501.0 539.0
picture_000631 0.998 330.2 1.0 498.2 483.9
picture_000631 0.986 1.0 312.8 501.0 427.8
picture_000631 0.963 417.4 539.0 501.0 539.0
picture_000631 0.962 192.9 1.0 501.0 124.7
picture_000631 0.312 501.0 539.0 501.0 539.0
picture_000632 1.000 122.4 624.4 201.0 694.0
picture_000632 1.000 59.5 550.6 291.2 687.3
picture_000632 1.000 1.0 571.7 1.0 684.6
picture_000632 0.998 23.3 694.0 440.8 694.0
picture_000632 0.998 1.0 273.6 384.8 647.1
picture_000632 0.997 1.0 513.1 12.8 694.0
picture_000632 0.996 113.9 694.0 181.1 694.0
picture_000632 0.996 1.0 694.0 1.0 694.0
picture_000632 0.966 472.0 267.7 472.0 639.5
picture_000632 0.757 195.4 694.0 232.4 694.0
picture_000632 0.426 37.9 653.0 53.1 694.0
picture_000632 0.367 1.0 1.0 1.0 694.0
picture_000632 0.204 161.8 1.0 257.4 694.0
picture_000632 0.095 92.5 276.7 108.0 607.3
picture_000639 0.999 232.7 14.0 314.5 184.8
picture_000639 0.999 151.1 27.8 245.5 329.1
picture_000639 0.998 270.1 105.6 348.6 330.0
picture_000639 0.997 228.1 25.4 256.7 269.2
picture_000639 0.867 124.6 1.0 416.4 330.0
picture_000639 0.837 378.0 262.9 402.4 324.4
picture_000639 0.820 65.3 54.6 82.4 330.0
picture_000639 0.815 221.7 1.0 254.4 87.3
picture_000639 0.497 136.8 1.0 166.3 68.2
picture_000639 0.490 65.0 31.9 153.5 330.0
picture_000639 0.107 39.3 230.0 50.5 301.7
picture_000640 0.999 1.0 163.8 182.4 250.5
picture_000640 0.996 1.0 92.3 24.0 202.3
picture_000640 0.989 1.0 272.2 1.0 358.1
picture_000640 0.988 22.6 137.4 511.0 182.0
picture_000640 0.959 1.0 126.8 1.0 155.5
picture_000640 0.948 1.0 1.0 218.5 96.9
picture_000640 0.775 1.0 197.2 511.0 293.7
picture_000640 0.677 1.0 327.7 446.0 378.8
picture_000640 0.369 1.0 86.6 1.0 139.5
picture_000644 1.000 1.0 7.8 168.9 190.4
picture_000644 1.000 1.0 200.0 267.0 200.0
picture_000644 0.999 1.0 74.1 46.3 200.0
picture_000644 0.989 1.0 1.0 1.0 160.5
picture_000644 0.984 1.0 131.9 267.0 200.0
picture_000644 0.982 1.0 183.4 267.0 200.0
picture_000645 1.000 10.7 229.0 163.8 262.0
picture_000645 1.000 115.7 159.3 222.1 262.0
picture_000645 1.000 182.9 262.0 231.0 262.0
picture_000645 1.000 191.9 256.8 231.0 262.0
picture_000645 0.999 231.0 39.6 231.0 222.5
picture_000645 0.997 1.0 1.0 161.4 262.0
picture_000645 0.997 128.4 262.0 188.9 262.0
picture_000645 0.996 199.3 1.0 231.0 247.9
picture_000645 0.817 1.0 262.0 178.5 262.0
picture_000645 0.535 231.0 262.0 231.0 262.0
picture_000647 1.000 51.8 45.3 226.0 180.9
picture_000647 1.000 1.0 6.9 40.4 131.2
picture_000647 1.000 29.3 1.0 226.0 1.0
picture_000647 0.999 1.0 79.9 12.0 184.0
picture_000647 0.995 1.0 1.0 21.0 28.5
picture_000647 0.992 1.0 1.0 226.0 5.9
picture_000647 0.408 1.0 1.0 226.0 56.9
picture_000787 1.000 1.0 1.0 1.0 108.6
picture_000787 0.958 1.0 1.0 1.0 1.0
picture_000787 0.729 1.0 1.0 1.0 27.2
picture_000934 1.000 1.0 60.4 124.7 192.8
picture_000934 1.000 1.0 4.8 1.0 245.3
picture_000934 1.000 1.0 123.7 57.2 187.0
picture_000934 1.000 1.0 1.0 277.0 92.3
picture_000934 0.999 1.0 132.9 215.0 265.0
picture_000934 0.998 1.0 1.0 87.3 1.0
picture_000934 0.997 1.0 1.0 52.1 116.3
picture_000934 0.992 1.0 1.0 1.0 1.0
picture_000934 0.983 1.0 1.0 1.0 51.9
picture_000934 0.963 47.1 1.0 277.0 1.0
picture_000934 0.671 1.0 281.0 1.0 281.0
picture_000934 0.446 1.0 203.0 277.0 226.9
picture_000956 1.000 280.5 26.4 406.3 149.5
picture_000956 1.000 294.2 119.0 375.3 319.8
picture_000956 1.000 200.6 1.0 268.5 207.1
picture_000956 0.999 250.3 1.0 323.5 57.2
picture_000956 0.998 84.4 23.2 443.0 228.3
picture_000956 0.960 266.3 1.0 313.6 1.0
picture_000956 0.957 156.4 281.5 230.3 329.8
picture_000956 0.815 95.1 101.5 211.4 123.8
picture_000956 0.652 195.9 1.0 262.3 1.0
picture_000956 0.630 407.3 1.0 439.8 1.0
picture_000956 0.254 383.6 242.5 434.3 260.1
picture_000956 0.056 55.8 181.5 208.2 350.0
picture_000970 1.000 3.9 153.2 84.5 262.2
picture_000970 1.000 1.0 17.1 1.0 191.1
picture_000970 0.999 1.0 180.2 13.6 341.0
picture_000970 0.999 5.9 246.4 85.1 341.0
picture_000970 0.998 3.0 161.9 84.8 185.9
picture_000970 0.998 1.0 322.0 1.0 341.0
picture_000970 0.997 1.0 182.8 1.0 341.0
picture_000970 0.978 20.2 1.0 196.5 22.6
picture_000970 0.967 1.0 33.1 282.4 254.7
picture_000970 0.925 1.0 214.0 1.0 241.8
picture_000970 0.393 1.0 1.0 22.5 1.0
picture_001026 1.000 88.9 568.0 162.2 617.0
picture_001026 1.000 1.0 580.8 59.6 617.0
picture_001026 1.000 45.6 503.6 214.4 617.0
picture_001026 0.999 1.0 456.2 1.0 590.9
picture_001026 0.998 85.8 617.0 156.4 617.0
picture_001026 0.995 211.4 612.7 234.7 617.0
picture_001026 0.995 33.4 257.8 139.4 617.0
picture_001026 0.984 1.0 368.7 11.9 608.2
picture_001026 0.758 1.0 569.3 1.0 617.0
picture_001103 0.143 49.1 176.9 239.5 299.0
picture_001103 0.116 37.5 264.9 186.3 299.0
picture_001103 0.066 1.0 245.7 1.0 299.0
picture_001103 0.050 1.0 67.0 7.2 249.5
picture_001116 0.200 216.5 359.0 356.7 441.1
picture_001116 0.154 263.6 420.9 406.0 459.0
picture_001116 0.126 325.2 327.5 406.0 433.9
picture_001116 0.058 173.0 383.6 292.4 459.0
picture_001117 0.542 1.0 360.0 409.0 387.0
picture_001117 0.253 1.0 229.4 409.0 387.0
picture_001120 0.412 1.0 35.8 380.0 177.8
picture_001120 0.146 88.3 153.7 380.0 354.0
picture_001143 0.766 1.0 1.0 257.1 69.4
picture_001143 0.633 1.0 176.9 278.7 187.0
picture_001143 0.627 1.0 22.5 104.7 62.9
picture_001143 0.400 49.1 1.0 316.2 1.0
picture_001143 0.392 305.8 137.9 337.0 178.9
picture_001143 0.283 266.5 87.4 337.0 187.0
picture_001143 0.155 320.1 1.0 337.0 66.7
picture_001143 0.154 42.7 187.0 337.0 187.0
picture_001143 0.080 129.2 48.1 253.6 69.2
picture_001144 0.061 341.1 1.0 348.0 215.0
picture_001177 0.418 1.0 356.6 318.4 421.7
picture_001183 0.660 241.3 136.9 303.3 225.7
picture_001183 0.069 51.1 101.1 278.3 119.9
picture_001201 0.859 135.6 224.6 287.0 312.3
picture_001201 0.438 19.1 277.0 287.0 321.0
picture_001201 0.413 1.0 103.8 222.2 250.5
picture_001201 0.370 77.0 142.1 148.7 321.0
picture_001201 0.291 131.7 321.0 250.1 321.0
picture_001201 0.278 63.9 30.9 157.4 90.6
picture_001201 0.257 1.0 20.2 1.5 101.6
picture_001201 0.209 1.0 4.3 82.3 321.0
picture_001201 0.172 1.0 203.0 287.0 261.8
picture_001201 0.124 1.0 196.6 52.5 247.8
picture_001202 1.000 1.0 93.2 275.2 203.9
picture_001202 0.995 1.0 1.0 189.1 144.0
picture_001202 0.989 1.0 191.4 152.4 225.0
picture_001202 0.763 1.0 209.8 340.0 225.0
picture_001202 0.098 1.0 164.1 340.0 225.0
picture_001203 0.600 152.0 1.0 183.4 184.2
picture_001203 0.404 57.6 206.0 130.2 228.0
picture_001203 0.258 64.7 1.0 243.0 197.6
picture_001203 0.127 241.7 214.5 243.0 228.0
picture_001203 0.106 243.0 1.0 243.0 227.2
picture_001203 0.088 1.0 20.7 72.6 199.2
picture_001203 0.068 1.0 161.4 243.0 228.0
picture_001204 0.996 78.3 577.9 210.2 702.0
picture_001204 0.983 132.7 276.0 191.8 702.0
picture_001204 0.941 168.6 592.2 221.5 702.0
picture_001204 0.879 47.6 1.0 161.4 702.0
picture_001204 0.684 76.9 311.4 99.5 702.0
picture_001204 0.647 65.3 702.0 220.7 702.0
picture_001204 0.431 156.5 590.6 480.0 702.0
picture_001204 0.397 70.3 639.3 96.9 702.0
picture_001204 0.339 1.0 482.4 20.8 683.6
picture_001204 0.322 107.9 1.0 135.0 702.0
picture_001204 0.065 14.5 542.6 30.9 673.4
picture_001205 1.000 300.1 1.0 427.0 137.1
picture_001205 0.999 283.8 283.5 427.0 584.0
picture_001205 0.999 1.0 426.1 175.5 584.0
picture_001205 0.999 1.0 325.4 427.0 491.0
picture_001205 0.999 58.2 253.3 267.7 369.3
picture_001205 0.999 427.0 1.0 427.0 304.5
picture_001205 0.998 61.7 323.2 178.6 409.3
picture_001205 0.998 57.8 1.0 411.4 423.5
picture_001205 0.997 427.0 301.0 427.0 445.4
picture_001205 0.996 59.6 505.0 309.0 584.0
picture_001205 0.981 106.6 584.0 427.0 584.0
picture_001205 0.978 1.0 191.4 1.0 512.0
picture_001205 0.969 1.0 1.0 119.9 584.0
picture_001205 0.929 152.1 556.0 235.9 584.0
picture_001205 0.701 379.9 1.0 427.0 1.0
picture_001205 0.527 126.3 302.2 152.6 422.6
picture_001205 0.527 1.0 383.5 1.0 441.7
picture_001205 0.496 1.0 1.0 427.0 1.0
picture_001205 0.308 386.2 310.7 427.0 351.4
picture_001205 0.192 427.0 524.8 427.0 584.0
picture_001205 0.102 1.0 584.0 1.0 584.0
picture_001206 0.898 1.0 345.3 511.0 422.2
picture_001206 0.878 1.0 395.4 303.5 497.3
picture_001206 0.742 1.0 267.3 100.6 428.8
picture_001206 0.517 30.1 431.9 181.7 604.0
picture_001206 0.466 70.4 265.7 460.6 535.5
picture_001206 0.437 96.0 406.9 166.2 547.9
picture_001206 0.433 204.7 200.1 357.9 317.9
picture_001206 0.355 170.5 259.6 272.6 378.1
picture_001206 0.277 199.9 345.0 264.0 475.8
picture_001206 0.270 97.7 525.4 285.5 604.0
picture_001206 0.146 154.1 3.1 259.3 602.5
picture_001206 0.132 17.8 191.4 265.3 264.1
picture_001206 0.132 1.0 356.9 1.0 435.5
picture_001206 0.080 106.4 169.7 193.4 604.0
picture_001206 0.058 1.0 14.2 1.0 561.9
picture_001207 0.975 1.0 586.9 310.7 654.1
picture_001207 0.971 1.0 403.9 514.0 525.6
picture_001207 0.621 1.0 255.3 514.0 392.4
picture_001207 0.553 1.0 410.0 179.1 662.0
picture_001207 0.382 211.1 662.0 514.0 662.0
picture_001207 0.151 64.5 354.7 255.5 409.6
picture_001207 0.102 1.0 537.6 514.0 592.7
picture_001207 0.077 1.0 551.5 164.0 576.2
picture_001207 0.077 9.1 662.0 235.6 662.0
picture_001208 0.999 1.0 510.7 456.3 674.9
picture_001208 0.998 164.7 698.0 464.0 698.0
picture_001208 0.995 1.0 410.6 178.4 661.8
picture_001208 0.993 85.7 602.7 308.5 698.0
picture_001208 0.972 1.0 698.0 56.9 698.0
picture_001208 0.964 1.0 658.0 464.0 698.0
picture_001208 0.962 1.0 325.2 1.0 652.4
picture_001208 0.803 79.6 698.0 221.3 698.0
picture_001208 0.434 1.0 636.3 1.0 698.0
picture_001208 0.384 1.0 128.8 16.9 698.0
picture_001208 0.231 1.0 131.6 464.0 698.0
picture_001208 0.165 1.0 698.0 1.0 698.0
picture_001210 0.995 178.5 373.5 269.2 505.3
picture_001210 0.993 1.0 417.7 454.0 542.6
picture_001210 0.983 1.0 615.2 212.0 684.0
picture_001210 0.980 332.8 350.0 454.0 684.0
picture_001210 0.980 1.0 305.9 46.2 576.2
picture_001210 0.979 201.6 338.9 316.6 684.0
picture_001210 0.929 1.0 510.6 105.8 582.5
picture_001210 0.804 62.8 162.7 178.5 226.1
picture_001210 0.524 259.0 382.9 317.0 449.9
picture_001210 0.131 429.2 639.2 454.0 684.0
picture_001211 0.992 358.0 330.1 429.0 705.0
picture_001211 0.985 66.4 304.5 225.2 705.0
picture_001211 0.984 164.9 271.0 400.9 520.5
picture_001211 0.976 230.8 520.5 429.0 705.0
picture_001211 0.975 1.0 436.3 97.4 705.0
picture_001211 0.964 1.0 236.9 1.0 705.0
picture_001211 0.898 1.0 582.0 59.9 705.0
picture_001211 0.819 1.0 134.4 45.4 343.7
picture_001211 0.803 173.1 280.0 231.0 572.6
picture_001211 0.741 311.1 258.7 400.1 404.7
picture_001211 0.321 124.9 14.5 220.6 338.8
picture_001211 0.306 376.6 570.9 429.0 705.0
picture_001211 0.059 109.3 45.2 429.0 705.0
picture_001214 0.989 275.2 1.0 356.1 192.9
picture_001214 0.983 385.0 288.8 385.0 413.0
picture_001214 0.961 385.0 1.0 385.0 62.0
picture_001214 0.848 181.4 292.4 325.4 413.0
picture_001214 0.846 323.5 1.0 385.0 413.0
picture_001214 0.343 385.0 1.0 385.0 365.1
picture_001214 0.274 87.6 1.0 298.0 413.0
picture_001217 0.745 36.6 68.0 364.0 295.8
picture_001217 0.717 1.0 360.6 364.0 390.0
picture_001217 0.666 216.6 207.9 364.0 390.0
picture_001217 0.621 1.0 297.6 50.4 390.0
picture_001217 0.611 55.3 278.9 153.2 390.0
picture_001217 0.603 343.4 138.7 364.0 390.0
picture_001217 0.554 279.3 1.0 364.0 87.8
picture_001217 0.494 1.0 1.0 6.9 390.0
picture_001217 0.414 64.0 77.4 127.1 322.8
picture_001217 0.264 185.9 78.7 263.0 390.0
picture_001217 0.218 364.0 206.1 364.0 365.5
picture_001217 0.109 194.3 1.0 364.0 1.0
picture_001217 0.055 126.9 246.3 186.8 334.4
picture_001219 0.999 1.0 498.3 470.0 615.0
picture_001219 0.999 428.7 371.4 470.0 559.5
picture_001219 0.999 376.6 600.4 470.0 615.0
picture_001219 0.999 320.2 400.2 470.0 490.4
picture_001219 0.999 1.0 250.3 402.0 403.2
picture_001219 0.999 106.3 587.2 411.8 615.0
picture_001219 0.986 1.0 615.0 470.0 615.0
picture_001219 0.977 261.3 1.0 470.0 413.2
picture_001219 0.967 1.0 465.8 470.0 537.7
picture_001219 0.619 1.0 147.2 470.0 615.0
picture_001219 0.404 470.0 615.0 470.0 615.0
picture_001219 0.209 451.7 615.0 470.0 615.0
picture_001222 1.000 135.4 259.0 275.6 488.5
picture_001222 0.996 1.0 212.1 167.4 323.0
picture_001222 0.994 281.5 265.2 342.0 559.0
picture_001222 0.993 1.0 331.8 487.2 457.6
picture_001222 0.977 148.6 1.0 324.0 559.0
picture_001222 0.971 1.0 271.6 507.0 359.3
picture_001222 0.939 122.6 1.0 196.7 559.0
picture_001222 0.912 90.1 250.5 252.3 289.9
picture_001222 0.899 71.0 162.2 283.5 199.9
picture_001222 0.854 273.0 1.0 306.1 431.4
picture_001222 0.750 129.6 274.0 159.0 493.3
picture_001222 0.455 1.0 477.9 507.0 548.8
picture_001222 0.350 471.4 225.5 491.3 479.5
picture_001222 0.348 21.8 1.0 48.3 559.0
picture_001222 0.239 242.9 140.5 285.1 559.0
picture_001222 0.198 1.0 252.4 147.9 486.4
picture_001222 0.138 1.0 448.5 507.0 490.7
picture_001222 0.091 391.5 131.4 411.0 412.5
picture_001224 0.978 242.4 148.8 452.1 665.0
picture_001224 0.974 174.8 109.4 349.8 494.9
picture_001224 0.918 348.0 573.7 434.2 665.0
picture_001224 0.902 252.6 485.4 334.0 665.0
picture_001224 0.852 185.5 571.9 488.0 665.0
picture_001224 0.837 97.4 1.0 256.9 509.7
picture_001224 0.740 46.4 373.9 123.1 616.6
picture_001224 0.667 488.0 358.2 488.0 610.6
picture_001224 0.503 282.0 203.7 324.5 302.2
picture_001224 0.291 312.3 304.1 343.6 658.5
picture_001224 0.290 471.7 481.0 488.0 596.0
picture_001224 0.195 483.4 1.0 488.0 526.6
picture_001224 0.183 488.0 107.0 488.0 505.3
picture_001224 0.148 30.5 570.5 130.6 665.0
picture_001224 0.139 350.3 82.8 379.6 505.1
picture_001224 0.136 217.7 665.0 266.2 665.0
picture_001224 0.076 488.0 1.0 488.0 88.5
picture_001225 0.226 31.1 401.3 187.1 553.0
picture_001225 0.087 26.5 521.8 215.7 553.0
picture_001225 0.074 6.8 479.1 105.5 553.0
picture_001226 0.996 353.7 101.8 439.0 278.3
picture_001226 0.989 101.3 269.7 439.0 352.7
picture_001226 0.989 294.2 295.7 433.2 373.0
picture_001226 0.988 147.5 231.8 266.4 348.2
picture_001226 0.982 114.5 261.9 176.4 373.0
picture_001226 0.982 244.9 341.3 287.8 373.0
picture_001226 0.959 30.0 373.0 216.2 373.0
picture_001226 0.953 132.4 1.0 210.8 275.0
picture_001226 0.945 346.5 61.1 377.3 274.5
picture_001226 0.931 1.0 73.0 17.5 264.0
picture_001226 0.915 193.7 373.0 439.0 373.0
picture_001226 0.894 439.0 357.6 439.0 373.0
picture_001226 0.716 73.2 56.9 439.0 353.7
picture_001226 0.110 439.0 373.0 439.0 373.0
picture_001226 0.100 439.0 105.0 439.0 301.6
picture_001226 0.097 1.0 309.9 1.0 373.0
picture_001227 0.669 52.0 521.1 197.2 683.0
picture_001227 0.630 269.0 420.6 399.6 516.1
picture_001227 0.477 231.4 621.9 429.0 683.0
picture_001227 0.432 186.0 514.4 245.7 610.7
picture_001227 0.079 1.0 657.0 429.0 683.0
picture_001230 0.991 34.3 188.7 455.0 267.2
picture_001230 0.986 198.8 220.4 455.0 378.1
picture_001230 0.985 1.0 9.8 96.6 223.4
picture_001230 0.955 1.0 285.2 210.4 471.0
picture_001230 0.931 114.2 408.7 362.5 460.0
picture_001230 0.921 1.0 1.0 455.0 24.4
picture_001230 0.837 1.0 85.2 455.0 162.6
picture_001230 0.821 1.0 1.0 426.5 133.0
picture_001230 0.399 54.5 1.0 191.0 1.0
picture_001230 0.295 1.0 7.9 1.0 229.4
picture_001230 0.137 1.0 171.9 169.0 193.9
picture_001230 0.102 361.9 67.0 455.0 95.4
picture_001231 0.999 1.0 421.0 349.0 421.0
picture_001231 0.998 1.0 272.5 204.0 402.6
picture_001231 0.997 50.7 9.4 349.0 292.4
picture_001231 0.996 1.0 31.0 1.0 314.2
picture_001231 0.994 1.0 103.4 45.5 421.0
picture_001231 0.993 1.0 379.4 1.0 421.0
picture_001231 0.826 13.0 1.0 162.7 421.0
picture_001231 0.749 1.0 421.0 76.0 421.0
picture_001231 0.292 1.0 421.0 1.0 421.0
picture_001231 0.161 1.0 406.5 63.5 421.0
picture_001234 0.206 1.0 167.8 30.7 371.1
picture_001234 0.159 1.0 208.0 259.8 328.6
picture_001234 0.158 106.3 121.8 395.0 295.5
picture_001234 0.133 103.1 345.7 193.3 405.2
picture_001234 0.087 151.8 1.0 250.9 111.8
picture_001236 0.284 173.2 351.6 334.1 427.0
picture_001236 0.220 1.0 140.0 240.4 335.9
picture_001236 0.063 1.0 83.2 107.5 168.4
picture_001237 0.076 214.2 1.0 307.0 55.3
picture_001238 0.995 164.9 53.9 517.0 454.0
picture_001238 0.994 107.6 358.7 326.9 587.0
picture_001238 0.987 1.0 458.2 469.1 555.2
picture_001238 0.986 287.7 215.5 517.0 372.3
picture_001238 0.985 11.3 300.1 404.3 393.2
picture_001238 0.923 1.0 312.5 11.0 495.0
picture_001238 0.846 157.8 407.4 290.5 508.0
picture_001238 0.587 1.0 507.4 517.0 654.9
picture_001238 0.260 517.0 97.6 517.0 427.4
picture_001238 0.161 403.0 336.8 507.7 519.7
picture_001238 0.107 205.6 458.0 317.2 568.9
picture_001238 0.076 1.0 95.3 208.0 202.5
picture_001238 0.051 341.5 147.4 475.8 261.5
picture_001239 0.990 247.9 230.6 381.9 351.3
picture_001239 0.987 1.0 156.8 165.9 326.4
picture_001239 0.983 88.5 193.0 207.3 401.4
picture_001239 0.934 1.0 250.8 185.6 505.4
picture_001239 0.898 1.0 291.4 80.7 440.3
picture_001239 0.800 1.0 338.8 45.7 529.0
picture_001239 0.652 1.0 508.2 532.0 556.0
picture_001239 0.446 237.4 502.3 337.9 551.3
picture_001239 0.373 301.6 430.0 532.0 549.0
picture_001239 0.272 1.0 345.7 532.0 471.9
picture_001239 0.224 146.8 362.8 207.5 459.0
picture_001239 0.153 1.0 414.5 17.2 449.4
picture_001239 0.084 13.4 461.2 106.6 556.0
picture_001239 0.058 232.5 556.0 415.6 556.0
picture_001241 0.543 1.0 464.2 177.7 578.5
picture_001241 0.523 236.8 400.5 330.9 607.4
picture_001241 0.490 1.0 246.3 487.0 463.0
picture_001241 0.485 45.2 544.1 429.3 655.5
picture_001241 0.483 306.9 462.0 487.0 664.0
picture_001241 0.234 1.0 387.6 487.0 536.7
picture_001242 0.076 49.9 7.4 151.3 204.3
picture_001242 0.057 5.8 66.6 126.3 138.4
picture_001243 0.824 1.0 470.3 390.6 696.0
picture_001243 0.753 1.0 126.9 158.3 382.0
picture_001243 0.575 187.5 276.8 307.3 696.0
picture_001243 0.556 155.4 483.9 282.3 654.7
picture_001243 0.465 1.0 350.5 519.0 519.3
picture_001243 0.396 1.0 462.7 1.0 696.0
picture_001243 0.392 519.0 428.0 519.0 696.0
picture_001243 0.339 1.0 448.0 5.8 644.0
picture_001243 0.325 409.8 301.9 498.7 506.0
picture_001243 0.292 1.0 630.9 431.5 696.0
picture_001243 0.285 1.0 535.8 44.3 696.0
picture_001243 0.176 519.0 647.2 519.0 696.0
picture_001243 0.174 89.8 87.3 519.0 696.0
picture_001243 0.137 315.8 696.0 433.9 696.0
picture_001244 0.643 144.2 481.3 470.8 689.0
picture_001244 0.541 1.0 161.6 280.0 572.3
picture_001244 0.223 10.3 276.1 176.5 478.0
picture_001246 0.980 1.0 235.4 274.7 399.3
picture_001246 0.971 127.3 283.9 442.0 647.1
picture_001246 0.964 1.0 449.6 153.4 634.6
picture_001246 0.951 145.9 292.2 509.0 366.2
picture_001246 0.931 83.5 422.3 473.2 510.7
picture_001246 0.831 1.0 550.8 509.0 621.5
picture_001246 0.426 1.0 324.0 509.0 424.3
picture_001246 0.401 1.0 604.4 509.0 675.0
picture_001246 0.093 282.4 645.8 431.9 675.0
picture_001246 0.056 29.8 439.7 267.5 482.8
picture_001248 0.978 18.6 1.0 146.2 375.7
picture_001248 0.909 72.8 1.0 102.4 289.0
picture_001248 0.830 83.6 168.6 122.1 580.0
picture_001248 0.706 1.0 1.0 1.0 390.7
picture_001248 0.645 1.0 1.0 53.6 89.4
picture_001248 0.492 1.0 1.0 40.1 380.9
picture_001248 0.280 233.7 424.5 348.6 580.0
picture_001248 0.249 106.7 1.0 156.7 580.0
picture_001248 0.077 13.1 158.1 43.0 580.0
picture_001249 0.885 64.3 58.4 517.0 154.1
picture_001249 0.776 386.8 58.5 517.0 213.0
picture_001249 0.595 117.6 116.8 436.1 143.5
picture_001249 0.212 1.0 118.9 517.0 185.6
picture_001249 0.118 419.0 208.7 517.0 213.0
picture_001250 0.996 1.0 120.8 342.2 277.8
picture_001250 0.943 48.5 494.4 379.0 502.0
picture_001250 0.925 1.0 180.2 453.0 502.0
picture_001250 0.875 82.0 194.1 210.5 502.0
picture_001250 0.844 1.0 338.7 154.0 393.2
picture_001250 0.620 67.6 1.0 210.3 48.8
picture_001250 0.392 1.0 86.5 120.5 502.0
picture_001250 0.387 202.0 399.0 453.0 502.0
picture_001250 0.357 92.8 502.0 241.3 502.0
picture_001250 0.279 1.0 1.0 1.0 502.0
picture_001250 0.163 188.2 161.1 356.4 225.8
picture_001250 0.096 1.0 54.5 85.0 151.9
picture_001250 0.084 1.0 474.2 22.2 502.0
picture_001250 0.080 7.9 1.0 453.0 1.0
picture_001253 0.092 367.3 235.3 474.0 377.9
picture_001257 0.996 1.0 390.4 409.0 483.5
picture_001257 0.994 1.0 394.2 117.2 543.0
picture_001257 0.993 1.0 173.1 191.9 378.4
picture_001257 0.992 1.0 261.9 92.0 368.7
picture_001257 0.991 192.0 95.4 307.6 509.0
picture_001257 0.988 35.4 516.3 379.8 543.0
picture_001257 0.987 264.2 429.6 360.3 543.0
picture_001257 0.982 1.0 279.6 409.0 449.4
picture_001257 0.970 1.0 543.0 338.5 543.0
picture_001257 0.959 1.0 86.2 1.0 536.3
picture_001257 0.921 126.9 400.3 227.9 543.0
picture_001257 0.907 40.3 19.2 351.1 543.0
picture_001257 0.892 119.1 343.6 248.9 373.6
picture_001257 0.631 141.8 31.0 270.9 70.0
picture_001257 0.470 409.0 490.8 409.0 543.0
picture_001257 0.357 1.0 127.7 1.0 158.9
picture_001257 0.099 1.0 538.0 1.0 543.0
picture_001258 0.945 1.0 81.7 64.3 208.4
picture_001258 0.899 93.3 230.8 171.1 317.4
picture_001258 0.843 64.0 85.8 104.9 177.3
picture_001258 0.840 1.0 188.2 352.4 347.9
picture_001258 0.764 1.0 158.8 1.0 250.8
picture_001258 0.157 1.0 47.0 1.0 206.7
picture_001258 0.098 94.4 83.5 142.1 179.6
picture_001259 0.443 236.9 29.3 370.3 509.0
picture_001259 0.350 209.2 434.7 318.8 509.0
picture_001259 0.347 202.4 299.1 287.5 509.0
picture_001260 0.224 349.6 464.1 435.7 570.0
picture_001260 0.090 1.8 337.2 49.1 426.0
picture_001265 0.179 11.4 324.1 105.6 487.8
picture_001265 0.164 128.2 527.9 314.8 607.0
picture_001265 0.139 116.8 347.0 321.9 506.0
picture_001265 0.055 1.0 288.8 244.0 594.0
picture_001266 1.000 113.1 70.5 309.6 239.2
picture_001266 0.999 1.0 199.0 254.4 358.1
picture_001266 0.999 217.0 139.9 356.0 307.5
picture_001266 0.998 141.3 229.0 218.9 386.7
picture_001266 0.997 6.1 1.0 356.0 164.0
picture_001266 0.997 1.0 369.6 59.6 459.0
picture_001266 0.996 268.2 174.7 346.3 459.0
picture_001266 0.996 1.0 70.8 22.5 205.7
picture_001266 0.989 1.0 1.0 86.2 459.0
picture_001266 0.988 356.0 1.0 356.0 165.6
picture_001266 0.987 356.0 243.1 356.0 428.4
picture_001266 0.985 334.6 150.2 356.0 246.2
picture_001266 0.985 13.3 1.0 143.8 64.4
picture_001266 0.983 267.4 1.0 356.0 47.1
picture_001266 0.943 24.9 191.4 109.2 275.0
picture_001266 0.905 149.8 1.0 332.1 1.0
picture_001266 0.892 1.0 1.0 122.3 1.0
picture_001266 0.643 356.0 114.3 356.0 280.4
picture_001266 0.594 1.0 1.0 47.1 29.8
picture_001266 0.326 1.0 1.0 1.0 217.0
picture_001266 0.235 333.3 459.0 356.0 459.0
picture_001266 0.164 257.8 100.6 337.2 182.2
picture_001266 0.154 1.0 162.1 1.0 432.1
picture_001267 1.000 1.0 1.0 272.9 200.5
picture_001267 1.000 194.9 1.0 351.0 128.8
picture_001267 0.999 69.2 253.6 260.8 292.0
picture_001267 0.998 250.6 56.4 351.0 292.0
picture_001267 0.995 1.0 95.9 1.0 292.0
picture_001267 0.994 1.0 120.7 178.3 160.5
picture_001267 0.990 1.0 1.0 1.0 84.2
picture_001267 0.986 203.5 24.6 351.0 53.8
picture_001267 0.967 1.0 155.0 1.0 180.4
picture_001267 0.947 175.5 1.0 351.0 3.8
picture_001267 0.914 1.0 1.0 351.0 39.8
picture_001267 0.894 282.5 166.3 351.0 197.6
picture_001267 0.853 1.0 70.7 351.0 119.4
picture_001267 0.766 1.0 1.0 351.0 1.0
picture_001267 0.756 1.0 1.0 1.0 1.0
picture_001267 0.702 1.0 32.3 351.0 72.1
picture_001267 0.542 99.3 44.5 203.9 65.0
picture_001267 0.521 273.2 1.0 351.0 1.0
picture_001267 0.362 1.0 64.5 62.7 292.0
picture_001267 0.154 1.0 197.0 351.0 229.1
picture_001267 0.111 1.0 136.9 351.0 176.7
picture_001267 0.080 208.5 226.7 351.0 289.9
picture_001271 0.855 153.7 150.0 388.0 487.0
picture_001271 0.819 240.8 407.1 369.8 487.0
picture_001271 0.815 1.0 171.6 388.0 211.8
picture_001271 0.744 1.0 226.0 243.6 274.9
picture_001271 0.655 1.0 98.4 388.0 150.2
picture_001271 0.634 265.3 311.5 308.5 487.0
picture_001271 0.364 25.6 1.0 388.0 1.0
picture_001271 0.212 1.0 56.5 388.0 94.9
picture_001271 0.210 1.0 1.0 388.0 185.7
picture_001271 0.145 363.5 140.6 388.0 403.3
picture_001271 0.100 388.0 377.1 388.0 487.0
picture_001271 0.085 1.0 152.8 388.0 187.4
picture_001272 0.998 49.3 193.8 192.6 359.0
picture_001272 0.990 19.4 305.7 321.4 543.0
picture_001272 0.988 1.0 1.0 163.2 339.4
picture_001272 0.974 1.0 238.3 1.0 333.4
picture_001272 0.958 1.0 315.3 1.0 543.0
picture_001272 0.957 25.7 267.6 107.4 330.1
picture_001272 0.838 1.0 1.0 5.9 186.8
picture_001272 0.265 1.0 296.5 51.6 543.0
picture_001272 0.195 1.0 510.4 1.0 543.0
picture_001272 0.170 1.0 118.0 11.6 174.0
picture_001272 0.075 46.9 1.0 149.3 1.0
picture_001272 0.057 1.0 16.7 1.0 405.7
picture_001274 1.000 149.4 85.0 338.9 318.0
picture_001274 1.000 308.8 351.0 364.0 459.0
picture_001274 1.000 254.0 1.0 364.0 16.1
picture_001274 1.000 362.6 1.0 364.0 177.4
picture_001274 1.000 1.0 1.0 268.4 100.4
picture_001274 0.999 1.0 125.8 311.5 459.0
picture_001274 0.999 364.0 168.6 364.0 445.3
picture_001274 0.999 6.9 269.8 146.1 340.1
picture_001274 0.999 1.0 82.5 1.0 459.0
picture_001274 0.999 1.0 150.9 60.3 459.0
picture_001274 0.993 364.0 68.3 364.0 234.0
picture_001274 0.987 34.4 459.0 364.0 459.0
picture_001274 0.935 364.0 1.0 364.0 29.1
picture_001274 0.914 1.0 122.3 1.0 176.5
picture_001274 0.867 1.0 1.0 1.0 1.0
picture_001274 0.850 1.0 1.0 260.5 1.0
picture_001274 0.513 1.0 383.6 341.6 459.0
picture_001274 0.084 210.6 1.0 348.0 1.0
picture_001275 0.959 1.0 224.9 4.5 505.6
picture_001275 0.864 1.0 352.2 61.3 637.8
picture_001275 0.604 1.0 187.1 1.0 514.5
picture_001275 0.456 1.0 356.6 15.6 509.2
picture_001277 0.258 417.9 211.0 497.0 635.2
picture_001277 0.253 319.6 175.7 472.4 554.3
picture_001277 0.203 297.6 528.4 475.6 640.0
picture_001277 0.108 1.0 323.5 1.0 466.6
picture_001277 0.054 266.4 263.6 348.3 541.9
picture_001277 0.053 229.7 1.0 373.1 640.0
picture_001278 0.410 384.5 186.1 463.7 676.1
picture_001278 0.051 209.2 620.7 356.8 713.0
picture_001284 0.055 102.5 447.8 333.2 483.0
picture_001285 0.510 88.2 47.5 126.9 193.7
picture_001285 0.507 1.0 143.5 282.1 225.0
picture_001285 0.483 24.7 96.2 109.8 225.0
picture_001285 0.469 105.1 1.0 209.8 188.2
picture_001285 0.258 215.4 1.0 316.0 225.0
picture_001285 0.253 154.3 225.0 312.0 225.0
picture_001285 0.152 316.0 1.0 316.0 219.2
picture_001285 0.142 1.0 48.4 50.1 190.4
picture_001286 0.950 225.1 420.9 383.7 457.0
picture_001286 0.916 213.8 24.4 450.0 457.0
picture_001286 0.899 205.4 457.0 312.2 457.0
picture_001286 0.852 216.3 358.3 450.0 457.0
picture_001286 0.574 270.7 1.0 340.4 336.0
picture_001286 0.541 129.5 371.6 179.1 457.0
picture_001286 0.492 262.1 440.6 299.9 457.0
picture_001286 0.447 1.0 267.9 263.4 336.7
picture_001286 0.217 450.0 423.4 450.0 457.0
picture_001286 0.196 225.4 142.3 253.4 341.5
picture_001286 0.103 71.2 250.8 370.5 457.0
picture_001286 0.103 1.4 4.0 96.2 368.0
picture_001286 0.071 433.5 64.1 450.0 295.0
picture_001286 0.064 262.6 295.4 292.0 457.0
picture_001286 0.052 1.0 367.8 175.5 457.0
picture_001287 0.152 141.0 583.0 401.6 583.0
picture_001288 0.417 302.6 379.1 353.1 476.4
picture_001288 0.318 266.0 397.3 394.0 497.1
picture_001288 0.165 394.0 302.4 394.0 460.2
picture_001288 0.123 120.3 302.0 263.3 465.3
picture_001288 0.108 1.0 372.4 111.9 461.9
picture_001288 0.078 394.0 510.0 394.0 517.0
picture_001290 0.971 41.4 99.4 264.3 420.2
picture_001290 0.942 14.3 425.1 181.0 635.0
picture_001290 0.920 22.1 610.0 182.3 635.0
picture_001290 0.789 1.0 1.0 90.5 635.0
picture_001290 0.478 1.0 439.7 1.0 508.1
picture_001290 0.412 1.0 635.0 27.2 635.0
picture_001290 0.188 1.0 1.0 1.0 635.0
picture_001291 0.852 243.2 261.4 336.2 631.0
picture_001291 0.689 394.8 429.9 423.0 631.0
picture_001291 0.616 220.1 459.7 272.1 631.0
picture_001291 0.590 372.5 112.0 423.0 631.0
picture_001291 0.312 214.5 190.5 247.4 631.0
picture_001291 0.289 161.5 268.0 228.1 631.0
picture_001291 0.209 117.8 1.0 193.5 631.0
picture_001291 0.208 313.4 381.2 372.9 631.0
picture_001291 0.113 274.0 143.9 345.9 347.2
picture_001291 0.084 24.7 336.2 174.1 631.0
picture_001291 0.065 104.8 272.0 384.5 523.8
picture_001291 0.058 320.7 159.6 387.9 326.1
picture_001295 0.991 414.9 286.6 464.0 501.4
picture_001295 0.977 119.0 371.1 402.0 530.0
picture_001295 0.954 68.1 530.0 464.0 530.0
picture_001295 0.915 303.8 288.8 464.0 530.0
picture_001295 0.908 1.0 182.5 464.0 507.3
picture_001295 0.866 1.0 514.5 435.4 530.0
picture_001295 0.762 84.9 446.1 214.3 530.0
picture_001295 0.727 464.0 1.0 464.0 430.4
picture_001295 0.523 464.0 530.0 464.0 530.0
picture_001295 0.517 251.0 256.5 320.0 458.0
picture_001295 0.251 29.7 530.0 120.3 530.0
picture_001295 0.193 337.8 530.0 446.9 530.0
picture_001298 0.916 122.1 60.9 199.2 604.0
picture_001298 0.675 7.5 1.0 262.1 604.0
picture_001298 0.144 26.1 52.4 70.2 604.0
picture_001298 0.122 175.4 303.2 220.3 604.0
picture_001298 0.080 1.0 159.7 1.0 604.0
picture_001298 0.076 319.2 1.0 393.9 596.7
picture_001298 0.072 370.3 129.7 397.4 560.2
picture_001298 0.063 169.9 63.5 366.3 268.1
picture_001299 0.896 161.7 286.9 478.0 453.0
picture_001299 0.787 207.9 208.0 306.3 356.6
picture_001299 0.714 14.3 213.8 72.4 438.4
picture_001299 0.672 1.0 95.9 235.5 352.3
picture_001299 0.501 174.5 317.0 223.7 433.4
picture_001299 0.426 1.0 255.2 183.7 522.0
picture_001302 0.168 1.0 128.9 458.0 268.2
picture_001302 0.138 191.5 251.8 329.1 377.7
picture_001302 0.109 50.9 193.1 467.0 562.2
picture_001302 0.062 1.0 1.0 219.8 413.6
picture_001303 0.993 1.0 54.9 225.1 142.3
picture_001303 0.971 339.3 191.0 454.0 289.5
picture_001303 0.962 1.0 238.0 240.0 363.0
picture_001303 0.958 1.0 199.9 454.0 306.8
picture_001303 0.954 115.1 1.0 454.0 1.0
picture_001303 0.943 1.0 34.0 454.0 192.8
picture_001303 0.935 1.0 1.0 323.7 83.3
picture_001303 0.893 360.9 19.9 454.0 70.4
picture_001303 0.717 1.0 60.7 92.4 101.4
picture_001303 0.398 1.0 1.0 454.0 17.8
picture_001303 0.201 381.8 256.7 453.7 318.1
picture_001303 0.201 1.0 1.0 24.2 1.0
picture_001303 0.188 330.1 266.2 454.0 363.0
picture_001303 0.184 362.1 53.3 454.0 96.3
picture_001303 0.146 316.5 122.2 382.2 234.4
picture_001303 0.098 1.0 163.7 454.0 237.8
picture_001304 1.000 1.0 326.2 219.7 664.0
picture_001304 0.999 1.0 241.6 540.0 551.2
picture_001304 0.998 1.0 361.4 14.7 533.2
picture_001304 0.998 1.0 176.2 464.2 330.1
picture_001304 0.995 1.0 664.0 103.9 664.0
picture_001304 0.992 1.0 202.7 1.0 413.2
picture_001304 0.977 1.0 664.0 540.0 664.0
picture_001304 0.092 1.0 1.0 1.0 206.1
picture_001305 0.933 1.0 142.4 410.1 242.4
picture_001305 0.919 1.0 42.9 487.0 159.9
picture_001305 0.917 375.8 19.6 487.0 146.6
picture_001305 0.886 261.7 333.5 487.0 409.5
picture_001305 0.807 157.1 1.0 321.4 1.0
picture_001305 0.704 1.0 210.8 487.0 396.5
picture_001305 0.062 364.8 9.7 487.0 49.2
picture_001305 0.052 380.9 1.0 487.0 14.9
picture_001311 0.980 167.4 365.9 385.2 656.0
picture_001311 0.967 204.4 325.4 453.0 484.0
picture_001311 0.954 7.5 603.5 318.8 656.0
picture_001311 0.924 1.0 402.9 67.2 656.0
picture_001311 0.911 29.7 344.9 183.7 539.6
picture_001311 0.899 112.8 168.4 416.2 438.1
picture_001311 0.897 390.9 1.0 453.0 372.0
picture_001311 0.867 285.4 656.0 408.4 656.0
picture_001311 0.849 453.0 388.8 453.0 533.7
picture_001311 0.841 254.6 481.4 350.8 656.0
picture_001311 0.835 1.0 508.5 453.0 621.8
picture_001311 0.816 416.0 215.2 453.0 370.5
picture_001311 0.777 122.7 1.0 229.6 611.2
picture_001311 0.761 183.9 106.1 453.0 199.6
picture_001311 0.733 316.4 480.8 453.0 571.6
picture_001311 0.497 379.4 603.7 453.0 656.0
picture_001311 0.319 453.0 1.0 453.0 561.4
picture_001311 0.124 1.0 238.2 1.0 548.5
picture_001311 0.123 1.0 1.0 177.4 656.0
picture_001311 0.081 36.2 1.0 453.0 250.6
picture_001311 0.061 1.0 656.0 103.3 656.0
picture_001312 0.611 265.5 494.8 343.6 642.2
picture_001312 0.442 265.9 360.3 418.3 630.7
picture_001312 0.277 1.0 575.8 214.4 689.4
picture_001312 0.108 1.0 515.3 450.0 735.0
picture_001312 0.095 112.4 368.8 177.0 735.0
picture_001312 0.083 189.2 518.7 235.2 620.2
picture_001314 0.993 1.0 1.0 221.4 319.0
picture_001314 0.988 76.4 1.0 140.9 310.7
picture_001314 0.987 1.0 30.7 1.0 362.0
picture_001314 0.979 246.5 72.8 314.0 362.0
picture_001314 0.967 1.0 199.8 139.2 362.0
picture_001314 0.941 233.9 347.2 314.0 362.0
picture_001314 0.917 314.0 1.0 314.0 362.0
picture_001314 0.878 1.0 320.7 219.1 362.0
picture_001314 0.641 1.0 1.0 4.8 362.0
picture_001314 0.220 279.4 1.0 314.0 161.2
picture_001314 0.085 19.8 1.0 314.0 1.0
picture_001315 0.999 354.9 435.0 428.0 549.1
picture_001315 0.996 351.5 547.1 422.8 558.0
picture_001315 0.995 264.4 346.3 385.6 558.0
picture_001315 0.994 40.0 457.6 432.0 539.3
picture_001315 0.983 52.9 290.5 432.0 467.3
picture_001315 0.971 355.4 61.4 418.2 558.0
picture_001315 0.970 432.0 263.6 432.0 456.3
picture_001315 0.960 226.8 558.0 390.7 558.0
picture_001315 0.418 407.3 558.0 432.0 558.0
picture_001315 0.341 432.0 453.1 432.0 528.0
picture_001315 0.099 354.4 558.0 416.4 558.0
picture_001317 0.098 15.5 21.9 116.5 291.5
picture_001318 0.997 86.9 76.4 225.1 176.6
picture_001318 0.993 1.0 1.0 48.4 72.9
picture_001318 0.987 132.7 1.0 267.1 266.0
picture_001318 0.980 276.7 2.0 335.0 115.8
picture_001318 0.977 1.0 301.0 116.2 322.0
picture_001318 0.841 32.1 1.0 155.2 1.0
picture_001318 0.797 1.0 1.0 1.0 1.0
picture_001318 0.759 1.0 1.0 335.0 99.8
picture_001318 0.706 1.0 25.5 181.0 322.0
picture_001318 0.584 1.0 147.1 1.0 205.4
picture_001318 0.563 1.0 206.7 335.0 322.0
picture_001318 0.488 231.0 1.0 335.0 17.1
picture_001318 0.469 12.9 102.3 65.0 160.8
picture_001318 0.414 1.0 1.0 11.2 307.0
picture_001318 0.064 1.0 1.0 1.0 322.0
picture_001323 0.059 1.0 229.4 161.6 363.0
picture_001325 0.987 1.0 1.0 1.0 182.0
picture_001325 0.984 1.0 1.0 168.8 145.6
picture_001325 0.951 101.5 21.5 271.0 174.6
picture_001325 0.882 1.0 182.0 139.6 182.0
picture_001325 0.609 1.0 172.1 1.0 182.0
picture_001325 0.141 1.0 1.0 18.7 176.8
picture_001326 0.711 79.2 1.0 219.7 4.7
picture_001326 0.648 1.0 153.7 164.8 187.2
picture_001326 0.600 249.0 55.9 249.0 159.0
picture_001326 0.510 116.5 1.0 216.1 1.0
picture_001326 0.489 218.8 209.0 249.0 209.0
picture_001326 0.464 249.0 1.0 249.0 17.0
picture_001326 0.416 140.6 31.7 249.0 209.0
picture_001326 0.077 1.0 1.0 197.8 85.5
picture_001326 0.060 1.0 1.0 249.0 10.0
picture_001326 0.060 199.8 140.7 249.0 157.9
picture_001327 1.000 113.6 486.2 230.0 658.9
picture_001327 1.000 3.8 400.7 101.0 641.2
picture_001327 1.000 161.8 556.9 205.4 662.0
picture_001327 1.000 58.8 662.0 129.9 662.0
picture_001327 0.999 62.5 442.8 140.7 662.0
picture_001327 0.999 159.0 110.1 203.3 634.4
picture_001327 0.998 230.0 271.1 230.0 626.2
picture_001327 0.995 230.0 662.0 230.0 662.0
picture_001327 0.825 46.2 1.0 132.5 662.0
picture_001327 0.107 87.8 347.6 167.1 429.3
picture_001327 0.096 157.0 662.0 211.2 662.0
picture_001328 0.492 1.0 612.6 58.4 628.0
picture_001328 0.338 1.0 617.1 247.7 628.0
picture_001328 0.326 1.0 338.0 127.9 628.0
picture_001328 0.091 239.9 485.9 336.5 533.9
picture_001328 0.052 1.0 528.3 20.9 582.6
picture_001329 0.988 1.0 354.0 437.0 501.5
picture_001329 0.922 1.0 497.1 162.1 551.6
picture_001329 0.891 315.4 560.2 437.0 641.0
picture_001329 0.877 1.0 314.8 137.0 389.5
picture_001329 0.870 138.7 261.1 300.3 511.8
picture_001329 0.860 1.0 466.5 428.2 536.4
picture_001329 0.796 1.0 530.1 211.4 641.0
picture_001329 0.547 1.0 611.8 437.0 641.0
picture_001329 0.540 286.1 483.3 413.0 596.2
picture_001329 0.538 135.4 440.1 213.0 605.1
picture_001329 0.423 266.4 641.0 424.3 641.0
picture_001329 0.421 340.5 56.0 419.0 495.1
picture_001329 0.313 219.6 9.1 363.8 540.5
picture_001329 0.296 41.6 57.6 158.6 423.5
picture_001329 0.283 116.0 637.6 256.2 641.0
picture_001329 0.152 153.6 200.7 216.5 453.8
picture_001329 0.134 437.0 563.2 437.0 641.0
picture_001329 0.075 12.5 641.0 202.3 641.0
picture_001329 0.059 420.5 253.4 437.0 520.9
picture_001331 0.993 142.7 149.8 329.2 291.9
picture_001331 0.992 166.6 253.9 510.0 420.6
picture_001331 0.990 298.6 247.9 376.6 511.0
picture_001331 0.971 1.0 300.5 259.1 475.7
picture_001331 0.932 36.3 57.8 137.9 278.1
picture_001331 0.900 166.8 1.0 312.7 511.0
picture_001331 0.888 375.0 176.9 461.5 511.0
picture_001331 0.854 220.0 246.5 266.7 479.0
picture_001331 0.846 325.1 479.7 510.0 511.0
picture_001331 0.807 1.0 417.9 153.5 488.7
picture_001331 0.717 7.3 1.0 263.8 338.2
picture_001331 0.544 11.2 244.8 64.4 440.0
picture_001331 0.485 141.5 1.0 173.8 502.7
picture_001331 0.473 21.5 194.7 125.1 256.6
picture_001331 0.393 398.8 47.6 431.6 417.5
picture_001331 0.245 203.5 1.0 279.8 54.7
picture_001331 0.147 1.0 323.7 1.0 437.1
picture_001331 0.068 434.2 1.0 479.1 186.9
picture_001331 0.058 510.0 226.4 510.0 465.4
picture_001333 0.998 99.2 582.8 235.7 726.0
picture_001333 0.998 1.0 220.1 245.1 668.2
picture_001333 0.993 484.0 386.9 525.0 676.1
picture_001333 0.992 288.3 445.8 478.1 598.7
picture_001333 0.991 1.0 526.9 476.7 726.0
picture_001333 0.984 292.2 564.2 525.0 726.0
picture_001333 0.972 205.7 658.0 296.9 726.0
picture_001333 0.967 1.0 574.0 139.5 726.0
picture_001333 0.962 1.0 726.0 525.0 726.0
picture_001333 0.949 449.8 726.0 525.0 726.0
picture_001333 0.934 304.8 238.7 389.5 398.7
picture_001333 0.832 394.4 188.6 525.0 363.7
picture_001333 0.812 1.0 417.3 54.5 558.3
picture_001333 0.616 220.2 445.0 282.7 548.3
picture_001333 0.421 262.4 68.3 364.7 353.5
picture_001333 0.355 1.0 599.8 5.0 726.0
picture_001333 0.331 1.0 726.0 1.0 726.0
picture_001333 0.302 525.0 301.2 525.0 446.9
picture_001333 0.268 153.4 222.1 525.0 474.2
picture_001333 0.260 1.0 182.2 1.0 375.7
picture_001333 0.142 1.0 466.1 1.0 586.3
picture_001334 0.994 56.8 544.4 450.0 630.0
picture_001334 0.993 301.8 386.6 450.0 540.0
picture_001334 0.989 1.0 240.8 450.0 449.0
picture_001334 0.983 1.0 522.6 53.4 630.0
picture_001334 0.979 1.0 593.5 141.2 630.0
picture_001334 0.957 250.5 630.0 372.7 630.0
picture_001334 0.912 1.0 331.2 408.7 630.0
picture_001334 0.893 450.0 523.1 450.0 616.1
picture_001334 0.842 1.0 171.3 76.9 613.9
picture_001334 0.390 432.6 63.1 450.0 389.2
picture_001334 0.300 269.9 29.8 450.0 425.2
picture_001334 0.231 1.0 630.0 66.3 630.0
picture_001334 0.204 450.0 427.4 450.0 549.9
picture_001334 0.118 450.0 622.2 450.0 630.0
picture_001335 0.544 333.1 494.7 436.5 684.0
picture_001335 0.491 253.1 316.0 392.0 508.4
picture_001335 0.490 227.0 399.9 350.3 666.6
picture_001335 0.256 135.4 339.5 512.2 682.1
picture_001335 0.181 129.3 334.7 178.1 684.0
picture_001336 0.087 22.3 271.6 96.2 537.6
picture_001336 0.084 1.0 410.6 131.7 625.2
picture_001336 0.070 1.0 300.8 1.0 508.7
picture_001337 0.985 51.3 322.3 251.1 516.2
picture_001337 0.952 177.5 172.9 259.3 587.8
picture_001337 0.946 1.0 323.7 490.0 600.6
picture_001337 0.925 1.0 494.1 163.7 704.0
picture_001337 0.907 351.6 404.1 490.0 605.8
picture_001337 0.869 339.8 628.1 441.4 704.0
picture_001337 0.744 1.0 452.3 52.7 645.7
picture_001337 0.689 1.0 694.9 88.8 704.0
picture_001337 0.591 420.1 1.0 490.0 704.0
picture_001337 0.531 1.0 345.9 17.5 704.0
picture_001337 0.521 490.0 432.5 490.0 641.5
picture_001337 0.480 1.0 109.3 111.2 231.8
picture_001337 0.251 464.9 145.5 490.0 289.2
picture_001337 0.175 56.7 704.0 123.3 704.0
picture_001337 0.099 406.1 483.0 465.4 560.1
picture_001337 0.082 1.0 292.0 1.0 579.3
picture_001339 0.996 167.6 368.9 376.4 481.5
picture_001339 0.991 311.4 334.7 483.0 424.7
picture_001339 0.985 173.8 190.7 471.4 285.4
picture_001339 0.970 1.0 265.1 240.3 336.5
picture_001339 0.951 165.4 419.5 375.7 447.3
picture_001339 0.585 1.0 466.4 133.1 540.5
picture_001339 0.578 246.0 508.2 483.0 566.1
picture_001339 0.522 1.0 382.8 483.0 524.6
picture_001340 0.967 173.6 384.8 400.0 541.5
picture_001340 0.890 299.1 555.3 527.0 641.3
picture_001340 0.292 319.5 315.0 381.8 409.0
picture_001352 0.082 1.0 475.0 181.5 475.0
picture_001353 0.205 317.6 527.3 415.8 574.8
picture_001353 0.117 356.3 561.1 421.7 676.7
picture_001380 0.098 216.4 415.0 426.7 627.9
picture_001420 0.711 242.8 31.7 332.3 61.4
picture_001420 0.191 342.0 1.0 342.0 140.6
picture_001420 0.180 66.6 1.0 328.2 101.2
picture_001420 0.168 254.8 83.8 342.0 153.6
picture_001420 0.142 1.0 7.4 27.7 208.4
picture_001420 0.115 72.3 1.0 136.8 235.0
picture_001420 0.112 132.9 38.5 169.2 206.8
picture_001420 0.096 1.0 235.0 127.6 235.0
picture_001420 0.072 143.1 147.9 342.0 235.0
picture_001420 0.056 1.0 136.8 47.4 235.0
picture_001420 0.056 1.0 1.0 1.0 201.2
picture_001425 0.969 1.0 54.4 449.0 209.2
picture_001425 0.781 1.0 20.0 122.8 151.7
picture_001425 0.269 1.0 203.8 417.4 326.1
picture_001425 0.129 1.0 87.5 306.7 123.6
picture_001425 0.126 96.9 36.0 449.0 66.1
picture_001425 0.110 1.0 1.0 197.0 398.1
picture_001425 0.102 178.9 1.0 420.4 1.0
picture_001425 0.072 1.0 1.0 449.0 7.1
picture_001425 0.064 1.0 224.4 449.0 257.6
picture_001429 0.783 160.4 177.4 313.2 430.7
picture_001429 0.177 38.8 186.6 450.0 299.7
picture_001429 0.171 127.4 1.0 307.9 275.0
picture_001429 0.108 1.0 300.6 29.0 530.0
picture_001429 0.084 1.0 489.2 303.5 530.0
picture_001429 0.054 46.6 1.0 187.3 239.7
picture_001429 0.052 33.9 98.3 93.1 170.3
picture_001444 0.996 34.2 304.2 220.1 398.0
picture_001444 0.985 23.1 92.8 294.9 398.0
picture_001444 0.973 1.0 232.9 1.0 343.1
picture_001444 0.963 3.3 1.0 107.4 398.0
picture_001444 0.852 1.0 8.4 65.6 89.0
picture_001444 0.821 210.8 338.2 263.8 398.0
picture_001444 0.805 248.1 1.0 386.0 267.7
picture_001444 0.628 130.0 1.0 272.1 1.0
picture_001444 0.610 324.6 112.6 386.0 192.3
picture_001444 0.387 1.0 1.0 1.0 398.0
picture_001444 0.317 1.0 340.8 1.0 398.0
picture_001444 0.308 25.6 264.6 56.8 353.7
picture_001444 0.197 1.0 379.1 208.8 398.0
