picture_000014 0.999 1.0 1.0 42.4 122.7
picture_000014 0.997 2.6 84.8 115.4 215.0
picture_000014 0.996 1.0 60.4 1.0 215.0
picture_000014 0.995 23.9 1.0 159.8 28.2
picture_000014 0.993 1.0 1.0 244.4 100.0
picture_000014 0.992 18.0 215.0 128.0 215.0
picture_000014 0.991 1.0 169.4 1.0 215.0
picture_000014 0.965 22.3 165.4 176.3 215.0
picture_000014 0.912 1.0 1.0 5.6 141.0
picture_000014 0.520 1.0 1.0 1.0 95.3
picture_000014 0.381 1.0 60.8 34.7 215.0
picture_000014 0.126 1.0 215.0 1.0 215.0
picture_000033 0.149 24.5 1.0 117.4 79.0
picture_000035 0.999 135.2 423.6 326.1 534.3
picture_000035 0.999 280.5 401.7 376.0 478.4
picture_000035 0.999 1.0 357.4 121.4 497.9
picture_000035 0.997 138.6 211.6 340.8 413.7
picture_000035 0.996 1.0 465.3 212.1 646.0
picture_000035 0.995 289.9 499.7 355.1 589.4
picture_000035 0.995 294.5 453.1 411.8 621.7
picture_000035 0.995 396.9 512.4 428.2 577.3
picture_000035 0.989 88.5 373.2 134.9 424.3
picture_000035 0.989 180.5 472.5 233.0 626.4
picture_000035 0.988 275.1 602.9 309.0 646.0
picture_000035 0.980 443.2 267.0 493.0 356.0
picture_000035 0.975 108.9 437.9 470.2 646.0
picture_000035 0.969 433.0 116.4 502.2 605.0
picture_000035 0.960 244.7 223.5 301.0 269.5
picture_000035 0.955 367.0 441.2 446.2 646.0
picture_000035 0.936 309.6 500.8 356.7 535.2
picture_000035 0.831 329.3 115.8 449.4 608.0
picture_000035 0.819 1.0 381.7 1.0 508.0
picture_000035 0.766 277.3 646.0 334.0 646.0
picture_000035 0.450 119.1 283.6 520.0 471.3
picture_000035 0.399 138.2 561.9 164.8 604.0
picture_000035 0.128 360.9 597.2 376.6 646.0
picture_000035 0.124 366.0 491.3 377.6 646.0
picture_000035 0.070 31.6 181.2 437.9 278.7
picture_000035 0.050 35.7 393.7 75.6 435.8
picture_000036 0.999 204.2 445.9 400.1 566.7
picture_000036 0.998 116.9 310.0 500.8 436.5
picture_000036 0.997 215.9 433.1 261.0 504.0
picture_000036 0.997 184.1 538.3 320.2 574.3
picture_000036 0.997 11.3 364.5 168.5 429.9
picture_000036 0.997 316.4 302.1 389.5 385.6
picture_000036 0.996 1.0 376.3 46.7 524.3
picture_000036 0.995 224.2 239.1 505.7 322.2
picture_000036 0.988 472.5 497.1 512.0 558.6
picture_000036 0.971 13.9 139.2 378.2 404.9
picture_000036 0.936 125.7 266.7 232.1 328.9
picture_000036 0.923 140.6 193.0 390.1 268.3
picture_000036 0.501 243.0 244.7 272.1 316.6
picture_000036 0.182 294.4 377.5 373.8 506.9
picture_000043 0.999 74.8 16.1 342.0 100.7
picture_000043 0.999 88.5 60.9 262.5 126.5
picture_000043 0.996 4.3 62.4 182.5 186.0
picture_000043 0.995 1.0 1.0 285.7 1.0
picture_000043 0.995 331.4 76.0 342.0 115.9
picture_000043 0.993 1.0 1.0 54.0 1.0
picture_000043 0.991 1.0 66.9 77.4 112.1
picture_000043 0.982 143.0 159.5 342.0 186.0
picture_000043 0.969 29.3 1.0 296.0 13.2
picture_000043 0.950 205.2 2.7 342.0 23.9
picture_000043 0.948 294.9 154.2 342.0 186.0
picture_000043 0.891 1.0 172.8 139.7 186.0
picture_000043 0.876 342.0 1.0 342.0 1.0
picture_000043 0.857 1.0 17.5 237.3 45.9
picture_000043 0.829 1.0 141.4 1.0 186.0
picture_000043 0.827 159.0 46.1 342.0 186.0
picture_000043 0.776 1.0 1.0 1.0 46.6
picture_000043 0.623 1.0 103.5 342.0 151.0
picture_000043 0.328 266.5 1.0 342.0 1.0
picture_000043 0.230 1.0 30.2 1.0 71.2
picture_000043 0.106 342.0 29.1 342.0 73.5
picture_000050 1.000 149.2 6.2 256.2 208.0
picture_000050 0.999 1.0 191.4 209.9 208.0
picture_000050 0.999 96.5 125.2 233.7 208.0
picture_000050 0.998 261.0 208.0 261.0 208.0
picture_000050 0.991 261.0 1.0 261.0 194.1
picture_000050 0.980 261.0 193.4 261.0 208.0
picture_000050 0.966 1.0 1.0 214.9 208.0
picture_000050 0.922 68.7 208.0 228.3 208.0
picture_000050 0.852 216.7 208.0 261.0 208.0
picture_000050 0.702 226.6 1.0 261.0 208.0
picture_000051 0.998 1.0 109.2 68.4 187.0
picture_000051 0.997 37.7 187.0 225.3 187.0
picture_000051 0.996 1.0 165.4 165.9 187.0
picture_000051 0.996 1.0 1.0 9.4 159.9
picture_000051 0.995 164.4 84.9 250.0 128.1
picture_000051 0.994 1.0 187.0 68.6 187.0
picture_000051 0.994 5.3 1.0 132.5 187.0
picture_000051 0.993 250.0 87.4 250.0 142.1
picture_000051 0.991 29.5 1.0 220.7 89.3
picture_000051 0.991 250.0 1.0 250.0 59.6
picture_000051 0.991 192.4 1.0 250.0 72.3
picture_000051 0.985 1.0 176.0 35.6 187.0
picture_000051 0.983 218.3 89.7 250.0 187.0
picture_000051 0.982 10.1 76.1 196.2 119.6
picture_000051 0.982 134.4 51.0 226.6 187.0
picture_000051 0.980 84.8 1.0 211.1 1.0
picture_000051 0.975 250.0 67.5 250.0 91.0
picture_000051 0.973 1.0 142.0 1.0 187.0
picture_000051 0.960 250.0 187.0 250.0 187.0
picture_000051 0.934 250.0 1.0 250.0 1.0
picture_000051 0.925 1.0 1.0 1.0 187.0
picture_000051 0.670 1.0 187.0 1.0 187.0
picture_000051 0.221 219.1 1.0 250.0 1.0
picture_000051 0.083 1.0 183.9 1.0 187.0
picture_000151 0.999 1.0 361.1 92.6 449.0
picture_000151 0.999 144.3 400.4 367.1 449.0
picture_000151 0.999 1.0 225.3 65.6 423.4
picture_000151 0.997 1.0 326.8 512.0 438.8
picture_000151 0.997 1.0 391.7 1.0 449.0
picture_000151 0.997 480.5 449.0 512.0 449.0
picture_000151 0.996 1.0 449.0 244.8 449.0
picture_000151 0.982 1.0 449.0 1.0 449.0
picture_000151 0.966 360.0 449.0 512.0 449.0
picture_000151 0.803 1.0 25.4 490.3 435.3
picture_000151 0.631 1.0 444.3 1.0 449.0
picture_000151 0.544 1.0 449.0 18.8 449.0
picture_000151 0.146 512.0 449.0 512.0 449.0
picture_000151 0.138 1.0 225.2 1.0 421.7
picture_000151 0.058 289.7 220.3 512.0 402.0
picture_000156 0.999 171.2 1.0 289.0 217.0
picture_000156 0.999 210.1 217.0 289.0 217.0
picture_000156 0.997 279.2 18.5 289.0 217.0
picture_000156 0.997 289.0 130.8 289.0 217.0
picture_000156 0.997 87.2 217.0 258.1 217.0
picture_000156 0.993 6.2 195.5 289.0 217.0
picture_000156 0.980 1.0 137.2 289.0 217.0
picture_000156 0.910 289.0 217.0 289.0 217.0
picture_000160 0.998 31.3 16.7 242.0 156.0
picture_000160 0.995 1.0 1.0 1.0 101.2
picture_000160 0.979 1.0 1.0 94.3 156.0
picture_000160 0.959 1.0 1.0 4.6 156.0
picture_000160 0.278 1.0 110.0 1.0 156.0
picture_000160 0.241 1.0 89.5 36.0 156.0
picture_000161 0.998 1.0 364.9 52.3 422.0
picture_000161 0.996 1.0 401.0 312.1 422.0
picture_000161 0.994 1.0 151.8 134.6 399.2
picture_000161 0.993 1.0 422.0 65.5 422.0
picture_000161 0.979 108.6 422.0 321.0 422.0
picture_000161 0.968 1.0 197.3 1.0 393.2
picture_000161 0.937 1.0 408.9 1.0 422.0
picture_000161 0.915 1.0 422.0 1.0 422.0
picture_000161 0.911 1.0 291.7 321.0 415.2
picture_000161 0.905 1.0 418.8 321.0 422.0
picture_000161 0.219 1.0 360.3 1.0 422.0
picture_000166 1.000 5.6 629.1 218.9 696.0
picture_000166 0.999 1.0 598.5 1.0 696.0
picture_000166 0.998 1.0 696.0 1.0 696.0
picture_000166 0.998 1.0 696.0 89.7 696.0
picture_000166 0.993 1.0 379.7 1.0 634.8
picture_000166 0.990 1.0 490.9 374.0 690.2
picture_000166 0.954 48.9 696.0 374.0 696.0
picture_000166 0.241 1.0 671.5 374.0 696.0
picture_000171 0.998 1.0 532.8 118.8 623.0
picture_000171 0.993 1.0 392.6 233.9 590.8
picture_000171 0.993 1.0 492.0 1.0 623.0
picture_000171 0.987 1.0 334.5 1.0 561.2
picture_000171 0.987 1.0 591.6 262.1 623.0
picture_000171 0.979 1.0 623.0 78.3 623.0
picture_000171 0.946 73.6 623.0 371.0 623.0
picture_000171 0.195 1.0 623.0 1.0 623.0
picture_000172 0.995 1.0 534.9 103.6 701.0
picture_000172 0.993 1.0 601.3 1.0 701.0
picture_000172 0.991 11.1 701.0 152.9 701.0
picture_000172 0.989 22.7 602.9 335.4 701.0
picture_000172 0.959 1.0 697.1 119.2 701.0
picture_000172 0.912 1.0 365.4 1.0 660.9
picture_000172 0.694 1.0 1.0 107.0 701.0
picture_000172 0.093 5.4 1.0 80.8 1.0
picture_000172 0.087 147.6 1.0 194.3 60.6
picture_000172 0.056 131.6 701.0 238.2 701.0
picture_000172 0.051 1.0 276.6 11.7 701.0
picture_000182 0.064 246.6 99.4 285.0 163.6
picture_000182 0.058 108.9 50.3 246.2 123.7
picture_000184 0.066 1.0 1.0 1.2 71.0
picture_000201 1.000 1.0 136.5 387.0 329.4
picture_000201 0.999 1.0 384.8 387.0 453.5
picture_000201 0.999 382.8 1.0 387.0 147.4
picture_000201 0.998 387.0 192.0 387.0 380.6
picture_000201 0.997 387.0 371.2 387.0 629.1
picture_000201 0.997 363.7 577.9 387.0 648.8
picture_000201 0.992 387.0 50.1 387.0 91.7
picture_000201 0.988 265.2 129.3 387.0 747.0
picture_000201 0.987 165.8 1.0 387.0 1.0
picture_000201 0.968 103.1 747.0 387.0 747.0
picture_000201 0.924 382.2 123.1 387.0 643.2
picture_000201 0.902 387.0 1.0 387.0 1.0
picture_000201 0.781 1.0 1.0 387.0 152.5
picture_000201 0.500 387.0 747.0 387.0 747.0
picture_000201 0.238 1.0 1.0 387.0 747.0
picture_000202 0.999 1.0 406.0 166.5 406.0
picture_000202 0.998 1.0 86.8 1.0 405.7
picture_000202 0.998 17.9 175.9 219.7 332.0
picture_000202 0.998 1.0 1.0 325.0 211.1
picture_000202 0.996 1.0 1.0 96.7 174.7
picture_000202 0.994 1.0 312.1 1.0 406.0
picture_000202 0.980 1.0 1.0 1.0 190.4
picture_000202 0.944 1.0 406.0 1.0 406.0
picture_000202 0.882 1.0 313.5 108.0 406.0
picture_000202 0.823 1.0 382.2 325.0 406.0
picture_000202 0.766 1.0 273.9 325.0 406.0
picture_000202 0.078 1.0 406.0 27.9 406.0
picture_000202 0.057 175.4 406.0 325.0 406.0
picture_000209 0.998 1.0 39.5 151.1 161.8
picture_000209 0.993 1.0 161.6 11.7 206.0
picture_000209 0.991 60.9 1.0 248.0 159.1
picture_000209 0.987 1.0 1.0 1.0 206.0
picture_000209 0.986 1.0 1.0 248.0 46.5
picture_000209 0.984 18.4 130.4 248.0 206.0
picture_000209 0.982 1.0 1.0 199.5 11.6
picture_000209 0.864 1.0 194.2 248.0 206.0
picture_000209 0.541 1.0 1.0 248.0 1.0
picture_000209 0.099 1.0 171.3 1.0 206.0
picture_000210 0.994 180.0 339.8 389.0 614.8
picture_000210 0.992 170.3 606.4 389.0 688.0
picture_000210 0.980 1.0 249.0 271.3 599.9
picture_000210 0.978 1.0 688.0 242.9 688.0
picture_000210 0.876 1.0 634.2 229.2 688.0
picture_000210 0.875 339.8 345.6 389.0 688.0
picture_000210 0.871 1.0 479.5 389.0 681.5
picture_000210 0.504 389.0 280.0 389.0 615.3
picture_000210 0.352 138.1 688.0 389.0 688.0
picture_000210 0.194 389.0 547.5 389.0 674.2
picture_000210 0.185 1.0 686.2 389.0 688.0
picture_000210 0.126 35.2 448.4 389.0 540.2
picture_000229 1.000 213.5 122.5 431.1 292.6
picture_000229 1.000 52.4 324.7 303.3 587.3
picture_000229 0.999 1.0 28.1 195.7 157.6
picture_000229 0.998 1.0 432.8 147.2 550.3
picture_000229 0.998 1.4 553.3 364.6 707.0
picture_000229 0.998 1.0 107.4 123.7 476.7
picture_000229 0.998 154.0 308.7 301.3 423.4
picture_000229 0.997 1.0 246.1 541.0 345.6
picture_000229 0.997 12.5 110.1 442.5 481.2
picture_000229 0.992 225.4 205.0 293.1 273.0
picture_000229 0.988 190.0 440.1 258.0 521.0
picture_000229 0.983 1.0 122.5 1.0 196.1
picture_000229 0.978 93.7 641.7 168.4 707.0
picture_000229 0.952 1.0 305.0 1.0 369.4
picture_000229 0.864 1.0 312.4 39.1 358.9
picture_000229 0.816 1.0 640.1 1.0 707.0
picture_000229 0.653 1.0 68.7 1.0 111.2
picture_000229 0.243 1.0 448.1 1.0 510.3
picture_000229 0.169 234.1 252.1 272.1 308.5
picture_000229 0.116 184.7 32.6 269.2 49.2
picture_000229 0.080 96.5 71.6 156.1 106.0
picture_000230 0.997 148.8 410.1 362.2 666.0
picture_000230 0.997 308.3 278.6 440.0 567.1
picture_000230 0.996 229.9 168.8 285.0 428.5
picture_000230 0.995 1.0 203.9 440.0 551.4
picture_000230 0.993 317.3 69.1 440.0 192.0
picture_000230 0.993 95.2 1.0 313.3 449.0
picture_000230 0.990 91.7 132.3 309.8 212.2
picture_000230 0.990 1.0 53.1 100.2 196.2
picture_000230 0.988 26.7 386.4 122.6 517.1
picture_000230 0.979 5.8 291.7 135.3 666.0
picture_000230 0.975 1.0 1.0 72.9 578.4
picture_000230 0.940 364.0 303.9 415.1 411.4
picture_000230 0.875 223.3 666.0 308.8 666.0
picture_000230 0.866 319.6 32.7 409.0 114.5
picture_000230 0.833 1.0 213.3 40.6 365.8
picture_000230 0.122 1.0 666.0 90.5 666.0
picture_000230 0.100 88.2 1.0 232.8 1.0
picture_000231 1.000 76.6 429.4 250.9 565.6
picture_000231 1.000 1.0 549.3 55.2 644.0
picture_000231 0.999 1.0 519.0 1.0 644.0
picture_000231 0.997 1.0 362.5 383.7 532.9
picture_000231 0.997 128.2 189.1 527.0 217.6
picture_000231 0.996 40.8 129.1 319.5 387.1
picture_000231 0.995 78.4 522.6 148.9 566.0
picture_000231 0.994 1.0 565.8 216.9 644.0
picture_000231 0.993 228.7 290.3 527.0 344.0
picture_000231 0.991 1.0 455.3 1.0 536.0
picture_000231 0.990 248.3 129.7 527.0 174.0
picture_000231 0.989 1.0 297.1 14.7 644.0
picture_000231 0.979 1.0 615.2 527.0 644.0
picture_000231 0.973 1.0 495.5 527.0 644.0
picture_000231 0.973 392.5 323.6 527.0 348.2
picture_000231 0.969 176.0 1.0 330.5 252.6
picture_000231 0.964 1.0 232.6 527.0 298.5
picture_000231 0.960 348.5 275.4 527.0 288.3
picture_000231 0.959 1.0 405.4 1.0 432.2
picture_000231 0.892 1.0 272.6 233.2 296.7
picture_000231 0.859 1.0 219.0 527.0 247.6
picture_000231 0.752 1.0 188.9 328.9 202.8
picture_000231 0.705 1.0 35.9 1.0 45.2
picture_000231 0.507 1.0 157.7 527.0 210.2
picture_000231 0.479 86.6 546.2 277.1 557.4
picture_000231 0.407 481.8 644.0 527.0 644.0
picture_000231 0.282 527.0 182.9 527.0 200.0
picture_000231 0.260 1.0 254.7 1.0 266.8
picture_000231 0.090 5.2 530.9 45.1 555.0
picture_000232 0.996 283.2 571.4 436.6 604.0
picture_000232 0.994 408.5 506.4 524.0 585.6
picture_000232 0.990 104.3 573.9 152.9 604.0
picture_000232 0.988 1.0 562.2 524.0 604.0
picture_000232 0.983 155.2 604.0 524.0 604.0
picture_000232 0.965 524.0 576.5 524.0 604.0
picture_000232 0.957 389.0 604.0 457.8 604.0
picture_000232 0.939 322.3 579.7 350.4 604.0
picture_000232 0.856 1.0 493.2 524.0 589.3
picture_000232 0.660 524.0 604.0 524.0 604.0
picture_000232 0.451 1.0 604.0 292.3 604.0
picture_000232 0.089 1.0 604.0 1.0 604.0
picture_000232 0.068 476.3 604.0 524.0 604.0
picture_000232 0.063 306.8 604.0 385.6 604.0
picture_000237 0.979 124.0 211.3 235.6 224.6
picture_000237 0.951 180.9 168.4 237.4 187.8
picture_000237 0.942 185.5 236.4 230.2 246.1
picture_000237 0.906 152.0 272.1 200.2 289.8
picture_000237 0.791 184.1 259.7 233.1 270.4
picture_000237 0.789 122.1 280.8 189.2 301.4
picture_000237 0.784 216.1 130.5 274.1 183.3
picture_000237 0.780 95.7 150.3 204.3 187.4
picture_000237 0.753 182.7 117.3 251.8 162.4
picture_000237 0.455 253.2 253.6 271.1 277.5
picture_000237 0.446 183.3 341.8 227.2 361.5
picture_000237 0.444 189.4 296.8 236.5 313.2
picture_000237 0.283 101.5 304.6 150.6 332.5
picture_000237 0.130 216.8 186.8 355.3 295.6
picture_000238 1.000 1.0 112.5 291.2 248.7
picture_000238 1.000 1.0 1.0 132.2 201.4
picture_000238 1.000 1.0 352.7 304.2 453.9
picture_000238 0.999 1.0 217.9 176.7 349.1
picture_000238 0.999 1.0 270.6 42.3 494.3
picture_000238 0.999 153.4 155.0 559.0 289.5
picture_000238 0.998 1.0 184.3 1.0 241.0
picture_000238 0.996 1.0 1.0 252.1 520.0
picture_000238 0.995 1.0 360.2 85.3 405.1
picture_000238 0.992 1.0 125.7 1.0 318.6
picture_000238 0.981 1.0 114.0 14.6 259.4
picture_000238 0.978 41.2 1.0 251.2 1.0
picture_000238 0.967 37.9 520.0 170.8 520.0
picture_000238 0.963 1.0 120.0 1.0 158.7
picture_000238 0.952 1.0 467.8 29.2 520.0
picture_000238 0.943 1.0 152.1 1.0 192.6
picture_000238 0.934 1.0 43.1 1.0 140.7
picture_000238 0.930 1.0 520.0 1.0 520.0
picture_000238 0.900 175.2 173.3 366.9 195.0
picture_000238 0.839 92.8 520.0 559.0 520.0
picture_000238 0.815 1.0 1.0 1.0 1.0
picture_000238 0.625 194.5 1.0 559.0 1.0
picture_000238 0.473 1.0 9.3 559.0 210.6
picture_000238 0.409 1.0 269.9 1.0 360.6
picture_000238 0.398 136.0 320.6 559.0 520.0
picture_000238 0.086 1.0 1.0 1.0 26.0
picture_000238 0.061 1.0 444.3 224.9 520.0
picture_000240 0.997 289.6 198.0 649.0 245.0
picture_000240 0.996 462.2 58.2 649.0 110.0
picture_000240 0.993 1.0 279.9 511.2 337.6
picture_000240 0.973 1.0 164.7 649.0 193.8
picture_000240 0.952 1.0 124.0 579.4 169.7
picture_000240 0.951 575.9 259.6 649.0 282.7
picture_000240 0.942 618.0 168.0 649.0 202.4
picture_000240 0.892 153.8 353.7 518.9 356.0
picture_000240 0.782 1.0 250.0 649.0 276.2
picture_000240 0.414 1.0 341.3 649.0 356.0
picture_000240 0.376 1.0 185.3 649.0 327.6
picture_000240 0.295 124.4 1.0 521.2 100.2
picture_000240 0.231 362.0 356.0 649.0 356.0
picture_000240 0.223 144.4 356.0 471.1 356.0
picture_000240 0.193 649.0 1.0 649.0 53.2
picture_000241 0.997 1.0 357.6 51.2 553.0
picture_000241 0.996 33.5 298.7 336.0 391.8
picture_000241 0.995 1.0 123.2 168.6 468.7
picture_000241 0.989 1.0 114.5 1.0 553.0
picture_000241 0.988 1.0 553.0 37.9 553.0
picture_000241 0.971 1.0 344.8 1.0 459.6
picture_000241 0.964 33.7 1.0 249.5 1.0
picture_000241 0.909 1.0 1.0 1.0 66.9
picture_000241 0.867 20.6 63.7 384.8 553.0
picture_000241 0.852 1.0 553.0 1.0 553.0
picture_000241 0.320 1.0 495.1 1.0 553.0
picture_000241 0.206 1.0 1.0 466.0 70.7
picture_000241 0.201 1.0 85.4 1.0 188.3
picture_000242 0.998 137.1 217.4 227.4 341.0
picture_000242 0.996 201.6 333.2 250.5 341.0
picture_000242 0.993 1.0 227.7 123.6 341.0
picture_000242 0.983 313.8 169.2 485.0 341.0
picture_000242 0.981 151.1 39.5 274.8 341.0
picture_000242 0.977 79.8 1.0 103.4 314.5
picture_000242 0.968 9.6 22.3 430.9 341.0
picture_000242 0.963 65.8 165.5 89.3 341.0
picture_000242 0.937 1.0 120.3 26.6 341.0
picture_000242 0.921 203.1 204.1 253.4 341.0
picture_000242 0.903 455.6 55.3 472.1 327.6
picture_000242 0.890 1.0 205.1 1.0 341.0
picture_000242 0.540 126.2 1.0 161.1 286.4
picture_000242 0.481 137.6 341.0 181.2 341.0
picture_000242 0.262 290.6 341.0 317.3 341.0
picture_000242 0.152 152.3 7.3 180.8 341.0
picture_000242 0.131 406.5 1.0 428.7 331.0
picture_000242 0.118 1.0 341.0 11.6 341.0
picture_000242 0.067 19.0 68.0 34.9 307.8
picture_000244 1.000 480.6 118.8 579.3 248.7
picture_000244 0.999 323.8 141.2 551.3 364.8
picture_000244 0.998 198.2 1.0 571.0 76.8
picture_000244 0.998 586.0 71.0 586.0 277.0
picture_000244 0.996 489.7 403.2 586.0 441.0
picture_000244 0.989 431.5 1.0 566.2 1.0
picture_000244 0.987 530.3 73.5 586.0 441.0
picture_000244 0.972 586.0 1.0 586.0 63.3
picture_000244 0.965 467.7 242.4 586.0 267.2
picture_000244 0.945 586.0 280.0 586.0 441.0
picture_000244 0.919 586.0 441.0 586.0 441.0
picture_000244 0.896 542.5 441.0 586.0 441.0
picture_000244 0.613 586.0 1.0 586.0 1.0
picture_000244 0.227 586.0 128.1 586.0 160.7
picture_000245 1.000 85.8 133.3 131.1 210.0
picture_000245 0.999 48.7 89.8 173.0 316.7
picture_000245 0.999 86.8 131.7 140.4 508.0
picture_000245 0.999 37.7 1.0 169.3 69.9
picture_000245 0.998 1.0 1.0 45.2 1.0
picture_000245 0.997 1.0 1.0 1.0 175.3
picture_000245 0.997 1.0 57.3 1.0 505.5
picture_000245 0.996 1.0 208.0 48.3 248.8
picture_000245 0.994 170.6 17.9 318.6 318.8
picture_000245 0.993 1.0 149.2 1.0 218.7
picture_000245 0.991 18.0 1.0 112.2 448.7
picture_000245 0.989 252.8 229.7 327.8 278.4
picture_000245 0.976 1.0 1.0 51.9 508.0
picture_000245 0.940 64.8 134.1 406.1 436.3
picture_000245 0.906 146.5 181.1 159.9 272.7
picture_000245 0.885 163.6 101.0 176.8 345.2
picture_000245 0.613 1.0 1.0 9.5 508.0
picture_000245 0.116 1.0 272.4 22.6 316.2
picture_000245 0.075 329.1 3.4 347.7 46.8
picture_000246 0.999 37.9 215.1 118.2 404.8
picture_000246 0.997 34.6 247.5 76.1 365.1
picture_000246 0.995 35.1 386.9 97.7 479.9
picture_000246 0.994 385.5 647.0 511.0 647.0
picture_000246 0.992 125.7 315.4 193.1 533.1
picture_000246 0.983 1.0 220.3 1.0 390.9
picture_000246 0.982 511.0 549.4 511.0 647.0
picture_000246 0.976 1.0 468.7 511.0 647.0
picture_000246 0.975 1.0 364.8 235.7 567.5
picture_000246 0.944 61.0 58.7 203.9 390.9
picture_000246 0.887 1.0 465.8 1.0 594.2
picture_000246 0.816 22.9 209.2 44.2 272.2
picture_000246 0.382 1.0 628.9 492.0 647.0
picture_000246 0.304 1.0 647.0 511.0 647.0
picture_000246 0.297 348.6 208.3 511.0 644.4
picture_000246 0.246 193.7 339.3 375.7 624.8
picture_000247 0.065 370.3 261.3 602.1 365.0
picture_000249 1.000 219.8 548.4 467.4 660.0
picture_000249 0.999 107.8 660.0 510.0 660.0
picture_000249 0.999 1.0 601.8 1.0 660.0
picture_000249 0.998 1.0 660.0 1.0 660.0
picture_000249 0.997 1.0 201.3 142.6 660.0
picture_000249 0.996 510.0 612.6 510.0 660.0
picture_000249 0.971 1.0 448.6 510.0 660.0
picture_000249 0.970 331.2 1.0 370.1 93.2
picture_000249 0.959 362.5 1.0 414.3 92.0
picture_000249 0.948 353.3 39.9 397.6 145.3
picture_000249 0.943 510.0 660.0 510.0 660.0
picture_000249 0.910 1.0 660.0 66.6 660.0
picture_000249 0.814 460.5 42.4 510.0 150.4
picture_000249 0.792 321.4 1.0 391.9 1.0
picture_000249 0.783 404.1 1.0 483.4 40.7
picture_000249 0.780 222.4 1.0 380.0 49.7
picture_000249 0.750 325.3 139.3 382.2 318.9
picture_000249 0.624 418.6 660.0 510.0 660.0
picture_000249 0.603 414.8 51.7 441.7 172.5
picture_000249 0.528 328.1 24.2 451.5 356.1
picture_000249 0.341 343.8 166.7 377.2 196.5
picture_000249 0.301 262.7 1.0 294.6 34.1
picture_000249 0.135 395.0 1.0 510.0 13.0
picture_000249 0.111 340.4 228.3 374.6 313.2
picture_000249 0.096 456.9 8.3 490.5 45.9
picture_000249 0.068 312.4 1.0 388.0 18.8
picture_000249 0.064 286.0 33.0 316.5 121.7
picture_000249 0.063 281.1 179.8 315.7 220.0
picture_000255 0.989 1.0 60.9 74.7 147.5
picture_000255 0.986 1.0 128.0 137.3 221.0
picture_000255 0.977 1.0 30.6 272.0 221.0
picture_000255 0.976 1.0 221.0 38.2 221.0
picture_000255 0.967 1.0 1.0 272.0 66.2
picture_000255 0.957 1.0 1.0 272.0 1.0
picture_000255 0.956 1.0 221.0 272.0 221.0
picture_000255 0.950 102.8 91.7 272.0 140.6
picture_000255 0.820 1.0 1.0 272.0 17.8
picture_000255 0.785 1.0 194.3 272.0 221.0
picture_000255 0.663 215.4 1.0 272.0 26.1
picture_000258 0.998 49.0 241.5 300.4 370.0
picture_000258 0.998 1.0 246.3 1.0 370.0
picture_000258 0.997 1.0 370.0 95.2 370.0
picture_000258 0.994 1.0 151.3 63.1 324.3
picture_000258 0.994 1.0 336.7 1.0 370.0
picture_000258 0.992 368.4 370.0 443.0 370.0
picture_000258 0.989 1.0 338.5 374.4 370.0
picture_000258 0.968 270.5 161.9 443.0 341.0
picture_000258 0.834 202.9 370.0 224.2 370.0
picture_000258 0.414 1.0 370.0 1.0 370.0
picture_000258 0.392 1.0 370.0 443.0 370.0
picture_000258 0.350 231.8 370.0 304.6 370.0
picture_000260 0.995 1.5 403.6 57.6 458.6
picture_000260 0.994 1.0 291.1 1.0 402.2
picture_000260 0.991 1.0 388.5 1.4 483.2
picture_000260 0.991 1.0 448.6 1.0 515.7
picture_000260 0.984 1.0 175.5 19.4 286.6
picture_000260 0.980 1.0 467.2 51.0 530.0
picture_000260 0.967 1.0 190.1 50.9 475.7
picture_000260 0.950 1.0 530.0 32.1 530.0
picture_000260 0.925 1.0 285.8 36.2 306.2
picture_000260 0.878 16.4 98.6 75.5 365.0
picture_000260 0.715 1.6 109.5 64.3 142.4
picture_000261 0.999 1.0 139.8 98.9 340.0
picture_000261 0.999 1.0 157.3 327.6 340.0
picture_000261 0.999 134.2 42.9 232.1 226.6
picture_000261 0.999 1.0 99.5 98.4 200.0
picture_000261 0.997 90.4 340.0 345.7 340.0
picture_000261 0.997 128.7 1.0 354.0 123.8
picture_000261 0.997 79.3 1.0 301.8 24.2
picture_000261 0.997 1.0 1.0 275.5 1.0
picture_000261 0.996 1.0 1.0 213.5 212.2
picture_000261 0.994 354.0 340.0 354.0 340.0
picture_000261 0.991 1.0 1.0 1.0 147.5
picture_000261 0.963 1.0 340.0 1.7 340.0
picture_000261 0.960 1.0 332.3 1.0 340.0
picture_000261 0.769 313.1 340.0 354.0 340.0
picture_000261 0.592 342.7 1.0 354.0 43.7
picture_000261 0.359 1.0 340.0 100.2 340.0
picture_000261 0.198 306.9 1.0 354.0 340.0
picture_000265 0.978 24.2 1.0 116.9 701.0
picture_000265 0.948 1.0 1.0 5.7 701.0
picture_000265 0.944 1.0 1.0 58.3 701.0
picture_000265 0.799 1.0 255.5 1.0 701.0
picture_000265 0.771 1.0 679.2 1.0 701.0
picture_000265 0.708 1.0 1.0 1.0 300.2
picture_000268 0.999 138.7 246.7 295.3 359.0
picture_000268 0.999 1.0 243.1 215.3 395.3
picture_000268 0.998 46.7 1.0 204.0 259.6
picture_000268 0.998 1.0 481.5 150.7 637.0
picture_000268 0.998 106.8 411.6 188.3 550.0
picture_000268 0.998 148.8 22.8 385.0 503.7
picture_000268 0.994 1.0 170.0 249.7 626.8
picture_000268 0.994 1.0 336.7 1.0 487.7
picture_000268 0.993 67.6 454.1 105.4 637.0
picture_000268 0.992 69.3 618.3 136.9 637.0
picture_000268 0.991 28.5 401.7 111.3 490.4
picture_000268 0.982 1.0 245.9 1.0 327.1
picture_000268 0.973 159.6 297.6 465.0 397.8
picture_000268 0.972 1.0 112.2 1.0 207.4
picture_000268 0.938 89.5 404.5 306.5 637.0
picture_000268 0.924 1.0 322.7 465.0 493.5
picture_000268 0.897 1.0 374.7 47.7 412.3
picture_000268 0.740 1.0 27.4 116.8 50.5
picture_000268 0.655 49.4 1.0 244.4 1.0
picture_000268 0.264 1.0 63.0 1.0 97.5
picture_000268 0.180 286.1 486.8 429.7 529.3
picture_000268 0.055 357.4 405.7 452.3 483.5
picture_000268 0.051 213.5 1.0 305.1 23.3
picture_000269 0.985 220.0 374.7 253.2 495.7
picture_000269 0.975 211.6 448.9 270.1 504.0
picture_000269 0.962 235.4 319.3 323.9 490.0
picture_000269 0.959 233.8 504.0 307.2 504.0
picture_000269 0.958 225.1 472.5 329.0 504.0
picture_000269 0.954 289.8 381.6 329.0 494.6
picture_000269 0.922 113.1 460.9 241.1 504.0
picture_000269 0.921 83.1 387.8 168.3 504.0
picture_000269 0.918 199.0 265.8 249.1 504.0
picture_000269 0.884 94.6 504.0 135.3 504.0
picture_000269 0.874 304.2 121.2 329.0 504.0
picture_000269 0.848 329.0 117.1 329.0 489.5
picture_000269 0.826 106.5 200.2 157.3 459.6
picture_000269 0.725 329.0 504.0 329.0 504.0
picture_000269 0.452 124.5 200.2 241.0 471.2
picture_000276 0.086 11.4 268.6 585.0 575.2
picture_000279 0.073 287.3 1.0 504.9 430.8
picture_000282 0.987 129.5 129.2 203.0 197.0
picture_000282 0.959 214.2 136.5 266.1 197.0
picture_000282 0.950 138.8 193.1 348.0 197.0
picture_000282 0.905 84.7 173.8 118.1 197.0
picture_000282 0.844 207.2 197.0 269.4 197.0
picture_000282 0.837 155.9 156.0 348.0 197.0
picture_000282 0.833 140.5 197.0 166.0 197.0
picture_000282 0.817 248.4 197.0 348.0 197.0
picture_000282 0.810 149.8 46.2 348.0 180.4
picture_000282 0.792 193.9 82.0 222.1 197.0
picture_000282 0.636 117.3 1.0 164.4 197.0
picture_000282 0.498 1.0 106.2 4.0 191.2
picture_000282 0.468 348.0 148.2 348.0 197.0
picture_000282 0.458 32.8 5.4 53.9 165.9
picture_000282 0.346 213.4 23.4 246.3 169.8
picture_000282 0.325 63.1 105.3 80.1 190.9
picture_000282 0.184 1.0 197.0 231.8 197.0
picture_000282 0.121 222.2 1.0 284.1 197.0
picture_000282 0.074 28.8 197.0 48.2 197.0
picture_000292 0.103 1.3 45.6 195.9 122.8
picture_000296 0.208 424.6 485.3 466.3 562.9
picture_000302 0.262 138.8 156.4 241.6 382.7
picture_000302 0.197 152.4 377.9 310.5 437.0
picture_000302 0.131 289.6 344.5 377.7 437.0
picture_000302 0.096 120.7 135.5 372.7 176.9
picture_000302 0.052 115.3 167.3 374.1 213.9
picture_000306 0.072 127.0 237.9 583.5 348.7
picture_000306 0.056 369.2 176.3 511.5 254.5
picture_000306 0.055 150.4 170.5 465.6 274.9
picture_000319 0.537 269.4 207.3 439.8 314.9
picture_000319 0.054 339.9 133.7 408.0 198.3
picture_000325 0.999 186.7 73.4 252.1 202.6
picture_000325 0.999 35.1 121.3 126.3 162.0
picture_000325 0.999 239.9 130.9 292.0 180.8
picture_000325 0.998 191.0 146.6 247.2 171.2
picture_000325 0.998 13.0 79.5 129.3 191.8
picture_000325 0.997 89.5 29.8 113.3 182.8
picture_000325 0.994 245.4 1.0 298.9 1.0
picture_000325 0.993 257.5 108.3 268.8 177.6
picture_000325 0.987 1.0 178.3 83.5 227.3
picture_000325 0.984 84.4 37.6 137.6 54.1
picture_000325 0.982 56.9 14.4 157.7 62.7
picture_000325 0.970 29.2 137.7 36.1 243.0
picture_000325 0.928 130.1 218.3 148.7 243.0
picture_000325 0.917 142.6 1.0 166.4 16.2
picture_000325 0.913 286.8 74.3 298.9 104.0
picture_000325 0.843 202.8 41.5 236.2 51.8
picture_000325 0.823 207.9 151.4 219.9 174.6
picture_000325 0.780 99.9 115.3 111.3 140.3
picture_000325 0.664 332.0 139.8 332.0 167.0
picture_000325 0.491 153.5 6.7 166.7 25.6
picture_000325 0.369 82.7 1.0 125.2 1.0
picture_000325 0.243 173.8 172.8 182.3 213.0
picture_000325 0.206 260.4 104.5 278.6 116.3
picture_000334 0.073 76.3 1.0 360.9 98.9
picture_000334 0.052 1.0 1.0 274.8 24.8
picture_000356 0.999 1.0 172.8 18.3 350.7
picture_000356 0.999 1.0 130.2 109.4 541.1
picture_000356 0.992 1.0 1.0 1.0 117.1
picture_000356 0.991 1.0 546.1 13.4 549.0
picture_000356 0.987 18.5 107.1 365.0 411.5
picture_000356 0.985 1.0 33.4 1.0 549.0
picture_000356 0.984 1.0 317.3 1.0 450.0
picture_000356 0.961 58.8 1.0 217.6 37.0
picture_000356 0.431 1.0 549.0 1.0 549.0
picture_000357 1.000 45.3 155.5 245.1 331.5
picture_000357 1.000 1.0 1.0 275.4 483.8
picture_000357 1.000 174.9 10.9 390.5 181.7
picture_000357 0.999 1.0 1.0 282.4 1.0
picture_000357 0.999 122.0 113.0 197.2 241.7
picture_000357 0.999 62.2 501.0 212.7 501.0
picture_000357 0.999 434.0 255.9 434.0 435.5
picture_000357 0.998 1.0 5.5 1.0 105.4
picture_000357 0.997 1.0 413.5 18.3 501.0
picture_000357 0.996 1.0 381.2 1.0 487.9
picture_000357 0.982 1.0 53.3 1.0 376.7
picture_000357 0.945 1.0 303.8 434.0 501.0
picture_000357 0.744 1.0 1.0 32.4 501.0
picture_000357 0.306 1.0 1.0 1.0 1.0
picture_000357 0.173 1.0 501.0 1.0 501.0
picture_000357 0.081 1.0 1.0 63.9 1.0
picture_000359 0.999 75.4 134.1 267.5 212.0
picture_000359 0.998 1.0 212.0 24.3 212.0
picture_000359 0.998 1.0 47.1 16.2 190.7
picture_000359 0.997 41.3 62.1 222.6 131.5
picture_000359 0.996 192.7 1.9 302.0 212.0
picture_000359 0.994 258.6 17.3 302.0 127.8
picture_000359 0.992 1.0 18.9 302.0 85.6
picture_000359 0.990 1.0 155.9 1.0 212.0
picture_000359 0.989 1.0 1.0 225.3 24.1
picture_000359 0.981 1.0 107.6 302.0 158.6
picture_000359 0.968 1.0 1.0 302.0 1.0
picture_000359 0.964 1.0 1.0 1.0 87.0
picture_000359 0.932 302.0 2.9 302.0 87.1
picture_000359 0.902 1.0 30.7 1.0 191.0
picture_000359 0.896 302.0 114.2 302.0 212.0
picture_000359 0.883 1.0 1.0 238.5 212.0
picture_000363 0.998 1.0 204.3 149.8 385.0
picture_000363 0.998 1.0 360.9 87.9 385.0
picture_000363 0.998 1.0 297.7 16.3 385.0
picture_000363 0.995 1.0 97.7 1.0 385.0
picture_000363 0.980 1.0 128.4 45.9 322.3
picture_000363 0.900 1.0 385.0 1.0 385.0
picture_000363 0.683 17.4 1.0 363.1 293.3
picture_000363 0.051 1.0 317.1 1.0 385.0
picture_000364 1.000 129.0 86.8 276.6 196.3
picture_000364 0.999 188.4 1.0 394.0 43.7
picture_000364 0.999 57.1 1.0 284.7 103.2
picture_000364 0.998 114.9 111.4 186.5 190.4
picture_000364 0.996 30.1 225.8 130.5 343.0
picture_000364 0.996 264.7 25.2 394.0 197.1
picture_000364 0.996 182.0 158.9 394.0 343.0
picture_000364 0.994 55.9 324.3 187.4 343.0
picture_000364 0.993 1.0 1.0 240.8 343.0
picture_000364 0.992 229.7 86.5 292.8 302.4
picture_000364 0.990 328.5 68.6 385.0 263.6
picture_000364 0.982 1.0 138.9 66.0 181.6
picture_000364 0.982 1.0 60.1 394.0 155.7
picture_000364 0.981 60.0 1.0 222.6 1.0
picture_000364 0.977 394.0 70.8 394.0 184.3
picture_000364 0.975 23.1 343.0 157.7 343.0
picture_000364 0.973 1.0 1.0 1.0 323.2
picture_000364 0.967 327.9 1.0 389.1 127.2
picture_000364 0.960 377.2 28.3 394.0 60.3
picture_000364 0.959 394.0 1.0 394.0 67.8
picture_000364 0.949 314.9 1.0 394.0 1.0
picture_000364 0.945 1.0 1.0 40.1 1.0
picture_000364 0.938 1.0 192.8 25.1 343.0
picture_000364 0.937 220.2 50.0 348.3 124.7
picture_000364 0.909 167.8 83.5 222.3 120.3
picture_000364 0.901 1.0 337.0 1.0 343.0
picture_000364 0.884 255.6 343.0 331.3 343.0
picture_000364 0.879 394.0 320.4 394.0 343.0
picture_000364 0.846 202.6 59.0 254.5 89.4
picture_000364 0.826 83.4 132.1 394.0 220.8
picture_000364 0.798 151.3 1.0 369.3 1.0
picture_000364 0.750 394.0 246.1 394.0 282.6
picture_000364 0.722 394.0 281.1 394.0 322.0
picture_000364 0.586 77.7 196.0 263.6 343.0
picture_000364 0.441 208.1 307.7 394.0 343.0
picture_000364 0.426 1.0 248.3 1.0 294.6
picture_000364 0.288 1.0 343.0 14.7 343.0
picture_000364 0.101 18.1 1.0 84.9 1.0
picture_000364 0.100 394.0 94.6 394.0 127.6
picture_000364 0.067 262.6 1.0 343.5 5.4
picture_000364 0.065 1.0 343.0 1.0 343.0
picture_000364 0.055 394.0 1.0 394.0 1.0
picture_000368 1.000 146.6 208.5 267.0 340.0
picture_000368 1.000 245.0 141.0 286.0 340.0
picture_000368 0.999 51.1 100.6 286.0 328.7
picture_000368 0.999 7.4 250.5 201.6 340.0
picture_000368 0.995 286.0 322.6 286.0 340.0
picture_000368 0.993 286.0 340.0 286.0 340.0
picture_000368 0.992 36.1 330.2 286.0 340.0
picture_000368 0.990 286.0 215.7 286.0 340.0
picture_000368 0.988 35.8 340.0 185.6 340.0
picture_000372 1.000 174.8 264.0 254.4 264.0
picture_000372 1.000 126.3 46.7 292.0 252.6
picture_000372 1.000 290.7 14.3 292.0 245.9
picture_000372 0.999 41.0 1.0 205.6 235.8
picture_000372 0.999 1.0 160.4 207.4 264.0
picture_000372 0.998 229.7 163.3 292.0 264.0
picture_000372 0.950 292.0 264.0 292.0 264.0
picture_000372 0.916 256.8 1.0 292.0 264.0
picture_000372 0.877 253.4 264.0 292.0 264.0
picture_000373 1.000 1.0 1.0 151.3 120.1
picture_000373 0.998 1.0 57.4 1.0 180.0
picture_000373 0.996 1.0 1.0 276.3 1.0
picture_000373 0.995 1.0 208.5 146.0 239.8
picture_000373 0.992 1.0 262.2 1.0 308.6
picture_000373 0.990 58.1 78.1 319.0 114.8
picture_000373 0.990 1.0 1.0 1.0 1.0
picture_000373 0.986 1.0 1.0 319.0 25.9
picture_000373 0.977 161.3 281.6 319.0 337.8
picture_000373 0.957 1.0 89.5 319.0 216.9
picture_000373 0.923 1.0 91.2 1.0 111.3
picture_000373 0.899 1.0 1.0 1.0 5.4
picture_000373 0.824 1.0 152.1 1.0 183.5
picture_000373 0.768 207.9 1.0 319.0 1.0
picture_000373 0.468 1.0 309.3 1.0 379.6
picture_000373 0.136 1.0 1.0 37.6 1.0
picture_000373 0.054 1.0 1.0 216.0 509.0
picture_000374 0.997 20.7 52.5 244.4 391.0
picture_000374 0.996 1.0 1.0 24.6 386.4
picture_000374 0.995 54.4 1.0 347.0 6.6
picture_000374 0.994 7.2 1.0 256.9 1.0
picture_000374 0.990 1.0 28.4 85.1 391.0
picture_000374 0.989 1.0 15.0 198.3 135.1
picture_000374 0.988 1.0 36.0 16.1 182.5
picture_000374 0.986 1.0 343.5 39.3 391.0
picture_000374 0.966 1.0 391.0 1.0 391.0
picture_000374 0.960 1.0 1.0 1.0 352.2
picture_000374 0.943 1.0 260.4 1.0 391.0
picture_000374 0.928 1.0 1.0 1.0 49.9
picture_000374 0.897 43.6 391.0 347.0 391.0
picture_000375 1.000 132.6 154.9 289.0 333.0
picture_000375 0.999 79.0 1.0 265.9 78.5
picture_000375 0.999 68.4 415.0 267.5 415.0
picture_000375 0.999 11.2 1.0 267.5 329.1
picture_000375 0.998 235.0 39.7 319.0 88.3
picture_000375 0.998 27.3 1.0 265.3 1.0
picture_000375 0.997 319.0 1.0 319.0 94.6
picture_000375 0.996 1.0 272.3 267.6 415.0
picture_000375 0.994 319.0 278.1 319.0 415.0
picture_000375 0.986 237.3 1.0 319.0 1.0
picture_000375 0.936 319.0 378.7 319.0 415.0
picture_000375 0.844 319.0 94.3 319.0 368.9
picture_000375 0.670 319.0 415.0 319.0 415.0
picture_000378 0.995 84.6 28.8 113.8 290.0
picture_000378 0.994 1.0 290.0 108.1 290.0
picture_000378 0.994 36.8 267.1 106.8 290.0
picture_000378 0.994 61.2 167.5 153.4 290.0
picture_000378 0.991 1.0 97.8 213.4 290.0
picture_000378 0.983 1.0 240.5 262.5 290.0
picture_000378 0.979 25.3 83.0 81.9 290.0
picture_000378 0.979 1.0 214.6 1.0 290.0
picture_000378 0.976 1.0 173.0 22.1 290.0
picture_000378 0.974 167.2 290.0 215.2 290.0
picture_000378 0.932 227.7 73.2 327.0 290.0
picture_000378 0.911 1.0 290.0 1.0 290.0
picture_000378 0.894 89.1 290.0 120.5 290.0
picture_000378 0.870 45.7 235.4 75.7 290.0
picture_000378 0.855 1.0 1.0 1.0 252.6
picture_000378 0.108 153.7 290.0 327.0 290.0
picture_000378 0.065 76.6 22.8 327.0 238.9
picture_000378 0.052 1.0 290.0 4.4 290.0
picture_000380 0.998 1.0 144.2 89.5 314.0
picture_000380 0.992 1.0 277.9 1.0 336.0
picture_000380 0.987 1.0 25.2 1.0 336.0
picture_000380 0.976 1.0 1.0 318.0 268.9
picture_000380 0.958 1.0 102.0 13.2 336.0
picture_000383 0.993 1.0 93.4 177.8 215.5
picture_000383 0.993 1.0 244.7 60.8 535.0
picture_000383 0.990 115.9 1.0 264.9 151.3
picture_000383 0.990 25.6 56.5 122.1 168.0
picture_000383 0.989 109.5 212.6 272.1 333.6
picture_000383 0.984 225.0 98.3 354.4 340.1
picture_000383 0.984 105.7 217.8 177.2 445.1
picture_000383 0.982 1.0 311.6 13.3 535.0
picture_000383 0.982 1.0 111.5 1.0 535.0
picture_000383 0.980 57.9 155.5 417.6 472.8
picture_000383 0.979 44.5 59.9 419.6 249.0
picture_000383 0.979 9.6 189.5 322.2 269.5
picture_000383 0.942 1.0 134.6 15.1 230.0
picture_000383 0.931 139.4 169.7 222.2 244.8
picture_000383 0.910 169.4 247.9 228.0 375.8
picture_000383 0.871 1.0 308.4 295.6 535.0
picture_000383 0.866 97.0 436.1 176.4 494.0
picture_000383 0.862 1.0 1.0 5.2 535.0
picture_000383 0.850 1.0 431.9 1.0 535.0
picture_000383 0.703 1.0 67.8 1.0 225.9
picture_000383 0.296 154.3 310.1 369.6 385.1
picture_000383 0.289 1.0 25.0 1.0 119.5
picture_000383 0.168 1.0 300.9 1.0 383.6
picture_000383 0.088 232.4 535.0 315.0 535.0
picture_000383 0.062 1.0 212.7 27.9 418.5
picture_000383 0.058 1.0 228.8 1.0 342.0
picture_000386 1.000 42.3 193.2 251.6 250.0
picture_000386 0.998 1.0 37.0 269.7 250.0
picture_000386 0.998 283.0 128.2 294.0 250.0
picture_000386 0.993 294.0 250.0 294.0 250.0
picture_000386 0.991 51.6 250.0 294.0 250.0
picture_000386 0.917 294.0 161.5 294.0 250.0
picture_000386 0.870 115.7 227.4 294.0 250.0
picture_000422 1.000 17.9 306.7 140.9 447.0
picture_000422 1.000 1.0 1.0 58.8 160.9
picture_000422 0.999 1.0 1.0 212.9 344.8
picture_000422 0.998 1.0 359.7 1.0 528.7
picture_000422 0.998 1.0 206.6 275.8 559.0
picture_000422 0.998 1.0 40.9 1.0 163.3
picture_000422 0.997 1.0 115.1 1.0 437.5
picture_000422 0.997 145.9 1.0 317.0 174.3
picture_000422 0.995 1.0 559.0 121.8 559.0
picture_000422 0.994 44.2 1.0 118.9 1.0
picture_000422 0.983 1.0 49.7 2.2 559.0
picture_000422 0.783 39.6 1.0 133.2 191.9
picture_000422 0.423 1.0 1.0 1.0 17.6
picture_000422 0.199 1.0 1.0 72.7 559.0
picture_000422 0.061 115.3 1.0 224.7 1.0
picture_000422 0.052 1.0 559.0 1.0 559.0
picture_000423 0.997 1.0 1.0 170.0 131.3
picture_000423 0.995 1.0 1.0 1.0 321.4
picture_000423 0.990 1.0 162.6 1.0 238.8
picture_000423 0.981 1.0 1.0 89.9 406.0
picture_000423 0.853 1.0 1.0 1.0 17.0
picture_000423 0.831 1.0 1.0 8.3 264.8
picture_000423 0.054 1.0 19.2 1.0 35.5
picture_000424 0.999 1.0 101.7 248.7 214.2
picture_000424 0.998 1.0 1.0 270.4 1.0
picture_000424 0.997 208.0 1.0 345.0 71.5
picture_000424 0.985 1.0 177.5 345.0 324.0
picture_000424 0.981 49.1 1.0 345.0 280.0
picture_000424 0.961 345.0 129.2 345.0 256.9
picture_000424 0.894 268.0 173.5 345.0 227.2
picture_000424 0.891 262.5 179.3 297.3 241.4
picture_000424 0.888 206.5 212.5 222.5 272.2
picture_000424 0.828 300.8 220.7 315.4 281.3
picture_000424 0.823 226.5 154.9 253.5 211.0
picture_000424 0.818 325.9 171.4 345.0 324.0
picture_000424 0.813 345.0 1.0 345.0 1.0
picture_000424 0.800 238.0 199.7 259.7 285.5
picture_000424 0.628 263.9 149.4 302.4 164.7
picture_000424 0.537 248.7 176.0 265.9 197.7
picture_000424 0.499 192.1 1.0 345.0 1.0
picture_000424 0.408 306.5 2.5 345.0 111.2
picture_000424 0.216 223.7 284.4 237.5 324.0
picture_000424 0.165 279.9 267.8 296.0 292.7
picture_000424 0.156 280.3 84.4 336.6 166.3
picture_000424 0.101 221.2 216.6 235.4 239.8
picture_000424 0.095 288.4 202.7 297.3 243.0
picture_000424 0.082 330.2 84.5 345.0 129.9
picture_000424 0.069 121.3 249.2 205.9 269.6
picture_000424 0.054 345.0 251.8 345.0 270.0
picture_000430 0.999 319.2 370.7 435.5 630.6
picture_000430 0.996 210.1 530.4 315.3 674.0
picture_000430 0.994 428.7 1.0 577.0 508.2
picture_000430 0.992 202.0 272.9 371.2 674.0
picture_000430 0.981 577.0 201.3 577.0 642.3
picture_000430 0.969 407.4 575.8 440.5 674.0
picture_000430 0.953 289.0 46.4 320.3 404.2
picture_000430 0.923 266.1 70.8 478.2 674.0
picture_000430 0.907 314.5 302.4 342.0 674.0
picture_000430 0.830 198.1 674.0 231.4 674.0
picture_000430 0.622 454.2 613.0 488.2 674.0
picture_000430 0.430 577.0 674.0 577.0 674.0
picture_000430 0.375 270.0 332.0 309.3 674.0
picture_000430 0.353 140.3 1.0 233.0 425.6
picture_000430 0.324 1.0 654.3 42.8 674.0
picture_000430 0.240 275.6 674.0 313.6 674.0
picture_000430 0.075 577.0 601.6 577.0 674.0
picture_000431 0.999 27.3 475.0 245.3 647.0
picture_000431 0.999 1.0 442.8 55.4 647.0
picture_000431 0.999 1.0 28.0 116.9 520.3
picture_000431 0.994 1.0 647.0 1.0 647.0
picture_000431 0.992 1.0 424.4 1.0 647.0
picture_000431 0.964 44.9 195.8 304.0 525.6
picture_000431 0.896 1.0 143.5 1.0 454.6
picture_000431 0.489 50.0 647.0 241.1 647.0
picture_000431 0.082 1.0 1.0 12.2 647.0
picture_000435 1.000 1.0 143.0 134.5 373.4
picture_000435 1.000 1.0 374.3 383.8 409.0
picture_000435 0.999 5.5 144.0 452.0 370.2
picture_000435 0.999 1.0 355.2 1.0 409.0
picture_000435 0.998 126.5 293.4 452.0 409.0
picture_000435 0.998 1.0 409.0 452.0 409.0
picture_000435 0.994 1.0 409.0 39.7 409.0
picture_000435 0.993 235.8 11.0 329.6 351.4
picture_000435 0.987 452.0 73.5 452.0 361.0
picture_000435 0.984 1.0 1.0 25.2 409.0
picture_000435 0.966 452.0 331.9 452.0 409.0
picture_000435 0.956 1.0 235.0 1.0 387.6
picture_000435 0.949 1.0 347.4 67.3 409.0
picture_000435 0.929 452.0 409.0 452.0 409.0
picture_000435 0.765 1.0 409.0 1.0 409.0
picture_000438 0.996 287.9 144.6 379.0 259.0
picture_000438 0.987 372.2 1.0 379.0 221.9
picture_000438 0.986 155.9 253.2 379.0 259.0
picture_000438 0.986 85.6 170.5 379.0 259.0
picture_000438 0.965 74.1 259.0 359.7 259.0
picture_000438 0.921 155.5 1.0 351.7 259.0
picture_000438 0.880 379.0 259.0 379.0 259.0
picture_000438 0.878 274.7 259.0 379.0 259.0
picture_000438 0.779 379.0 120.0 379.0 259.0
picture_000439 1.000 23.1 315.0 189.6 438.3
picture_000439 0.999 161.6 239.3 367.5 391.1
picture_000439 0.999 1.0 337.4 1.0 450.0
picture_000439 0.999 1.0 423.5 212.3 450.0
picture_000439 0.999 1.0 169.2 1.0 370.4
picture_000439 0.999 251.4 446.8 405.0 450.0
picture_000439 0.996 1.0 423.1 1.0 450.0
picture_000439 0.995 1.0 450.0 1.0 450.0
picture_000439 0.955 204.8 450.0 273.0 450.0
picture_000439 0.881 1.0 401.5 405.0 450.0
picture_000439 0.862 1.0 450.0 405.0 450.0
picture_000439 0.775 1.0 165.7 405.0 450.0
picture_000439 0.215 1.0 447.4 1.0 450.0
picture_000440 0.999 1.0 395.5 4.3 486.0
picture_000440 0.999 1.0 325.3 134.1 484.0
picture_000440 0.998 76.2 486.0 277.6 486.0
picture_000440 0.997 1.0 438.4 63.7 486.0
picture_000440 0.997 2.5 102.0 242.7 451.5
picture_000440 0.992 1.0 234.3 1.0 431.7
picture_000440 0.991 1.0 486.0 1.0 486.0
picture_000440 0.989 1.0 431.8 1.0 486.0
picture_000440 0.974 1.0 1.0 69.0 486.0
picture_000440 0.961 1.0 405.8 312.0 486.0
picture_000440 0.908 1.0 470.9 312.0 486.0
picture_000445 0.653 203.7 1.0 357.2 324.2
picture_000445 0.552 142.7 354.5 295.6 472.1
picture_000445 0.242 165.4 470.1 335.7 520.0
picture_000445 0.210 21.2 42.2 359.0 520.0
picture_000445 0.136 325.1 398.9 359.0 520.0
picture_000445 0.131 359.0 505.2 359.0 520.0
picture_000462 1.000 223.1 1.0 386.0 31.4
picture_000462 1.000 157.8 303.0 363.6 320.0
picture_000462 0.999 336.7 125.5 386.0 320.0
picture_000462 0.999 60.9 1.0 364.5 285.9
picture_000462 0.997 1.0 2.7 334.6 63.5
picture_000462 0.997 125.0 170.6 386.0 320.0
picture_000462 0.996 307.5 276.8 386.0 320.0
picture_000462 0.985 239.3 1.0 386.0 1.0
picture_000462 0.983 386.0 98.2 386.0 141.4
picture_000462 0.980 363.2 1.0 386.0 1.0
picture_000462 0.980 386.0 1.0 386.0 1.0
picture_000462 0.855 241.9 320.0 382.5 320.0
picture_000462 0.800 386.0 196.6 386.0 296.8
picture_000462 0.081 1.0 319.7 386.0 320.0
picture_000462 0.058 1.0 171.4 386.0 220.7
picture_000463 1.000 110.3 55.6 340.6 144.2
picture_000463 1.000 1.0 1.0 193.3 121.7
picture_000463 0.999 4.4 1.0 385.0 1.0
picture_000463 0.999 1.0 120.1 145.5 159.6
picture_000463 0.993 1.0 1.0 181.6 10.7
picture_000463 0.992 191.4 69.6 385.0 91.3
picture_000463 0.984 1.0 227.1 385.0 259.0
picture_000463 0.962 1.0 70.6 385.0 233.3
picture_000463 0.927 188.2 199.6 385.0 252.8
picture_000463 0.879 1.0 48.9 1.0 75.1
picture_000463 0.868 1.0 76.8 385.0 105.9
picture_000463 0.723 335.7 1.0 385.0 1.0
picture_000463 0.428 332.2 21.8 385.0 259.0
picture_000463 0.364 385.0 124.7 385.0 163.4
picture_000463 0.274 1.0 1.0 51.9 1.0
picture_000463 0.067 1.0 184.8 1.0 233.4
picture_000464 0.999 293.1 87.0 395.1 247.2
picture_000464 0.999 178.6 1.0 420.0 247.5
picture_000464 0.998 25.1 35.0 246.8 404.0
picture_000464 0.997 1.0 268.6 186.6 360.8
picture_000464 0.995 130.9 1.0 344.8 1.0
picture_000464 0.995 342.8 1.0 420.0 1.0
picture_000464 0.994 40.2 1.0 275.6 11.3
picture_000464 0.993 263.9 1.0 420.0 29.6
picture_000464 0.981 1.0 1.0 197.2 102.6
picture_000464 0.975 420.0 191.9 420.0 368.5
picture_000464 0.964 1.0 193.0 420.0 292.6
picture_000464 0.935 1.0 324.7 420.0 404.0
picture_000464 0.913 288.4 404.0 420.0 404.0
picture_000464 0.680 420.0 1.0 420.0 1.0
picture_000464 0.600 1.0 1.0 204.9 1.0
picture_000464 0.363 1.0 404.0 139.7 404.0
picture_000465 0.999 1.0 361.6 89.9 422.8
picture_000465 0.999 1.0 431.4 33.0 620.8
picture_000465 0.999 1.0 299.9 251.4 398.8
picture_000465 0.999 1.0 430.1 115.0 653.0
picture_000465 0.998 1.0 281.7 1.0 653.0
picture_000465 0.988 1.0 653.0 1.0 653.0
picture_000465 0.968 1.0 1.0 44.8 199.9
picture_000465 0.961 1.0 55.3 305.5 653.0
picture_000465 0.924 1.0 549.0 1.0 630.4
picture_000465 0.170 1.0 459.6 1.0 568.8
picture_000466 1.000 75.9 125.2 270.7 307.6
picture_000466 0.999 209.4 307.1 380.6 445.1
picture_000466 0.998 20.2 108.5 78.7 320.2
picture_000466 0.998 242.4 43.5 381.1 124.9
picture_000466 0.997 88.6 203.3 327.7 665.0
picture_000466 0.995 1.0 1.0 49.6 111.5
picture_000466 0.994 1.0 1.0 14.0 336.5
picture_000466 0.994 16.2 1.0 195.9 1.0
picture_000466 0.993 1.0 16.1 113.4 665.0
picture_000466 0.993 328.8 348.2 418.0 665.0
picture_000466 0.993 1.0 24.6 395.2 264.0
picture_000466 0.988 1.0 1.0 1.0 375.2
picture_000466 0.987 294.2 660.2 404.4 665.0
picture_000466 0.987 418.0 255.1 418.0 624.2
picture_000466 0.985 1.0 665.0 51.9 665.0
picture_000466 0.973 1.0 230.6 1.0 305.8
picture_000466 0.940 1.0 485.1 39.0 659.8
picture_000466 0.938 59.1 471.5 126.0 551.2
picture_000466 0.910 418.0 566.1 418.0 665.0
picture_000466 0.908 418.0 665.0 418.0 665.0
picture_000466 0.894 418.0 1.0 418.0 139.9
picture_000466 0.858 1.0 1.0 1.0 103.6
picture_000466 0.813 418.0 1.0 418.0 1.0
picture_000466 0.705 1.0 1.0 25.5 1.0
picture_000466 0.620 347.5 649.8 418.0 665.0
picture_000466 0.556 400.3 665.0 418.0 665.0
picture_000466 0.493 392.3 1.0 418.0 665.0
picture_000466 0.427 277.9 1.0 418.0 1.0
picture_000466 0.422 68.5 602.7 418.0 665.0
picture_000466 0.234 275.1 1.0 397.6 665.0
picture_000474 0.997 1.0 339.1 230.7 393.0
picture_000474 0.978 1.0 235.3 163.0 387.0
picture_000474 0.971 1.0 393.0 357.0 393.0
picture_000474 0.964 1.0 240.0 1.0 390.0
picture_000474 0.958 1.0 393.0 66.7 393.0
picture_000474 0.903 166.7 275.2 357.0 393.0
picture_000474 0.890 48.3 47.6 357.0 337.5
picture_000474 0.836 1.0 393.0 1.0 393.0
picture_000474 0.828 17.8 1.0 121.9 347.6
picture_000474 0.677 1.0 15.5 1.0 317.6
picture_000474 0.398 1.0 376.4 138.9 393.0
picture_000474 0.174 1.0 1.0 31.9 393.0
picture_000475 0.998 1.0 64.3 68.9 276.6
picture_000475 0.996 1.0 170.6 20.8 287.7
picture_000475 0.987 1.0 155.0 1.0 293.0
picture_000475 0.976 1.0 293.0 108.4 293.0
picture_000475 0.965 1.0 1.0 1.0 201.5
picture_000475 0.961 1.0 130.2 350.4 293.0
picture_000475 0.876 1.0 1.0 243.3 235.8
picture_000475 0.384 1.0 293.0 1.0 293.0
picture_000475 0.053 42.5 293.0 224.1 293.0
picture_000477 0.999 1.0 33.2 50.9 285.0
picture_000477 0.999 1.0 163.2 119.1 285.0
picture_000477 0.996 18.1 243.8 290.3 285.0
picture_000477 0.995 1.0 222.5 1.0 285.0
picture_000477 0.992 1.0 39.3 1.0 285.0
picture_000477 0.991 1.0 285.0 71.5 285.0
picture_000477 0.991 12.2 1.0 266.6 217.3
picture_000477 0.713 6.0 285.0 250.4 285.0
picture_000479 0.994 1.0 44.5 154.5 224.4
picture_000479 0.994 1.0 142.4 59.9 313.2
picture_000479 0.993 33.5 204.2 249.1 375.0
picture_000479 0.963 42.2 375.0 241.7 375.0
picture_000479 0.962 1.0 1.0 414.0 197.0
picture_000479 0.946 1.0 1.0 1.0 167.3
picture_000479 0.930 1.0 375.0 1.0 375.0
picture_000479 0.925 1.0 299.1 1.0 375.0
picture_000480 0.995 135.8 33.8 186.0 120.0
picture_000480 0.982 38.5 1.0 148.7 120.0
picture_000480 0.967 130.5 120.0 174.7 120.0
picture_000480 0.963 179.4 38.0 186.0 120.0
picture_000480 0.956 186.0 1.0 186.0 90.0
picture_000480 0.741 43.6 120.0 166.4 120.0
picture_000480 0.592 186.0 120.0 186.0 120.0
picture_000480 0.075 167.1 120.0 186.0 120.0
picture_000480 0.054 67.4 97.9 143.1 120.0
picture_000484 0.999 18.1 292.4 246.2 375.0
picture_000484 0.998 199.6 274.9 283.9 356.0
picture_000484 0.998 103.9 375.0 327.0 375.0
picture_000484 0.998 1.0 261.5 46.6 351.5
picture_000484 0.993 51.7 119.0 327.0 338.7
picture_000484 0.992 1.0 203.4 1.0 328.8
picture_000484 0.992 13.3 46.4 106.2 319.8
picture_000484 0.990 1.0 375.0 195.7 375.0
picture_000484 0.978 1.0 375.0 1.0 375.0
picture_000484 0.961 327.0 375.0 327.0 375.0
picture_000484 0.949 1.0 287.6 1.0 375.0
picture_000484 0.931 231.9 272.5 251.8 347.9
picture_000484 0.900 42.6 375.0 99.4 375.0
picture_000484 0.857 1.0 372.6 327.0 375.0
picture_000484 0.853 327.0 220.9 327.0 346.7
picture_000484 0.686 3.8 375.0 38.7 375.0
picture_000485 0.997 240.6 322.9 253.0 413.5
picture_000485 0.996 127.4 179.3 232.9 417.4
picture_000485 0.992 117.3 425.0 230.9 425.0
picture_000485 0.991 1.0 387.8 235.3 425.0
picture_000485 0.922 253.0 316.2 253.0 409.0
picture_000485 0.824 253.0 425.0 253.0 425.0
picture_000485 0.806 1.0 70.2 194.2 425.0
picture_000485 0.562 201.9 1.0 253.0 425.0
picture_000485 0.188 229.7 425.0 253.0 425.0
picture_000486 0.996 1.0 111.3 117.6 219.0
picture_000486 0.993 1.0 219.0 53.8 219.0
picture_000486 0.983 66.4 1.0 224.0 202.5
picture_000486 0.983 1.0 1.0 1.0 219.0
picture_000486 0.959 78.1 178.5 224.0 219.0
picture_000486 0.484 1.0 1.0 127.7 138.2
picture_000486 0.331 1.0 219.0 1.0 219.0
picture_000486 0.050 1.0 1.0 40.4 219.0
picture_000487 1.000 1.0 6.2 112.9 133.0
picture_000487 1.000 1.0 114.1 53.6 133.0
picture_000487 0.999 1.0 40.8 1.0 131.2
picture_000487 0.998 1.0 133.0 284.0 133.0
picture_000487 0.997 1.0 122.5 190.2 133.0
picture_000487 0.983 1.0 1.0 8.7 133.0
picture_000487 0.981 1.0 133.0 1.0 133.0
picture_000487 0.972 1.0 71.2 284.0 133.0
picture_000487 0.432 1.0 123.0 1.0 133.0
picture_000488 0.999 1.0 1.0 158.6 182.0
picture_000488 0.999 67.6 200.8 232.7 221.0
picture_000488 0.998 142.3 19.8 298.0 221.0
picture_000488 0.998 1.0 154.4 88.1 221.0
picture_000488 0.991 1.0 221.0 155.4 221.0
picture_000488 0.962 197.8 221.0 298.0 221.0
picture_000488 0.753 267.5 1.0 298.0 221.0
picture_000488 0.752 298.0 197.1 298.0 221.0
picture_000488 0.661 276.9 147.9 298.0 221.0
picture_000488 0.233 298.0 92.1 298.0 221.0
picture_000489 1.000 193.1 63.9 441.0 163.2
picture_000489 0.999 404.0 35.5 490.0 133.3
picture_000489 0.998 310.0 1.0 477.9 1.0
picture_000489 0.997 391.8 246.0 490.0 246.0
picture_000489 0.993 57.0 172.9 470.0 189.3
picture_000489 0.982 1.0 147.2 490.0 179.9
picture_000489 0.948 1.0 25.4 490.0 88.5
picture_000489 0.825 456.4 1.0 490.0 1.0
picture_000489 0.805 1.0 2.1 490.0 15.5
picture_000489 0.448 1.0 31.3 490.0 220.1
picture_000489 0.265 490.0 96.9 490.0 110.7
picture_000489 0.241 159.9 1.0 399.4 1.0
picture_000489 0.178 457.9 22.1 490.0 33.6
picture_000520 0.077 1.0 1.0 109.6 281.0
picture_000525 0.054 1.0 1.0 68.8 1.0
picture_000527 0.247 1.0 1.0 207.7 1.0
picture_000527 0.084 1.0 1.0 1.0 1.0
picture_000536 0.050 1.0 65.1 12.3 153.0
picture_000546 0.355 1.0 188.9 1.0 346.3
picture_000546 0.292 1.0 108.7 54.7 394.9
picture_000546 0.085 1.0 161.9 150.7 490.5
picture_000546 0.051 283.7 488.1 369.4 594.8
picture_000579 0.999 1.0 378.6 218.3 536.4
picture_000579 0.999 7.0 304.6 165.3 452.7
picture_000579 0.998 1.0 384.8 1.0 630.0
picture_000579 0.996 242.1 452.5 363.0 530.6
picture_000579 0.996 60.3 281.1 383.0 488.1
picture_000579 0.995 132.5 218.5 383.0 291.3
picture_000579 0.993 1.0 493.9 345.3 630.0
picture_000579 0.992 53.1 32.4 192.3 130.1
picture_000579 0.990 158.3 526.0 347.3 579.8
picture_000579 0.985 255.4 566.4 361.4 630.0
picture_000579 0.981 233.3 318.2 371.3 357.3
picture_000579 0.975 1.0 1.0 219.5 1.0
picture_000579 0.971 358.1 420.4 383.0 460.3
picture_000579 0.951 1.0 233.6 383.0 357.8
picture_000579 0.944 1.0 630.0 1.0 630.0
picture_000579 0.940 27.9 361.6 154.2 389.4
picture_000579 0.925 312.9 143.0 383.0 630.0
picture_000579 0.902 1.0 1.0 21.4 30.8
picture_000579 0.892 1.0 262.6 1.0 307.3
picture_000579 0.800 1.0 86.6 1.0 145.0
picture_000579 0.770 297.3 481.7 380.6 511.8
picture_000579 0.764 305.2 630.0 383.0 630.0
picture_000579 0.640 228.2 144.8 366.7 261.7
picture_000579 0.603 143.9 282.9 367.0 302.0
picture_000579 0.583 111.8 600.9 321.8 630.0
picture_000579 0.573 232.2 630.0 347.2 630.0
picture_000579 0.569 1.0 180.8 1.0 264.1
picture_000579 0.290 383.0 499.7 383.0 528.5
picture_000579 0.107 42.7 484.4 383.0 529.1
picture_000579 0.074 1.0 17.8 1.0 122.3
picture_000579 0.074 368.7 216.2 383.0 235.9
picture_000579 0.067 1.0 541.9 96.7 630.0
picture_000580 1.000 57.3 101.6 289.6 227.3
picture_000580 0.999 1.0 87.5 42.4 221.8
picture_000580 0.999 1.0 217.2 117.5 249.5
picture_000580 0.997 1.0 128.9 168.9 189.3
picture_000580 0.996 1.0 16.8 1.0 52.5
picture_000580 0.996 148.7 1.0 389.0 136.8
picture_000580 0.996 1.0 1.0 255.1 66.0
picture_000580 0.981 1.0 291.0 89.5 291.0
picture_000580 0.979 31.9 1.0 323.9 1.0
picture_000580 0.976 1.0 67.8 62.4 92.9
picture_000580 0.963 1.0 76.5 1.0 142.6
picture_000580 0.961 268.1 291.0 373.6 291.0
picture_000580 0.893 1.0 176.2 1.0 291.0
picture_000580 0.745 1.0 86.4 389.0 133.7
picture_000580 0.680 389.0 49.6 389.0 67.0
picture_000580 0.673 1.0 229.1 1.0 245.2
picture_000580 0.672 170.8 175.2 234.9 187.8
picture_000580 0.531 1.0 287.3 389.0 291.0
picture_000580 0.522 119.9 291.0 271.3 291.0
picture_000580 0.505 1.0 216.8 389.0 267.1
picture_000580 0.425 1.0 291.0 1.0 291.0
picture_000580 0.107 1.0 122.5 1.0 147.3
picture_000581 0.999 1.0 279.8 153.2 434.0
picture_000581 0.998 123.3 194.7 214.3 328.3
picture_000581 0.998 1.0 155.3 91.0 350.4
picture_000581 0.998 1.0 223.8 21.0 398.1
picture_000581 0.995 1.0 240.3 358.7 352.9
picture_000581 0.993 99.2 29.2 275.5 97.9
picture_000581 0.992 1.0 1.1 67.9 156.6
picture_000581 0.989 1.0 88.1 381.0 205.7
picture_000581 0.983 1.0 158.4 1.0 434.0
picture_000581 0.979 237.6 263.7 293.9 340.4
picture_000581 0.953 47.5 177.7 147.2 215.2
picture_000581 0.946 1.0 30.8 310.8 434.0
picture_000581 0.929 98.9 22.1 154.5 80.3
picture_000581 0.917 61.1 158.8 85.6 261.4
picture_000581 0.844 1.0 402.9 1.0 434.0
picture_000581 0.803 1.0 1.0 323.3 129.7
picture_000581 0.755 1.0 164.1 1.0 214.2
picture_000581 0.634 198.2 1.0 273.5 1.0
picture_000581 0.571 273.5 76.0 318.8 112.6
picture_000581 0.316 1.0 434.0 1.0 434.0
picture_000581 0.298 381.0 206.2 381.0 247.2
picture_000581 0.114 1.0 74.5 1.0 194.3
picture_000581 0.098 1.0 1.0 13.3 29.1
picture_000582 1.000 133.9 99.9 320.5 315.8
picture_000582 0.999 24.3 157.3 283.2 515.0
picture_000582 0.999 1.0 101.8 217.2 189.1
picture_000582 0.998 1.0 349.6 14.6 441.0
picture_000582 0.998 28.7 1.0 369.7 249.2
picture_000582 0.998 1.0 270.9 5.8 502.9
picture_000582 0.996 191.7 458.5 434.0 515.0
picture_000582 0.995 100.7 399.5 157.1 501.6
picture_000582 0.994 1.0 1.0 1.0 168.0
picture_000582 0.993 265.5 1.0 434.0 1.0
picture_000582 0.991 233.0 290.6 312.9 494.9
picture_000582 0.989 47.2 194.0 177.0 226.3
picture_000582 0.985 1.0 112.4 1.0 194.9
picture_000582 0.980 292.8 515.0 384.7 515.0
picture_000582 0.978 302.5 393.2 364.5 515.0
picture_000582 0.971 1.0 1.0 125.5 1.0
picture_000582 0.963 1.0 515.0 20.2 515.0
picture_000582 0.951 86.6 241.6 178.4 465.3
picture_000582 0.948 35.3 515.0 434.0 515.0
picture_000582 0.847 434.0 470.5 434.0 515.0
picture_000582 0.791 135.8 1.0 339.3 1.0
picture_000582 0.776 1.0 515.0 1.0 515.0
picture_000582 0.753 1.0 377.5 45.1 515.0
picture_000582 0.723 1.0 397.4 353.3 515.0
picture_000582 0.717 434.0 515.0 434.0 515.0
picture_000582 0.651 203.6 89.9 412.5 515.0
picture_000582 0.623 116.0 515.0 173.2 515.0
picture_000582 0.448 1.0 102.5 21.4 508.6
picture_000582 0.393 434.0 131.5 434.0 515.0
picture_000582 0.348 185.9 285.6 225.9 329.4
picture_000582 0.277 1.0 246.5 1.0 298.7
picture_000582 0.147 1.0 1.0 1.0 28.4
picture_000583 1.000 187.4 622.5 286.7 648.0
picture_000583 1.000 118.7 380.0 271.5 631.8
picture_000583 0.999 1.0 273.9 101.1 430.8
picture_000583 0.999 1.0 410.4 108.0 526.6
picture_000583 0.998 261.2 648.0 365.0 648.0
picture_000583 0.998 1.0 171.7 17.2 355.3
picture_000583 0.997 1.0 376.9 20.7 648.0
picture_000583 0.997 124.4 466.4 159.1 648.0
picture_000583 0.996 1.0 324.2 34.7 404.6
picture_000583 0.995 78.4 363.2 251.4 440.3
picture_000583 0.993 1.0 253.2 345.7 388.3
picture_000583 0.991 142.1 581.8 335.2 648.0
picture_000583 0.988 255.6 648.0 279.2 648.0
picture_000583 0.983 1.0 293.6 25.3 319.6
picture_000583 0.978 1.0 123.7 128.6 273.7
picture_000583 0.978 1.0 330.9 1.0 417.1
picture_000583 0.970 365.0 456.9 365.0 648.0
picture_000583 0.967 1.0 648.0 88.4 648.0
picture_000583 0.957 1.0 394.9 175.6 648.0
picture_000583 0.948 273.9 501.4 365.0 648.0
picture_000583 0.910 67.7 92.6 89.5 633.9
picture_000583 0.785 70.2 589.0 195.7 603.5
picture_000583 0.782 235.7 387.6 248.5 648.0
picture_000583 0.567 74.0 238.9 239.3 252.5
picture_000583 0.512 1.0 311.7 1.0 342.4
picture_000583 0.461 1.0 477.8 1.0 648.0
picture_000583 0.369 1.0 134.2 1.0 160.7
picture_000583 0.358 1.0 60.8 117.4 79.6
picture_000583 0.210 18.4 152.2 365.0 309.1
picture_000583 0.076 40.6 648.0 170.8 648.0
picture_000583 0.073 301.7 648.0 325.9 648.0
picture_000588 0.999 1.0 98.3 323.0 235.2
picture_000588 0.999 50.3 65.9 296.1 142.1
picture_000588 0.998 1.0 292.0 280.5 292.0
picture_000588 0.998 289.2 1.0 411.0 77.6
picture_000588 0.998 1.0 1.0 220.5 1.2
picture_000588 0.998 249.8 190.9 411.0 292.0
picture_000588 0.997 1.0 1.0 1.0 177.2
picture_000588 0.997 1.0 190.9 1.0 292.0
picture_000588 0.995 1.0 1.0 1.0 1.0
picture_000588 0.993 290.1 292.0 411.0 292.0
picture_000588 0.986 1.0 1.0 32.6 30.8
picture_000588 0.971 1.0 1.0 411.0 180.8
picture_000588 0.903 260.0 1.0 411.0 2.1
picture_000588 0.552 1.0 292.0 1.0 292.0
picture_000589 0.967 288.9 428.0 385.1 428.0
picture_000589 0.952 355.1 347.2 427.0 428.0
picture_000589 0.947 364.3 64.1 427.0 357.3
picture_000589 0.911 274.1 57.7 297.0 379.2
picture_000589 0.837 150.5 316.6 219.0 428.0
picture_000589 0.801 248.8 207.4 270.5 428.0
picture_000589 0.698 207.0 1.0 245.1 428.0
picture_000589 0.686 367.7 141.1 392.1 428.0
picture_000589 0.439 289.7 1.0 327.9 428.0
picture_000589 0.356 331.7 1.0 391.6 428.0
picture_000589 0.186 427.0 414.7 427.0 428.0
picture_000589 0.182 336.7 283.3 359.1 415.5
picture_000589 0.155 200.9 428.0 277.9 428.0
picture_000589 0.112 427.0 54.4 427.0 341.0
picture_000589 0.082 398.2 428.0 427.0 428.0
picture_000589 0.063 330.1 1.0 346.7 428.0
picture_000589 0.054 184.7 290.6 318.4 428.0
picture_000591 1.000 53.4 60.7 156.1 298.0
picture_000591 1.000 1.0 298.0 183.1 298.0
picture_000591 0.999 1.0 267.3 52.6 298.0
picture_000591 0.999 1.0 63.8 1.0 298.0
picture_000591 0.999 148.5 298.0 358.0 298.0
picture_000591 0.998 65.1 1.0 358.0 298.0
picture_000591 0.997 47.4 298.0 84.5 298.0
picture_000591 0.996 312.5 1.0 358.0 298.0
picture_000591 0.994 358.0 298.0 358.0 298.0
picture_000591 0.992 241.0 1.0 281.8 266.2
picture_000591 0.989 1.0 1.0 70.7 298.0
picture_000591 0.956 144.5 89.7 233.6 298.0
picture_000591 0.952 1.0 298.0 1.0 298.0
picture_000591 0.951 70.6 1.0 90.4 264.6
picture_000591 0.927 295.0 106.4 329.5 298.0
picture_000591 0.892 16.1 298.0 48.1 298.0
picture_000591 0.573 87.8 290.6 141.3 298.0
picture_000591 0.489 132.3 294.9 358.0 298.0
picture_000591 0.351 358.0 99.4 358.0 298.0
picture_000591 0.271 1.0 1.0 19.9 298.0
picture_000591 0.219 1.0 230.5 1.0 298.0
picture_000593 0.999 80.0 1.0 132.6 306.0
picture_000593 0.999 9.0 44.7 313.2 306.0
picture_000593 0.999 163.7 166.1 383.0 306.0
picture_000593 0.998 12.2 306.0 67.5 306.0
picture_000593 0.998 245.0 210.8 276.6 306.0
picture_000593 0.996 1.0 1.0 1.0 305.4
picture_000593 0.993 315.0 1.0 383.0 306.0
picture_000593 0.988 134.0 1.0 167.8 306.0
picture_000593 0.985 1.0 306.0 1.0 306.0
picture_000593 0.977 61.0 1.0 99.3 306.0
picture_000593 0.926 1.0 25.4 15.8 306.0
picture_000593 0.647 29.2 1.0 73.6 306.0
picture_000593 0.582 383.0 250.8 383.0 306.0
picture_000593 0.561 1.0 237.4 1.0 306.0
picture_000593 0.440 87.6 306.0 131.6 306.0
picture_000593 0.179 271.2 306.0 289.5 306.0
picture_000593 0.157 193.3 176.6 216.1 306.0
picture_000594 1.000 325.5 33.4 413.0 341.1
picture_000594 1.000 11.2 219.7 413.0 399.0
picture_000594 0.999 413.0 399.0 413.0 399.0
picture_000594 0.999 1.0 399.0 307.6 399.0
picture_000594 0.999 1.0 1.0 329.9 329.3
picture_000594 0.997 413.0 301.6 413.0 399.0
picture_000594 0.987 381.6 399.0 413.0 399.0
picture_000594 0.330 1.0 394.1 308.8 399.0
picture_000594 0.096 413.0 1.0 413.0 328.2
picture_000598 1.000 175.7 245.1 288.0 334.8
picture_000598 1.000 69.3 128.9 151.2 209.0
picture_000598 0.999 1.0 212.7 168.6 385.9
picture_000598 0.999 69.8 250.3 436.0 341.2
picture_000598 0.998 216.6 365.5 274.0 436.4
picture_000598 0.997 84.6 476.1 157.2 590.0
picture_000598 0.996 1.0 15.3 417.4 290.6
picture_000598 0.996 1.0 234.4 22.4 561.7
picture_000598 0.992 1.0 317.3 436.0 367.2
picture_000598 0.978 1.0 175.7 13.9 191.9
picture_000598 0.978 74.8 164.2 156.6 590.0
picture_000598 0.961 176.0 379.7 258.8 542.2
picture_000598 0.956 1.0 78.7 66.9 590.0
picture_000598 0.946 1.0 290.8 436.0 486.7
picture_000598 0.945 1.0 304.0 1.0 535.4
picture_000598 0.876 33.2 1.0 106.8 590.0
picture_000598 0.876 152.4 590.0 187.8 590.0
picture_000598 0.816 87.8 387.7 105.3 590.0
picture_000598 0.773 1.0 510.6 436.0 566.2
picture_000598 0.409 211.0 1.0 260.6 535.6
picture_000598 0.350 25.4 41.7 51.8 53.0
picture_000598 0.235 108.7 537.2 146.7 549.4
picture_000598 0.125 1.0 590.0 1.0 590.0
picture_000598 0.068 84.8 173.1 128.4 183.5
picture_000598 0.064 192.3 1.0 290.1 1.0
picture_000599 0.999 1.0 44.3 270.6 182.0
picture_000599 0.999 44.9 54.9 352.0 384.1
picture_000599 0.999 1.0 281.2 186.6 444.0
picture_000599 0.999 1.0 75.2 29.5 280.3
picture_000599 0.998 132.0 423.9 250.1 444.0
picture_000599 0.998 352.0 162.0 352.0 374.4
picture_000599 0.997 1.0 330.5 15.7 444.0
picture_000599 0.997 172.8 1.0 352.0 1.0
picture_000599 0.996 1.0 256.8 93.0 355.1
picture_000599 0.992 176.2 105.8 304.8 170.3
picture_000599 0.992 233.1 1.0 320.1 33.8
picture_000599 0.992 1.0 1.0 77.8 1.0
picture_000599 0.988 1.0 165.9 1.0 421.3
picture_000599 0.983 1.0 242.2 1.0 297.9
picture_000599 0.983 164.2 1.0 352.0 195.4
picture_000599 0.981 1.0 444.0 1.0 444.0
picture_000599 0.971 1.0 444.0 326.0 444.0
picture_000599 0.970 1.0 1.0 1.0 1.0
picture_000599 0.885 11.6 1.0 272.8 1.0
picture_000599 0.617 352.0 1.0 352.0 75.9
picture_000599 0.098 1.0 349.0 1.0 444.0
picture_000600 1.000 86.0 85.4 347.3 279.2
picture_000600 1.000 24.3 153.2 137.9 240.9
picture_000600 1.000 1.0 1.0 157.2 187.6
picture_000600 0.999 1.0 1.0 64.9 4.0
picture_000600 0.998 202.9 325.4 362.0 369.0
picture_000600 0.998 113.2 117.1 284.9 153.8
picture_000600 0.998 278.9 1.0 398.2 68.4
picture_000600 0.998 166.3 347.3 284.9 369.0
picture_000600 0.998 280.0 243.4 410.0 362.5
picture_000600 0.997 1.0 151.7 65.0 207.0
picture_000600 0.997 1.0 1.0 107.7 1.0
picture_000600 0.996 1.0 303.7 1.0 369.0
picture_000600 0.994 1.0 1.0 1.0 1.0
picture_000600 0.989 315.2 145.3 352.5 337.7
picture_000600 0.988 290.4 1.0 410.0 1.0
picture_000600 0.984 266.3 103.0 336.7 369.0
picture_000600 0.982 171.7 1.0 228.4 335.0
picture_000600 0.980 1.0 369.0 50.6 369.0
picture_000600 0.974 1.0 304.8 410.0 369.0
picture_000600 0.973 1.0 20.3 1.0 64.3
picture_000600 0.898 297.3 369.0 340.0 369.0
picture_000600 0.838 410.0 210.6 410.0 286.3
picture_000600 0.709 410.0 1.7 410.0 353.7
picture_000600 0.703 1.0 294.4 68.5 369.0
picture_000600 0.462 1.0 369.0 178.6 369.0
picture_000601 1.000 252.1 377.5 437.0 605.0
picture_000601 0.999 49.2 117.0 400.1 392.9
picture_000601 0.998 313.9 197.0 437.0 280.2
picture_000601 0.998 437.0 356.8 437.0 605.0
picture_000601 0.995 392.9 605.0 437.0 605.0
picture_000601 0.968 437.0 1.0 437.0 238.2
picture_000601 0.959 437.0 538.8 437.0 604.1
picture_000601 0.952 400.1 346.0 437.0 605.0
picture_000601 0.879 1.0 1.0 428.1 83.5
picture_000601 0.453 437.0 605.0 437.0 605.0
picture_000601 0.161 182.7 605.0 406.3 605.0
picture_000601 0.139 437.0 204.7 437.0 378.7
picture_000604 0.999 112.9 361.8 383.0 693.0
picture_000604 0.999 1.0 636.0 47.0 693.0
picture_000604 0.999 1.0 274.1 1.0 531.2
picture_000604 0.998 181.8 87.0 383.0 497.6
picture_000604 0.998 1.0 369.5 383.0 457.5
picture_000604 0.997 243.0 560.0 367.6 660.9
picture_000604 0.997 383.0 393.6 383.0 591.2
picture_000604 0.996 150.3 138.1 266.3 284.9
picture_000604 0.996 69.0 693.0 365.8 693.0
picture_000604 0.994 1.0 64.8 196.1 214.4
picture_000604 0.993 238.5 398.9 383.0 459.6
picture_000604 0.990 378.9 693.0 383.0 693.0
picture_000604 0.983 168.1 1.0 383.0 76.3
picture_000604 0.948 1.0 599.5 383.0 693.0
picture_000604 0.937 383.0 693.0 383.0 693.0
picture_000604 0.898 1.0 425.6 68.7 579.6
picture_000604 0.660 23.4 1.0 383.0 1.0
picture_000604 0.370 369.5 397.3 383.0 693.0
picture_000605 0.999 1.0 392.3 286.4 644.7
picture_000605 0.995 378.2 562.9 407.0 653.0
picture_000605 0.995 122.8 653.0 407.0 653.0
picture_000605 0.990 212.1 573.4 407.0 653.0
picture_000605 0.986 269.6 117.8 407.0 653.0
picture_000605 0.984 407.0 446.0 407.0 626.3
picture_000605 0.626 345.5 653.0 407.0 653.0
picture_000605 0.321 407.0 653.0 407.0 653.0
picture_000606 0.999 186.3 198.2 345.0 322.0
picture_000606 0.998 278.7 1.0 345.0 268.8
picture_000606 0.995 1.0 41.1 215.3 312.9
picture_000606 0.989 345.0 175.3 345.0 322.0
picture_000606 0.978 1.0 322.0 222.0 322.0
picture_000606 0.974 345.0 322.0 345.0 322.0
picture_000606 0.913 235.0 314.1 345.0 322.0
picture_000606 0.844 319.6 322.0 345.0 322.0
picture_000606 0.745 1.0 270.8 345.0 322.0
picture_000607 0.852 1.0 1.0 1.0 215.6
picture_000607 0.841 1.0 1.0 18.1 274.0
picture_000607 0.612 1.0 1.0 90.9 274.0
picture_000607 0.202 8.7 209.5 239.0 274.0
picture_000618 0.999 142.1 271.6 289.0 332.1
picture_000618 0.998 220.2 75.0 289.0 223.7
picture_000618 0.998 139.9 289.2 289.0 448.0
picture_000618 0.997 1.0 157.9 288.2 382.0
picture_000618 0.995 35.2 419.2 278.8 448.0
picture_000618 0.995 239.9 130.3 289.0 448.0
picture_000618 0.994 289.0 270.7 289.0 448.0
picture_000618 0.992 289.0 448.0 289.0 448.0
picture_000618 0.762 1.0 1.0 289.0 145.8
picture_000618 0.715 231.8 448.0 289.0 448.0
picture_000619 0.997 1.0 105.7 87.1 328.1
picture_000619 0.974 1.0 43.4 1.0 370.0
picture_000619 0.913 1.0 1.0 5.2 370.0
picture_000619 0.065 1.0 370.0 1.0 370.0
picture_000630 0.999 232.8 245.9 342.9 349.3
picture_000630 0.998 275.5 373.8 496.8 466.0
picture_000630 0.997 13.5 225.7 206.2 268.4
picture_000630 0.997 338.2 151.1 445.4 256.9
picture_000630 0.997 147.3 83.9 283.2 431.2
picture_000630 0.995 246.7 24.0 343.1 59.1
picture_000630 0.995 214.7 278.8 249.4 355.4
picture_000630 0.994 36.9 88.0 448.4 315.2
picture_000630 0.994 242.1 1.0 333.3 159.0
picture_000630 0.973 334.2 473.2 384.9 604.8
picture_000630 0.946 235.5 493.8 358.4 614.0
picture_000630 0.925 221.8 315.7 244.8 483.9
picture_000630 0.846 162.0 427.7 195.1 614.0
picture_000630 0.831 111.2 385.0 368.9 614.0
picture_000630 0.766 1.0 94.1 125.5 549.9
picture_000630 0.515 422.2 258.2 450.7 300.2
picture_000630 0.078 1.0 102.1 1.0 132.1
picture_000630 0.058 213.8 1.0 511.0 614.0
picture_000631 0.999 386.2 277.1 488.7 338.9
picture_000631 0.999 371.1 191.5 501.0 401.5
picture_000631 0.999 437.4 159.2 501.0 246.3
picture_000631 0.998 378.3 329.0 485.0 539.0
picture_000631 0.992 501.0 71.7 501.0 529.5
picture_000631 0.981 383.3 1.0 501.0 93.9
picture_000631 0.980 501.0 119.0 501.0 147.8
picture_000631 0.975 442.1 1.0 501.0 483.7
picture_000631 0.962 501.0 1.0 501.0 30.8
picture_000631 0.955 501.0 333.7 501.0 444.8
picture_000631 0.953 246.7 1.0 501.0 387.2
picture_000631 0.876 305.6 1.0 488.9 1.0
picture_000631 0.809 225.0 318.6 501.0 393.7
picture_000631 0.787 450.6 1.0 501.0 1.0
picture_000631 0.651 501.0 479.6 501.0 514.6
picture_000631 0.428 277.6 91.0 475.8 208.0
picture_000632 0.997 80.1 564.7 309.0 692.8
picture_000632 0.995 1.0 518.3 44.8 694.0
picture_000632 0.994 1.0 680.0 468.5 694.0
picture_000632 0.994 94.2 298.4 435.6 627.5
picture_000632 0.992 1.0 380.8 1.0 645.6
picture_000632 0.986 472.0 429.8 472.0 644.8
picture_000632 0.986 65.3 694.0 125.3 694.0
picture_000632 0.986 1.0 694.0 286.8 694.0
picture_000632 0.972 203.7 570.0 245.5 694.0
picture_000632 0.926 472.0 694.0 472.0 694.0
picture_000632 0.880 1.0 694.0 1.0 694.0
picture_000632 0.817 1.0 581.8 1.0 694.0
picture_000632 0.726 425.6 101.9 472.0 694.0
picture_000632 0.685 134.6 17.3 199.6 694.0
picture_000632 0.243 1.0 130.3 235.8 678.5
picture_000632 0.111 218.7 694.0 261.3 694.0
picture_000639 0.997 231.1 200.9 354.3 279.8
picture_000639 0.996 237.9 1.0 329.6 160.6
picture_000639 0.995 222.1 71.2 254.9 248.8
picture_000639 0.986 293.9 55.5 445.8 130.4
picture_000639 0.986 110.1 146.3 241.8 330.0
picture_000639 0.984 302.9 208.7 339.7 284.2
picture_000639 0.960 261.8 136.1 360.5 250.6
picture_000639 0.894 204.6 1.0 370.2 330.0
picture_000639 0.872 73.7 131.0 97.1 330.0
picture_000639 0.862 241.6 243.9 274.6 330.0
picture_000639 0.815 109.7 293.0 405.7 330.0
picture_000639 0.744 55.1 150.6 97.7 217.6
picture_000639 0.243 134.5 244.2 151.5 330.0
picture_000639 0.192 401.3 126.6 420.2 293.0
picture_000639 0.166 45.4 255.8 105.0 330.0
picture_000639 0.128 1.0 120.7 53.0 177.8
picture_000639 0.111 170.7 210.5 190.7 283.2
picture_000639 0.098 12.5 274.7 33.5 330.0
picture_000639 0.071 123.0 23.0 166.0 159.9
picture_000639 0.054 285.6 330.0 305.5 330.0
picture_000640 0.992 1.0 81.1 259.8 188.1
picture_000640 0.986 1.0 23.2 106.4 57.6
picture_000640 0.960 1.0 144.0 162.8 193.8
picture_000640 0.958 1.0 241.7 467.8 305.6
picture_000640 0.931 1.0 179.9 511.0 233.2
picture_000640 0.913 1.0 306.7 511.0 367.4
picture_000640 0.892 1.0 269.1 1.0 329.2
picture_000640 0.851 1.0 336.3 455.8 405.8
picture_000640 0.845 1.0 396.6 140.8 424.1
picture_000640 0.715 1.0 43.9 141.9 93.0
picture_000640 0.589 1.0 315.5 1.0 414.5
picture_000640 0.378 153.9 76.9 382.0 118.6
picture_000640 0.371 1.0 395.4 369.2 450.7
picture_000640 0.112 1.0 197.9 1.0 244.0
picture_000640 0.080 1.0 307.3 152.7 369.0
picture_000640 0.078 1.0 397.1 1.0 505.5
picture_000644 0.999 1.0 5.8 1.0 200.0
picture_000644 0.998 1.0 127.6 267.0 200.0
picture_000644 0.998 1.0 200.0 142.5 200.0
picture_000644 0.998 31.0 1.0 267.0 172.2
picture_000644 0.990 1.0 1.0 73.2 200.0
picture_000644 0.982 1.0 200.0 22.9 200.0
picture_000644 0.960 1.0 180.7 267.0 200.0
picture_000644 0.064 1.0 195.6 49.3 200.0
picture_000645 0.987 231.0 214.2 231.0 262.0
picture_000645 0.983 205.6 204.7 231.0 262.0
picture_000645 0.983 104.3 192.3 231.0 262.0
picture_000645 0.976 146.2 262.0 213.1 262.0
picture_000645 0.972 1.0 108.1 126.7 250.2
picture_000645 0.953 1.0 254.3 231.0 262.0
picture_000645 0.938 12.6 262.0 132.5 262.0
picture_000645 0.904 179.4 1.0 231.0 225.6
picture_000645 0.794 211.6 262.0 231.0 262.0
picture_000645 0.230 231.0 1.0 231.0 262.0
picture_000645 0.152 1.0 229.5 112.5 262.0
picture_000647 0.999 1.0 48.0 1.0 184.0
picture_000647 0.999 45.2 18.0 226.0 113.4
picture_000647 0.998 1.0 1.0 106.6 125.2
picture_000647 0.997 1.0 1.0 226.0 12.3
picture_000647 0.992 17.7 1.0 226.0 1.0
picture_000647 0.985 1.0 1.0 226.0 53.2
picture_000647 0.835 1.0 82.1 226.0 184.0
picture_000787 0.996 1.0 17.8 1.0 150.4
picture_000787 0.954 1.0 1.0 1.0 35.9
picture_000796 0.290 1.0 465.1 246.1 607.0
picture_000829 0.069 214.3 109.6 286.0 243.6
picture_000829 0.065 100.2 265.0 243.0 265.0
picture_000829 0.059 1.0 210.4 148.2 265.0
picture_000926 0.212 185.0 1.0 369.0 1.0
picture_000926 0.111 1.0 1.0 61.6 1.0
picture_000926 0.055 1.0 1.0 1.0 20.9
picture_000926 0.055 346.6 1.0 369.0 1.0
picture_000926 0.055 134.9 1.0 314.0 3.2
picture_000934 0.999 1.0 70.2 100.0 212.7
picture_000934 0.998 1.0 1.0 1.0 48.9
picture_000934 0.997 1.0 1.0 277.0 83.9
picture_000934 0.995 1.0 189.7 253.2 235.0
picture_000934 0.992 1.0 281.0 26.1 281.0
picture_000934 0.992 19.5 1.0 228.2 281.0
picture_000934 0.991 1.0 1.0 1.0 12.1
picture_000934 0.991 19.8 1.0 204.8 1.0
picture_000934 0.984 1.0 1.0 28.3 1.0
picture_000934 0.840 1.0 231.0 1.0 261.8
picture_000934 0.764 1.0 168.2 1.0 222.9
picture_000934 0.472 26.3 281.0 277.0 281.0
picture_000934 0.262 1.0 274.0 277.0 281.0
picture_000934 0.074 1.0 1.0 1.0 1.0
picture_000943 0.148 89.4 1.0 261.2 1.0
picture_000956 0.999 311.3 73.8 414.2 173.4
picture_000956 0.998 255.4 35.9 368.2 135.2
picture_000956 0.997 411.0 109.8 443.0 181.3
picture_000956 0.995 281.7 80.0 336.7 130.6
picture_000956 0.994 256.5 91.0 443.0 342.6
picture_000956 0.987 254.7 1.0 402.1 1.0
picture_000956 0.985 341.0 1.0 417.5 20.6
picture_000956 0.948 201.9 44.1 257.3 64.9
picture_000956 0.879 367.7 117.0 400.6 140.8
picture_000956 0.859 212.2 297.8 261.9 314.6
picture_000956 0.554 1.0 46.6 259.2 68.4
picture_000956 0.313 207.9 1.0 279.2 1.0
picture_000956 0.125 443.0 1.0 443.0 1.0
picture_000956 0.120 443.0 201.0 443.0 224.3
picture_000970 0.999 1.0 132.7 35.3 284.8
picture_000970 0.997 1.0 35.3 15.1 219.3
picture_000970 0.996 1.0 183.8 93.8 226.2
picture_000970 0.994 1.0 137.8 203.2 283.2
picture_000970 0.994 1.0 258.6 35.4 341.0
picture_000970 0.992 1.0 222.7 35.9 254.4
picture_000970 0.984 1.0 182.3 1.0 231.3
picture_000970 0.981 1.0 1.0 92.5 22.0
picture_000970 0.703 1.0 1.0 178.5 210.6
picture_000970 0.211 1.0 121.1 1.0 140.1
picture_000970 0.082 1.0 1.0 1.0 5.0
picture_000991 0.056 1.0 258.9 1.0 348.0
picture_001000 0.196 1.0 80.5 108.4 128.8
picture_001000 0.117 1.0 112.3 231.6 158.6
picture_001000 0.050 1.0 51.0 386.0 200.5
picture_001013 0.091 24.0 1.0 93.9 277.0
picture_001026 0.999 115.9 547.7 180.6 608.0
picture_001026 0.998 11.5 594.7 48.1 617.0
picture_001026 0.996 1.0 610.3 37.9 617.0
picture_001026 0.995 1.0 564.6 216.4 617.0
picture_001026 0.993 106.0 617.0 226.6 617.0
picture_001026 0.992 1.0 541.4 1.0 617.0
picture_001026 0.991 4.3 394.7 83.2 590.6
picture_001026 0.928 11.3 441.7 345.8 588.2
picture_001026 0.813 306.3 602.5 401.0 617.0
picture_001026 0.628 51.4 607.4 61.7 617.0
picture_001026 0.092 401.0 454.2 401.0 608.8
picture_001032 0.070 390.0 1.0 390.0 37.4
picture_001054 0.067 260.3 1.0 308.3 1.0
picture_001066 0.056 1.0 1.0 1.0 62.8
picture_001078 0.268 121.3 1.0 245.4 300.8
picture_001093 0.062 57.4 167.5 316.0 274.7
