picture_000044 0.999 35.1 659.2 78.7 718.0
picture_000044 0.997 5.3 622.8 25.2 665.1
picture_000044 0.997 88.1 618.1 110.6 656.9
picture_000044 0.993 124.0 661.4 165.9 690.0
picture_000044 0.989 1.0 666.8 1.0 718.0
picture_000044 0.922 11.6 718.0 27.5 718.0
picture_000044 0.917 1.0 718.0 14.3 718.0
picture_000044 0.589 1.0 718.0 1.0 718.0
picture_000044 0.494 182.0 655.7 182.0 682.9
picture_000044 0.162 100.8 624.0 107.9 660.2
picture_000045 1.000 57.3 64.9 140.5 92.7
picture_000045 1.000 21.5 75.0 73.3 130.8
picture_000045 1.000 49.9 51.3 68.9 119.6
picture_000045 1.000 23.7 164.0 105.8 164.0
picture_000045 1.000 64.1 77.7 106.8 164.0
picture_000045 1.000 1.0 1.0 64.9 164.0
picture_000045 1.000 1.0 1.0 12.4 164.0
picture_000045 0.999 21.3 33.9 134.2 164.0
picture_000045 0.128 1.0 135.0 1.0 149.2
picture_000046 1.000 1.0 113.8 84.6 154.7
picture_000046 1.000 1.0 66.9 6.3 143.8
picture_000046 1.000 28.6 136.7 65.9 161.3
picture_000046 1.000 1.0 163.0 85.7 163.0
picture_000046 0.999 1.0 151.8 1.0 163.0
picture_000046 0.988 1.0 146.8 38.2 163.0
picture_000046 0.944 1.0 163.0 1.0 163.0
picture_000046 0.931 1.0 76.1 1.0 148.1
picture_000046 0.859 1.0 157.5 120.9 163.0
picture_000046 0.534 1.0 83.9 170.0 146.0
picture_000047 1.000 53.8 245.4 87.5 322.6
picture_000047 1.000 63.8 188.3 163.3 304.0
picture_000047 1.000 17.5 288.1 122.4 323.0
picture_000047 0.998 82.1 323.0 101.5 323.0
picture_000047 0.997 1.0 190.7 1.0 323.0
picture_000047 0.996 47.0 1.0 85.9 323.0
picture_000047 0.991 68.7 248.2 79.8 312.5
picture_000047 0.982 187.2 323.0 203.0 323.0
picture_000047 0.626 1.0 323.0 203.0 323.0
picture_000047 0.284 196.5 233.3 203.0 300.2
picture_000049 1.000 9.4 161.1 36.4 181.4
picture_000049 1.000 1.0 158.0 86.3 181.3
picture_000049 1.000 48.8 131.7 136.2 167.5
picture_000049 1.000 28.8 187.0 123.9 187.0
picture_000049 0.996 1.0 93.4 36.3 168.0
picture_000049 0.950 1.0 187.0 1.0 187.0
picture_000049 0.848 1.0 171.9 1.0 183.6
picture_000049 0.703 1.0 176.8 143.0 187.0
picture_000049 0.321 1.0 136.7 1.0 166.2
picture_000170 0.999 41.9 640.8 88.5 681.9
picture_000170 0.999 1.0 594.5 5.0 656.7
picture_000170 0.998 15.1 651.1 42.9 692.8
picture_000170 0.996 1.0 484.7 62.1 557.0
picture_000170 0.994 43.4 726.0 85.0 726.0
picture_000170 0.993 1.0 697.6 1.0 726.0
picture_000170 0.901 1.0 551.3 1.0 606.3
picture_000170 0.606 17.8 726.0 56.5 726.0
picture_000170 0.342 1.0 726.0 1.0 726.0
picture_000170 0.161 45.4 498.3 184.3 568.4
picture_000497 1.000 17.8 1.0 85.9 77.1
picture_000497 1.000 118.1 67.9 144.4 152.4
picture_000497 0.999 159.6 1.0 173.0 43.3
picture_000497 0.999 92.8 56.6 173.0 89.8
picture_000497 0.999 98.6 1.0 132.5 40.2
picture_000497 0.999 61.7 1.0 171.6 187.1
picture_000497 0.999 36.7 1.0 90.0 3.5
picture_000497 0.999 140.7 1.0 173.0 1.0
picture_000497 0.993 12.1 153.2 84.2 202.2
picture_000497 0.991 117.6 104.3 140.1 122.2
picture_000497 0.966 173.0 38.8 173.0 64.2
picture_000497 0.915 118.1 108.1 173.0 115.0
picture_000497 0.883 1.0 1.0 73.9 11.7
picture_000497 0.742 166.7 1.0 173.0 1.0
picture_000499 1.000 57.4 180.8 151.6 263.1
picture_000499 1.000 121.5 176.0 202.3 200.9
picture_000499 1.000 23.7 39.8 66.1 185.4
picture_000499 1.000 168.4 115.2 206.2 169.2
picture_000499 1.000 1.0 126.0 233.8 206.2
picture_000499 0.999 104.9 112.0 189.9 178.4
picture_000499 0.983 1.0 247.8 196.3 262.6
picture_000499 0.598 1.0 287.0 24.2 287.0
picture_000499 0.502 1.0 147.8 113.2 287.0
picture_000499 0.157 1.0 161.8 17.1 175.4
picture_000499 0.114 24.0 1.0 58.9 1.0
picture_000500 1.000 159.4 476.6 216.0 543.5
picture_000500 1.000 125.5 491.7 153.5 561.5
picture_000500 0.649 198.5 655.9 225.2 674.0
picture_000500 0.105 55.0 548.0 66.8 581.8
picture_000500 0.063 89.0 586.5 122.3 674.0
picture_000501 1.000 211.7 331.9 294.6 424.2
picture_000501 1.000 177.8 353.2 227.9 404.5
picture_000501 0.999 145.1 337.6 172.0 435.0
picture_000501 0.997 134.7 435.0 270.4 435.0
picture_000501 0.991 103.9 245.9 208.4 435.0
picture_000501 0.662 160.6 422.8 267.3 435.0
picture_000501 0.186 39.4 337.7 173.8 435.0
picture_000501 0.139 94.6 422.7 129.8 435.0
picture_000503 1.000 63.7 137.3 113.3 218.5
picture_000503 1.000 29.9 177.9 55.2 335.0
picture_000503 1.000 24.5 184.0 173.5 315.8
picture_000503 0.999 65.3 144.1 78.9 197.2
picture_000503 0.999 68.7 89.5 195.0 215.7
picture_000503 0.999 52.4 182.6 90.7 199.4
picture_000503 0.999 1.0 88.9 20.9 215.2
picture_000503 0.995 34.4 19.4 103.6 335.0
picture_000503 0.634 1.0 32.0 1.0 294.7
picture_000503 0.517 51.5 201.9 89.0 208.7
picture_000503 0.212 57.4 149.5 65.2 179.1
picture_000503 0.085 1.0 149.3 1.0 178.7
picture_000504 1.000 93.2 41.0 167.0 99.6
picture_000504 1.000 96.1 38.3 167.0 57.7
picture_000504 1.000 38.9 24.1 167.0 71.6
picture_000504 1.000 59.1 100.2 167.0 148.3
picture_000504 0.999 126.3 1.0 167.0 1.0
picture_000504 0.998 48.8 161.0 132.2 161.0
picture_000504 0.998 155.6 1.0 167.0 2.2
picture_000504 0.996 18.6 1.0 130.6 1.0
picture_000504 0.989 1.0 135.0 149.0 161.0
picture_000504 0.893 167.0 97.4 167.0 117.4
picture_000504 0.862 167.0 19.7 167.0 49.5
picture_000504 0.694 23.4 1.0 167.0 161.0
picture_000505 0.999 13.4 220.0 79.0 220.0
picture_000505 0.999 1.0 133.7 79.1 220.0
picture_000505 0.999 1.0 175.8 36.3 219.6
picture_000505 0.999 1.0 164.2 1.0 220.0
picture_000505 0.999 1.0 83.9 1.0 199.5
picture_000505 0.468 6.7 1.0 109.7 220.0
picture_000505 0.114 1.0 220.0 1.0 220.0
picture_000506 1.000 65.6 21.8 137.0 56.2
picture_000506 1.000 8.5 40.4 55.7 97.5
picture_000506 1.000 88.8 50.1 123.5 84.9
picture_000506 1.000 1.0 17.2 1.0 55.8
picture_000506 1.000 1.0 29.0 142.0 75.7
picture_000506 1.000 38.6 120.1 107.8 140.0
picture_000506 0.999 1.0 48.9 142.0 126.8
picture_000506 0.999 1.0 29.8 1.0 140.0
picture_000506 0.999 1.0 136.2 3.3 140.0
picture_000506 0.999 7.8 1.0 54.6 1.0
picture_000506 0.999 1.0 92.0 90.7 140.0
picture_000506 0.998 88.7 140.0 123.6 140.0
picture_000506 0.998 1.0 1.0 27.3 86.5
picture_000506 0.996 125.9 1.0 142.0 1.0
picture_000506 0.996 26.6 89.3 142.0 100.0
picture_000506 0.985 1.0 69.0 59.5 75.4
picture_000506 0.967 70.8 1.0 124.1 1.0
picture_000506 0.906 1.0 140.0 1.0 140.0
picture_000506 0.886 142.0 140.0 142.0 140.0
picture_000506 0.884 112.4 31.0 140.7 37.7
picture_000506 0.851 1.0 140.0 15.8 140.0
picture_000506 0.793 1.0 1.0 1.0 1.0
picture_000506 0.768 1.0 82.2 1.9 92.0
picture_000506 0.378 1.0 1.0 6.6 1.0
picture_000506 0.367 142.0 66.0 142.0 86.8
picture_000506 0.130 1.0 114.3 1.0 137.5
picture_000508 1.000 105.3 36.3 278.8 241.5
picture_000508 1.000 133.1 51.8 159.2 149.4
picture_000508 0.999 84.7 175.4 162.4 276.0
picture_000508 0.999 139.8 89.4 228.9 191.6
picture_000508 0.999 187.4 203.7 261.5 276.0
picture_000508 0.999 153.0 121.4 279.0 140.7
picture_000508 0.999 7.5 1.0 66.8 270.7
picture_000508 0.998 121.9 1.0 162.0 60.7
picture_000508 0.157 43.1 160.4 63.2 189.5
picture_000511 1.000 101.8 96.7 178.6 146.4
picture_000511 0.999 119.4 60.6 166.5 107.1
picture_000511 0.998 18.1 103.6 196.0 181.5
picture_000511 0.998 31.2 200.0 170.8 234.1
picture_000511 0.997 79.3 155.7 196.0 275.2
picture_000511 0.997 87.8 94.1 105.3 141.7
picture_000511 0.997 22.0 157.7 98.4 260.2
picture_000511 0.559 1.0 174.3 1.7 195.0
picture_000511 0.058 16.3 12.3 48.7 31.0
picture_000512 1.000 115.3 92.0 176.0 149.7
picture_000512 1.000 112.8 159.5 176.0 196.3
picture_000512 1.000 51.7 51.8 176.0 187.9
picture_000512 0.999 58.7 126.4 176.0 139.5
picture_000512 0.999 141.0 88.1 169.2 118.7
picture_000512 0.996 1.0 208.9 176.0 213.0
picture_000512 0.995 1.0 104.2 86.7 138.9
picture_000512 0.990 176.0 83.7 176.0 96.6
picture_000512 0.989 1.0 155.3 176.0 175.0
picture_000512 0.988 1.0 175.7 85.7 183.1
picture_000512 0.933 28.7 43.8 104.8 51.3
picture_000512 0.787 39.4 213.0 105.2 213.0
picture_000512 0.686 87.8 1.0 138.0 1.0
picture_000512 0.635 144.1 156.0 171.4 162.7
picture_000512 0.572 1.0 161.9 176.0 213.0
picture_000512 0.073 176.0 34.5 176.0 43.6
picture_000648 1.000 1.0 224.4 43.7 285.4
picture_000648 1.000 1.0 184.3 123.4 280.5
picture_000648 1.000 4.4 119.0 55.0 214.5
picture_000648 0.999 3.8 268.7 51.6 294.7
picture_000648 0.999 1.0 315.2 70.9 368.3
picture_000648 0.999 1.0 184.7 1.0 270.6
picture_000648 0.997 1.0 289.7 1.0 384.4
picture_000648 0.992 1.0 136.1 10.6 272.0
picture_000648 0.115 1.0 119.3 1.0 130.7
picture_000648 0.052 1.0 390.8 110.6 421.0
picture_000649 0.999 14.0 260.3 45.0 301.0
picture_000649 0.999 12.7 196.4 99.2 221.6
picture_000649 0.999 54.6 206.5 123.1 258.7
picture_000649 0.998 7.5 298.0 101.9 301.0
picture_000649 0.998 7.0 219.5 126.4 296.5
picture_000649 0.716 53.2 231.2 74.5 240.8
picture_000649 0.355 9.0 141.2 36.2 178.2
picture_000650 1.000 12.5 424.7 126.3 457.0
picture_000650 0.999 1.0 515.8 10.1 543.2
picture_000650 0.916 47.5 483.0 95.1 489.3
picture_000651 1.000 104.4 131.3 188.3 143.9
picture_000651 0.996 1.0 109.3 208.9 133.9
picture_000651 0.992 26.8 144.0 231.0 144.0
picture_000651 0.976 1.8 72.7 55.5 126.2
picture_000651 0.911 187.0 117.4 203.6 131.9
picture_000651 0.813 28.0 144.0 42.1 144.0
picture_000651 0.588 1.0 73.6 231.0 125.5
picture_000651 0.486 231.0 144.0 231.0 144.0
picture_000651 0.421 1.0 144.0 1.0 144.0
picture_000652 1.000 1.0 94.0 126.3 173.2
picture_000652 0.999 4.6 54.0 82.8 128.5
picture_000652 0.999 1.0 128.5 31.0 151.9
picture_000652 0.999 1.0 50.4 87.3 76.1
picture_000652 0.999 1.0 1.0 1.0 157.1
picture_000652 0.998 1.0 38.7 7.5 76.9
picture_000652 0.998 1.9 1.0 67.0 1.0
picture_000652 0.996 1.0 10.7 1.0 32.8
picture_000652 0.996 1.0 228.0 57.5 228.0
picture_000652 0.995 1.0 153.4 1.0 188.3
picture_000652 0.990 27.8 1.0 142.0 1.0
picture_000652 0.860 1.0 116.3 1.0 143.1
picture_000652 0.828 1.0 61.8 1.0 99.6
picture_000652 0.471 1.0 1.0 107.3 64.9
picture_000653 1.000 150.5 622.1 191.2 677.8
picture_000653 1.000 195.1 652.0 251.7 681.0
picture_000653 0.999 197.2 534.0 247.9 589.2
picture_000653 0.998 292.8 668.3 323.0 681.0
picture_000653 0.996 1.0 615.1 227.1 680.0
picture_000653 0.926 188.6 681.0 250.8 681.0
picture_000653 0.829 219.4 681.0 298.2 681.0
picture_000656 1.000 85.7 230.3 155.3 257.6
picture_000656 1.000 33.1 262.0 100.7 262.0
picture_000656 0.996 9.0 170.3 51.0 250.1
picture_000656 0.984 1.0 260.2 260.2 262.0
picture_000656 0.977 1.0 255.0 171.0 262.0
picture_000656 0.764 1.0 262.0 25.8 262.0
picture_000656 0.456 88.3 262.0 109.2 262.0
picture_000656 0.152 177.0 226.6 185.4 247.2
picture_000657 1.000 91.3 263.0 149.5 291.0
picture_000657 1.000 53.2 236.1 162.9 285.2
picture_000657 1.000 1.0 222.4 62.9 281.8
picture_000657 0.997 1.0 280.4 174.8 291.0
picture_000657 0.991 1.0 291.0 209.9 291.0
picture_000657 0.990 118.5 266.2 133.8 291.0
picture_000657 0.988 1.0 133.7 155.9 274.5
picture_000657 0.947 1.0 291.0 37.0 291.0
picture_000657 0.879 1.0 138.0 44.3 270.6
picture_000657 0.767 1.0 230.5 1.0 271.2
picture_000657 0.631 1.0 158.8 1.0 256.4
picture_000657 0.116 1.0 291.0 1.0 291.0
picture_000659 1.000 128.7 346.6 192.9 446.0
picture_000659 1.000 116.9 326.2 133.6 406.1
picture_000659 1.000 124.7 380.0 199.4 410.0
picture_000659 0.999 57.6 274.4 119.3 447.0
picture_000659 0.999 138.8 280.4 226.0 355.0
picture_000659 0.999 49.3 419.3 113.9 485.0
picture_000659 0.959 15.6 276.1 53.7 394.5
picture_000659 0.138 1.0 225.6 11.2 392.0
picture_000666 1.000 130.3 179.3 206.1 265.1
picture_000666 1.000 67.5 285.9 245.5 318.7
picture_000666 1.000 197.2 139.9 267.0 221.7
picture_000666 1.000 107.4 119.0 267.0 282.5
picture_000666 0.999 170.0 88.4 212.4 159.0
picture_000666 0.999 85.9 162.0 152.9 190.1
picture_000666 0.987 171.8 343.0 216.6 343.0
picture_000666 0.970 1.0 10.2 114.9 195.9
picture_000666 0.958 59.8 261.8 144.4 343.0
picture_000666 0.671 163.4 1.0 205.7 10.1
picture_000666 0.255 245.6 159.7 267.0 177.4
picture_000667 1.000 1.0 90.7 40.7 192.0
picture_000667 1.000 12.8 70.5 84.6 129.2
picture_000667 0.999 1.0 100.4 165.0 125.5
picture_000667 0.999 1.0 163.8 97.8 176.0
picture_000667 0.999 1.0 151.0 148.5 203.4
picture_000667 0.999 1.0 83.8 165.0 187.1
picture_000667 0.998 1.0 184.9 1.0 213.1
picture_000667 0.984 23.3 274.0 108.6 274.0
picture_000667 0.981 19.2 102.0 97.5 106.8
picture_000667 0.913 1.0 92.3 1.0 224.3
picture_000667 0.877 1.0 113.3 1.0 130.0
picture_000667 0.828 1.0 70.3 1.0 76.3
picture_000667 0.258 48.8 19.6 145.3 25.2
picture_000667 0.094 1.0 227.6 165.0 255.4
picture_000674 1.000 62.2 225.7 159.6 303.5
picture_000674 0.999 51.3 239.8 281.1 375.1
picture_000674 0.997 38.8 316.9 116.7 387.5
picture_000674 0.994 52.0 204.6 90.4 241.7
picture_000674 0.990 57.3 385.5 156.1 399.9
picture_000674 0.979 1.0 242.1 146.8 462.5
picture_000674 0.848 1.0 319.2 1.0 349.9
picture_000674 0.840 1.0 124.8 1.0 207.6
picture_000674 0.820 1.0 185.8 1.0 224.8
picture_000674 0.558 1.0 424.6 151.1 499.5
picture_000674 0.056 149.7 261.1 171.0 283.6
picture_000674 0.053 1.0 253.9 20.1 270.8
picture_000675 1.000 105.4 15.4 223.0 70.8
picture_000675 1.000 220.1 1.0 223.0 24.1
picture_000675 1.000 137.2 1.0 223.0 1.0
picture_000675 1.000 137.5 69.7 209.2 84.4
picture_000675 1.000 173.3 61.5 223.0 120.0
picture_000675 1.000 219.2 1.0 223.0 3.9
picture_000675 0.999 28.6 1.0 181.7 92.5
picture_000675 0.998 1.0 120.0 182.2 120.0
picture_000675 0.995 1.0 33.3 223.0 52.7
picture_000675 0.992 223.0 79.4 223.0 94.0
picture_000675 0.986 28.9 1.0 167.8 1.0
picture_000675 0.982 1.0 80.1 223.0 93.6
picture_000675 0.944 1.0 85.4 223.0 115.2
picture_000675 0.920 1.0 1.0 223.0 4.1
picture_000675 0.877 223.0 91.1 223.0 117.8
picture_000675 0.538 223.0 1.0 223.0 1.0
picture_000675 0.095 1.0 113.5 223.0 120.0
picture_000676 1.000 109.8 132.8 147.6 142.0
picture_000676 1.000 132.0 109.5 194.5 137.7
picture_000676 0.998 38.7 132.2 208.0 142.0
picture_000676 0.997 164.4 142.0 208.0 142.0
picture_000676 0.995 42.3 110.0 55.1 135.8
picture_000676 0.995 142.0 78.5 152.5 124.7
picture_000676 0.994 61.7 81.6 132.9 142.0
picture_000676 0.994 61.2 142.0 203.6 142.0
picture_000676 0.922 208.0 53.4 208.0 120.6
picture_000676 0.921 24.6 142.0 80.8 142.0
picture_000676 0.755 163.3 124.7 171.7 142.0
picture_000676 0.644 35.3 57.5 208.0 142.0
picture_000676 0.611 61.1 142.0 76.3 142.0
picture_000676 0.596 208.0 104.8 208.0 130.3
picture_000677 1.000 56.4 97.0 137.8 164.3
picture_000677 1.000 132.4 135.6 161.0 169.0
picture_000677 1.000 1.0 138.4 161.0 169.0
picture_000677 0.999 71.0 169.0 156.4 169.0
picture_000677 0.999 1.0 133.8 1.0 169.0
picture_000677 0.999 1.0 1.0 71.6 133.7
picture_000677 0.998 161.0 1.0 161.0 133.3
picture_000677 0.998 29.7 169.0 76.8 169.0
picture_000677 0.983 161.0 158.6 161.0 169.0
picture_000677 0.974 154.6 169.0 161.0 169.0
picture_000677 0.888 4.4 37.2 161.0 169.0
picture_000677 0.742 1.0 169.0 2.1 169.0
picture_000677 0.473 1.0 65.9 1.0 156.6
picture_000677 0.344 128.3 161.0 161.0 169.0
picture_000677 0.181 1.0 163.3 161.0 169.0
picture_000677 0.056 161.0 169.0 161.0 169.0
picture_000678 0.999 115.9 1.0 164.0 60.0
picture_000678 0.999 87.6 30.1 147.7 251.1
picture_000678 0.999 150.2 45.8 164.0 161.7
picture_000678 0.999 103.3 1.0 119.1 49.8
picture_000678 0.999 101.0 6.0 132.7 84.0
picture_000678 0.998 164.0 1.0 164.0 181.2
picture_000678 0.996 44.1 1.0 55.7 83.9
picture_000678 0.996 91.4 12.0 99.1 113.5
picture_000678 0.994 51.1 1.0 63.2 24.6
picture_000678 0.991 52.1 1.0 103.0 232.4
picture_000678 0.983 66.1 1.0 75.6 258.0
picture_000678 0.883 26.1 112.4 42.3 232.6
picture_000678 0.074 102.9 1.0 109.0 1.0
picture_000680 1.000 150.3 142.3 198.7 318.9
picture_000680 1.000 147.7 257.2 235.2 321.4
picture_000680 0.999 83.2 253.1 223.0 419.0
picture_000680 0.999 153.2 318.5 246.0 355.5
picture_000680 0.997 201.2 163.0 233.3 201.4
picture_000680 0.997 14.7 306.4 123.9 419.0
picture_000680 0.997 32.8 69.6 162.4 408.8
picture_000680 0.982 159.0 247.3 205.1 262.8
picture_000680 0.928 246.0 419.0 246.0 419.0
picture_000680 0.926 99.0 378.3 149.9 393.0
picture_000680 0.700 41.4 71.3 139.3 95.4
picture_000680 0.489 146.3 24.3 193.4 38.0
picture_000683 1.000 147.8 192.9 212.9 227.3
picture_000683 1.000 98.8 222.9 214.0 228.0
picture_000683 0.999 214.0 227.0 214.0 228.0
picture_000683 0.998 22.8 208.8 214.0 228.0
picture_000683 0.997 1.0 162.1 212.1 212.9
picture_000683 0.994 136.7 228.0 209.9 228.0
picture_000683 0.991 194.2 228.0 214.0 228.0
picture_000683 0.987 214.0 193.4 214.0 222.1
picture_000683 0.954 200.2 54.1 214.0 228.0
picture_000685 1.000 1.0 1.0 1.0 110.8
picture_000685 1.000 1.0 9.6 133.0 71.3
picture_000685 1.000 24.4 65.9 101.7 127.4
picture_000685 1.000 1.0 1.0 133.0 1.0
picture_000685 0.999 1.0 1.0 1.0 22.8
picture_000685 0.999 1.0 46.4 133.0 63.3
picture_000685 0.999 1.0 133.0 1.0 133.0
picture_000685 0.999 1.0 43.9 7.5 121.6
picture_000685 0.999 27.0 133.0 133.0 133.0
picture_000685 0.998 31.5 130.6 130.9 133.0
picture_000685 0.924 1.0 1.0 47.8 133.0
picture_000688 1.000 186.5 53.3 274.0 128.0
picture_000688 1.000 223.2 1.0 274.0 1.0
picture_000688 0.999 242.5 1.0 274.0 67.6
picture_000688 0.999 171.3 77.5 268.2 95.5
picture_000688 0.999 125.1 93.3 268.0 283.0
picture_000688 0.999 124.1 1.0 253.2 1.0
picture_000688 0.998 274.0 171.4 274.0 208.9
picture_000688 0.992 274.0 1.0 274.0 1.0
picture_000688 0.991 1.0 1.0 274.0 170.1
picture_000688 0.889 59.4 249.6 264.1 283.0
picture_000689 1.000 64.5 1.0 129.9 70.1
picture_000689 1.000 1.0 1.0 39.7 134.6
picture_000689 1.000 1.0 12.6 1.0 69.6
picture_000689 1.000 47.7 15.7 78.9 147.0
picture_000689 1.000 104.0 1.0 179.0 29.8
picture_000689 1.000 1.0 1.0 174.2 92.5
picture_000689 1.000 13.2 1.0 119.0 1.0
picture_000689 1.000 168.1 13.0 179.0 103.8
picture_000689 0.997 54.4 1.0 77.9 1.0
picture_000689 0.997 179.0 45.9 179.0 147.0
picture_000689 0.997 179.0 1.0 179.0 85.4
picture_000689 0.976 1.0 64.8 179.0 147.0
picture_000689 0.971 24.7 1.0 54.9 1.0
picture_000689 0.969 8.4 1.0 20.5 44.2
picture_000689 0.926 108.3 1.0 179.0 1.0
picture_000689 0.901 1.0 48.8 1.0 147.0
picture_000693 1.000 101.5 80.5 178.8 129.2
picture_000693 0.999 18.7 157.3 63.2 197.1
picture_000693 0.999 108.4 1.0 177.4 34.3
picture_000693 0.999 82.9 131.4 136.2 143.3
picture_000693 0.997 24.7 125.1 328.0 153.3
picture_000693 0.997 1.0 147.8 287.6 197.1
picture_000693 0.993 1.0 93.4 18.8 106.1
picture_000693 0.992 1.0 1.0 101.6 284.2
picture_000693 0.990 1.0 168.2 172.3 234.7
picture_000693 0.925 1.0 227.9 102.6 266.3
picture_000693 0.136 23.4 1.0 104.8 4.1
picture_000693 0.057 8.6 289.1 154.1 303.1
picture_000694 1.000 1.0 37.1 149.7 75.6
picture_000694 1.000 63.3 1.0 125.4 24.2
picture_000694 1.000 39.8 106.1 114.4 136.1
picture_000694 1.000 72.2 7.7 157.0 103.3
picture_000694 1.000 125.3 64.3 157.0 100.7
picture_000694 1.000 1.0 1.0 139.6 1.0
picture_000694 0.999 157.0 40.9 157.0 93.7
picture_000694 0.999 157.0 107.6 157.0 128.9
picture_000694 0.998 120.0 30.4 157.0 48.9
picture_000694 0.998 1.0 1.0 82.2 11.6
picture_000694 0.990 1.0 66.3 157.0 141.0
picture_000695 1.000 1.0 639.0 24.4 693.9
picture_000695 1.000 1.0 613.4 23.5 636.8
picture_000695 0.999 7.7 643.6 74.1 697.6
picture_000695 0.999 7.4 538.2 105.7 580.7
picture_000695 0.999 1.0 639.4 1.0 696.1
picture_000695 0.997 1.0 693.3 1.0 713.0
picture_000695 0.993 14.7 713.0 79.2 713.0
picture_000695 0.985 12.5 621.2 113.1 643.8
picture_000695 0.940 1.0 713.0 1.0 713.0
picture_000695 0.763 11.7 423.9 75.4 503.8
picture_000696 1.000 105.5 88.2 188.3 164.2
picture_000696 1.000 21.7 151.5 177.9 174.5
picture_000696 1.000 189.0 101.2 189.0 142.7
picture_000696 1.000 163.4 182.0 189.0 182.0
picture_000696 0.999 95.5 69.2 187.3 85.2
picture_000696 0.999 95.2 167.5 189.0 182.0
picture_000696 0.999 157.8 1.0 189.0 2.4
picture_000696 0.997 68.8 10.9 170.7 182.0
picture_000696 0.995 1.0 1.9 189.0 26.1
picture_000696 0.961 65.5 1.0 169.4 1.0
picture_000696 0.905 1.0 182.0 172.1 182.0
picture_000696 0.384 189.0 139.2 189.0 149.2
picture_000701 1.000 70.6 17.0 126.0 88.4
picture_000701 1.000 1.0 1.0 8.4 59.5
picture_000701 1.000 1.0 88.5 42.4 108.0
picture_000701 1.000 102.6 1.0 126.0 60.1
picture_000701 1.000 1.0 1.0 126.0 108.0
picture_000701 0.999 69.5 108.0 126.0 108.0
picture_000701 0.999 1.0 1.0 126.0 1.0
picture_000701 0.998 126.0 108.0 126.0 108.0
picture_000701 0.996 1.0 84.1 1.0 108.0
picture_000701 0.917 98.0 44.5 126.0 108.0
picture_000701 0.175 50.4 100.5 126.0 108.0
picture_000701 0.130 1.0 1.0 1.0 80.3
picture_000701 0.113 1.0 1.0 126.0 21.2
picture_000701 0.100 1.0 21.1 41.4 108.0
picture_000701 0.096 1.0 1.0 28.9 56.6
picture_000703 1.000 110.8 207.4 190.6 255.0
picture_000703 1.000 66.4 242.5 192.0 260.1
picture_000703 1.000 71.7 278.0 168.3 297.0
picture_000703 1.000 192.0 208.9 192.0 239.4
picture_000703 0.999 72.9 216.8 166.4 227.8
picture_000703 0.998 101.5 97.7 180.8 104.5
picture_000703 0.998 69.1 82.2 170.4 107.8
picture_000703 0.997 1.0 168.5 178.4 297.0
picture_000703 0.956 96.6 297.0 192.0 297.0
picture_000703 0.951 181.1 297.0 192.0 297.0
picture_000703 0.581 1.0 201.8 149.1 208.1
picture_000703 0.295 192.0 222.1 192.0 228.4
picture_000704 1.000 31.6 41.3 114.1 119.0
picture_000704 1.000 78.9 1.0 129.0 93.6
picture_000704 1.000 1.0 1.0 39.2 92.0
picture_000704 0.999 1.0 1.0 129.0 33.7
picture_000704 0.999 106.5 119.0 129.0 119.0
picture_000704 0.999 125.3 113.2 129.0 119.0
picture_000704 0.997 32.7 119.0 129.0 119.0
picture_000704 0.996 129.0 10.7 129.0 119.0
picture_000704 0.706 1.0 119.0 40.9 119.0
picture_000704 0.596 115.9 1.0 129.0 1.0
picture_000705 1.000 87.4 14.4 204.3 66.1
picture_000705 1.000 101.1 42.8 178.9 70.6
picture_000705 1.000 1.0 52.2 86.4 103.7
picture_000705 1.000 71.3 49.6 220.0 103.8
picture_000705 1.000 1.0 17.2 220.0 144.0
picture_000705 0.999 89.5 129.2 211.0 169.6
picture_000705 0.999 1.0 109.6 161.0 127.8
picture_000705 0.986 93.8 1.0 165.9 1.0
picture_000705 0.971 1.0 115.9 1.0 129.8
picture_000705 0.860 1.0 46.7 1.0 68.2
picture_000705 0.312 139.4 191.0 172.4 191.0
picture_000705 0.252 19.7 39.9 47.0 49.9
picture_000705 0.203 220.0 1.0 220.0 1.0
picture_000705 0.193 1.0 1.0 1.0 1.0
picture_000705 0.078 1.0 96.9 220.0 191.0
picture_000706 1.000 1.0 181.5 46.1 235.1
picture_000706 1.000 1.0 186.4 1.0 237.3
picture_000706 1.000 11.3 261.8 74.7 303.3
picture_000706 1.000 1.0 94.7 18.6 189.3
picture_000706 1.000 1.0 205.5 39.6 219.0
picture_000706 0.999 1.0 158.0 1.0 185.1
picture_000706 0.999 1.0 230.6 1.0 294.9
picture_000706 0.996 1.0 227.7 16.6 319.2
picture_000706 0.994 1.0 11.8 31.5 275.2
picture_000706 0.902 1.0 300.6 1.0 318.3
picture_000706 0.565 1.0 111.2 195.0 124.8
picture_000707 1.000 7.2 126.9 93.7 206.7
picture_000707 1.000 1.0 49.1 1.0 226.2
picture_000707 1.000 1.0 145.5 37.9 229.0
picture_000707 0.999 1.0 191.0 35.6 212.8
picture_000707 0.999 1.0 1.0 39.2 66.7
picture_000707 0.999 27.7 114.6 202.0 152.9
picture_000707 0.999 1.0 218.3 1.0 229.0
picture_000707 0.998 1.0 60.1 1.0 111.7
picture_000707 0.996 15.6 229.0 96.2 229.0
picture_000707 0.942 1.0 1.0 127.4 229.0
picture_000707 0.591 1.0 127.8 1.0 160.7
picture_000709 1.000 6.5 132.4 95.1 166.0
picture_000709 1.000 1.0 110.2 14.6 180.7
picture_000709 0.999 1.0 167.7 138.6 197.4
picture_000709 0.999 7.2 219.6 101.3 231.6
picture_000709 0.999 1.0 72.3 87.1 91.6
picture_000709 0.999 1.0 149.9 60.4 171.5
picture_000709 0.998 1.0 141.4 34.0 153.2
picture_000709 0.998 1.0 204.1 19.9 240.7
picture_000709 0.996 1.0 113.8 165.0 136.2
picture_000709 0.995 1.0 152.3 1.0 224.5
picture_000709 0.990 1.0 181.9 58.5 193.5
picture_000709 0.988 1.0 247.8 135.2 258.2
picture_000709 0.987 1.0 51.2 165.0 65.0
picture_000709 0.974 1.0 178.3 1.0 189.9
picture_000709 0.959 1.0 203.0 165.0 215.4
picture_000709 0.184 54.1 120.4 103.6 125.9
picture_000718 1.000 16.8 104.8 80.2 151.8
picture_000718 1.000 39.1 101.3 92.6 214.0
picture_000718 1.000 1.0 61.2 65.3 185.9
picture_000718 0.999 81.2 110.2 125.6 131.0
picture_000718 0.999 1.0 178.0 50.2 214.0
picture_000718 0.999 38.1 214.0 137.7 214.0
picture_000718 0.998 44.9 204.9 73.9 214.0
picture_000718 0.998 1.0 101.2 85.3 113.7
picture_000718 0.997 1.0 214.0 50.3 214.0
picture_000718 0.997 1.0 109.0 1.0 213.0
picture_000718 0.991 106.3 19.0 166.0 55.2
picture_000718 0.989 1.0 94.2 1.0 115.3
picture_000718 0.984 34.9 1.0 66.2 77.4
picture_000718 0.979 1.0 128.3 166.0 161.8
picture_000718 0.946 99.7 152.3 166.0 171.3
picture_000718 0.590 1.0 1.0 166.0 67.0
picture_000718 0.568 92.2 10.3 166.0 203.7
picture_000718 0.461 1.0 1.0 1.0 1.0
picture_000718 0.318 6.4 137.2 30.7 145.6
picture_000718 0.183 1.0 139.3 1.0 156.5
picture_000718 0.158 57.0 1.0 104.2 1.0
picture_000718 0.148 1.0 214.0 1.0 214.0
picture_000718 0.068 101.7 72.1 166.0 83.8
picture_000722 1.000 1.0 96.9 60.2 189.8
picture_000722 1.000 1.0 36.1 1.0 166.5
picture_000722 0.999 1.4 157.4 56.5 176.3
picture_000722 0.999 1.0 98.9 107.2 315.2
picture_000722 0.999 1.0 202.7 1.0 261.8
picture_000722 0.989 1.0 270.1 43.3 287.8
picture_000723 1.000 57.8 1.0 163.0 92.3
picture_000723 1.000 88.0 1.7 129.0 66.0
picture_000723 1.000 1.0 1.0 70.9 87.8
picture_000723 1.000 21.1 30.3 122.3 77.6
picture_000723 1.000 17.7 36.2 54.4 184.3
picture_000723 1.000 4.7 47.8 120.9 205.1
picture_000723 0.999 63.8 1.0 166.6 1.0
picture_000723 0.999 45.3 1.0 77.1 28.4
picture_000723 0.989 1.0 1.0 1.0 31.3
picture_000723 0.977 1.0 1.0 1.0 251.0
picture_000723 0.920 80.9 33.0 89.5 76.3
picture_000723 0.836 118.3 1.0 209.0 232.6
picture_000723 0.817 1.0 1.0 17.9 183.6
picture_000723 0.560 209.0 17.9 209.0 54.8
picture_000723 0.074 1.0 1.0 1.0 1.0
picture_000724 0.999 323.0 311.3 323.0 354.0
picture_000724 0.999 262.0 306.7 319.8 351.6
picture_000724 0.998 251.8 354.0 311.6 354.0
picture_000724 0.998 299.6 274.8 323.0 354.0
picture_000724 0.996 186.4 273.5 304.8 354.0
picture_000724 0.975 254.7 207.6 313.4 354.0
picture_000724 0.959 207.5 101.7 308.2 343.0
picture_000724 0.921 323.0 119.3 323.0 335.7
picture_000726 1.000 1.0 84.8 71.3 163.3
picture_000726 1.000 1.0 63.9 202.0 101.3
picture_000726 1.000 1.0 69.0 202.0 189.0
picture_000726 1.000 27.1 1.0 105.3 1.0
picture_000726 1.000 1.0 148.9 37.5 189.0
picture_000726 0.999 1.0 1.0 1.0 33.6
picture_000726 0.999 1.0 6.2 1.0 111.5
picture_000726 0.999 70.9 189.0 202.0 189.0
picture_000726 0.995 1.0 175.9 1.0 189.0
picture_000726 0.992 1.0 123.0 51.6 140.0
picture_000726 0.939 1.0 1.0 1.0 1.0
picture_000726 0.925 1.0 115.4 1.0 189.0
picture_000726 0.836 1.0 1.0 35.8 1.0
picture_000727 1.000 302.0 493.9 302.0 603.5
picture_000727 1.000 262.0 558.9 296.8 622.7
picture_000727 1.000 301.0 524.0 302.0 662.9
picture_000727 0.998 299.7 540.6 302.0 559.7
picture_000727 0.995 261.4 365.3 293.6 499.9
picture_000727 0.980 295.8 372.2 302.0 446.9
picture_000727 0.975 302.0 618.6 302.0 649.4
picture_000727 0.959 302.0 441.3 302.0 466.5
picture_000727 0.945 254.9 676.0 293.8 676.0
picture_000727 0.929 209.9 506.5 281.5 616.2
picture_000727 0.902 234.4 551.9 285.5 578.4
picture_000727 0.760 294.4 676.0 302.0 676.0
picture_000727 0.697 292.6 383.1 302.0 533.0
picture_000727 0.593 210.9 648.2 283.9 676.0
picture_000728 1.000 26.8 126.6 128.5 210.1
picture_000728 1.000 1.0 163.2 84.1 241.0
picture_000728 1.000 1.0 92.1 213.0 145.5
picture_000728 1.000 15.0 136.8 46.8 197.1
picture_000728 1.000 1.0 46.5 1.0 241.0
picture_000728 1.000 1.0 67.5 18.8 221.9
picture_000728 0.999 1.0 197.0 1.0 241.0
picture_000728 0.998 1.0 86.7 1.0 113.8
picture_000728 0.989 113.6 108.1 194.1 123.6
picture_000728 0.986 1.0 1.0 126.3 241.0
picture_000728 0.977 1.0 25.6 1.0 67.7
picture_000728 0.949 63.4 1.0 114.3 1.0
picture_000728 0.912 126.5 1.0 213.0 16.5
picture_000728 0.321 10.4 91.4 42.0 105.5
picture_000728 0.164 1.0 1.0 1.0 1.0
picture_000728 0.112 1.0 234.4 1.0 241.0
picture_000730 1.000 220.0 444.4 316.7 522.7
picture_000730 1.000 233.6 571.0 335.0 571.0
picture_000730 0.998 130.2 544.4 301.2 571.0
picture_000730 0.766 335.0 471.8 335.0 483.1
picture_000730 0.262 139.7 300.4 292.2 347.9
picture_000730 0.125 21.1 395.8 335.0 423.2
picture_000731 1.000 242.3 219.4 282.0 281.3
picture_000731 0.997 193.9 1.0 271.9 367.5
picture_000731 0.995 127.7 124.7 253.3 160.7
picture_000731 0.990 136.4 287.8 271.2 438.0
picture_000731 0.990 251.1 423.8 282.0 438.0
picture_000731 0.826 244.5 1.0 280.1 60.3
picture_000731 0.383 146.1 1.0 246.5 207.9
picture_000731 0.264 281.4 128.7 282.0 139.1
picture_000731 0.077 146.2 438.0 268.2 438.0
picture_000732 1.000 37.0 27.0 116.3 103.0
picture_000732 1.000 1.0 12.9 14.4 124.3
picture_000732 1.000 1.0 1.0 160.9 70.1
picture_000732 1.000 75.2 64.3 164.0 96.0
picture_000732 1.000 1.0 28.1 1.0 64.1
picture_000732 0.999 133.8 1.0 164.0 19.9
picture_000732 0.999 1.0 35.3 43.5 144.0
picture_000732 0.999 75.2 1.0 164.0 1.0
picture_000732 0.999 1.0 1.0 87.0 1.0
picture_000732 0.999 1.0 20.4 117.6 30.5
picture_000732 0.998 1.0 132.0 1.0 144.0
picture_000732 0.995 1.0 110.8 164.0 135.8
picture_000732 0.993 157.2 144.0 164.0 144.0
picture_000732 0.991 62.0 57.1 97.8 69.5
picture_000732 0.975 1.0 1.0 1.0 14.0
picture_000732 0.782 1.0 1.0 22.9 56.8
picture_000732 0.648 1.0 6.3 1.0 144.0
picture_000732 0.392 1.0 144.0 164.0 144.0
picture_000732 0.108 1.0 144.0 1.0 144.0
picture_000732 0.088 9.1 38.7 164.0 144.0
picture_000733 1.000 44.9 7.4 130.5 98.5
picture_000733 1.000 70.0 8.7 186.4 45.9
picture_000733 1.000 1.0 22.1 10.8 170.0
picture_000733 1.000 1.0 66.5 162.3 173.4
picture_000733 0.999 1.0 1.0 37.5 31.5
picture_000733 0.999 96.3 1.0 112.1 55.8
picture_000733 0.998 1.0 31.0 1.0 65.0
picture_000733 0.987 1.0 91.7 1.0 183.0
picture_000733 0.963 1.0 1.0 22.4 1.0
picture_000733 0.903 1.0 9.6 59.5 203.0
picture_000733 0.630 75.1 1.0 94.8 1.0
picture_000738 1.000 1.0 228.3 33.2 403.3
picture_000738 1.000 60.7 289.4 204.1 415.0
picture_000738 0.999 78.6 317.7 129.5 408.3
picture_000738 0.999 1.0 351.2 1.0 415.0
picture_000738 0.999 23.6 164.5 109.2 415.0
picture_000738 0.999 119.1 223.4 279.7 361.1
picture_000738 0.999 26.9 415.0 108.4 415.0
picture_000738 0.998 113.5 378.2 142.6 415.0
picture_000738 0.997 1.0 412.4 204.1 415.0
picture_000738 0.993 1.0 295.8 82.4 415.0
picture_000738 0.853 1.0 415.0 36.9 415.0
picture_000738 0.630 146.2 415.0 168.5 415.0
picture_000738 0.615 1.0 362.7 290.0 415.0
picture_000738 0.546 48.1 284.2 57.4 366.1
picture_000738 0.371 220.9 314.6 232.7 386.5
picture_000738 0.223 1.0 1.0 207.0 415.0
picture_000740 1.000 206.2 187.7 305.0 268.1
picture_000740 1.000 242.9 212.5 305.0 241.1
picture_000740 0.999 59.1 214.9 290.0 244.6
picture_000740 0.999 276.0 334.7 305.0 363.0
picture_000740 0.999 194.4 1.0 302.5 300.1
picture_000740 0.996 1.0 219.0 305.0 327.0
picture_000740 0.996 130.3 1.0 285.9 119.3
picture_000740 0.797 1.0 306.5 305.0 337.0
picture_000740 0.729 145.9 197.3 259.1 204.0
picture_000740 0.519 305.0 33.1 305.0 45.8
picture_000740 0.420 1.0 11.4 305.0 198.6
picture_000740 0.255 89.7 408.0 276.0 408.0
picture_000741 1.000 81.2 42.8 128.3 73.1
picture_000741 1.000 77.1 71.9 225.9 145.4
picture_000741 1.000 231.4 91.7 268.0 121.3
picture_000741 1.000 158.4 1.0 216.0 49.3
picture_000741 0.999 58.5 142.8 138.7 174.9
picture_000741 0.998 134.8 185.6 268.0 207.7
picture_000741 0.996 17.4 162.6 179.1 206.6
picture_000741 0.996 1.0 51.5 1.0 99.2
picture_000741 0.776 1.0 166.6 77.0 220.4
picture_000742 1.000 1.0 27.7 64.5 103.9
picture_000742 1.000 1.0 112.4 1.0 162.0
picture_000742 1.000 1.0 66.5 1.0 135.4
picture_000742 1.000 1.0 87.6 25.7 162.0
picture_000742 0.999 1.0 134.1 110.4 162.0
picture_000742 0.999 4.0 63.4 209.0 129.7
picture_000742 0.999 1.0 1.0 41.3 52.9
picture_000742 0.999 1.0 30.9 148.0 54.4
picture_000742 0.999 1.0 1.0 67.2 1.0
picture_000742 0.996 1.0 1.0 1.0 17.0
picture_000742 0.995 13.8 162.0 107.0 162.0
picture_000742 0.981 23.1 15.5 209.0 26.8
picture_000742 0.964 1.0 29.1 1.0 78.7
picture_000742 0.956 1.0 94.2 23.2 104.6
picture_000742 0.941 1.0 1.0 9.3 162.0
picture_000742 0.231 1.0 1.0 1.0 1.0
picture_000743 1.000 146.2 153.5 263.2 248.8
picture_000743 1.000 180.0 267.4 235.5 293.9
picture_000743 1.000 53.6 230.4 145.2 319.4
picture_000743 1.000 126.3 7.7 219.4 116.2
picture_000743 0.999 78.3 278.1 268.7 322.0
picture_000743 0.999 1.0 272.7 187.8 302.3
picture_000743 0.998 10.3 113.0 54.3 230.7
picture_000743 0.977 1.0 46.4 68.1 176.4
picture_000744 1.000 35.8 118.7 114.2 169.0
picture_000744 1.000 1.0 164.4 21.8 194.2
picture_000744 1.000 1.0 104.4 75.5 122.6
picture_000744 1.000 1.0 86.3 36.3 232.0
picture_000744 1.000 1.0 151.3 67.3 200.5
picture_000744 0.999 1.0 91.3 20.3 127.4
picture_000744 0.999 1.0 134.1 139.0 220.3
picture_000744 0.999 104.0 53.9 139.0 68.0
picture_000744 0.998 1.0 67.5 139.0 177.1
picture_000744 0.997 1.0 192.9 139.0 209.2
picture_000744 0.973 1.0 232.0 18.0 232.0
picture_000744 0.893 60.8 170.7 84.6 181.1
picture_000744 0.888 1.0 1.0 45.3 47.8
picture_000744 0.867 1.0 169.3 1.0 195.5
picture_000744 0.457 29.4 1.9 67.4 19.9
picture_000744 0.190 1.0 69.6 1.0 88.2
picture_001164 0.206 61.8 113.4 196.0 143.8
picture_001164 0.172 121.1 76.9 170.7 125.0
picture_001164 0.112 39.9 173.6 151.6 192.0
picture_001164 0.089 134.5 137.1 196.0 192.0
picture_001164 0.066 12.7 10.3 74.8 106.8
picture_001299 0.400 188.1 273.1 478.0 376.0
picture_001299 0.216 186.1 476.9 478.0 522.0
picture_001299 0.093 40.4 522.0 284.3 522.0
picture_001299 0.079 213.6 437.5 309.8 490.0
picture_001314 0.237 247.5 291.0 302.4 341.6
picture_001314 0.083 238.1 3.3 296.2 362.0
