picture_000044 0.999 38.6 656.0 81.7 718.0
picture_000044 0.998 36.6 553.6 78.4 615.3
picture_000044 0.992 89.8 619.4 107.5 653.9
picture_000044 0.986 1.0 659.2 1.0 718.0
picture_000044 0.983 125.4 651.0 161.2 714.4
picture_000044 0.962 126.7 707.9 167.0 718.0
picture_000044 0.585 128.5 718.0 165.1 718.0
picture_000045 1.000 52.8 93.4 145.1 114.5
picture_000045 1.000 20.8 73.0 74.5 132.4
picture_000045 1.000 1.0 135.1 28.5 164.0
picture_000045 1.000 1.0 44.4 13.9 159.4
picture_000045 1.000 16.4 1.0 101.1 126.9
picture_000045 1.000 49.2 31.6 68.6 96.1
picture_000045 0.999 93.6 77.5 120.2 164.0
picture_000045 0.998 12.1 126.5 142.7 164.0
picture_000045 0.995 1.0 112.1 4.0 164.0
picture_000045 0.976 1.0 150.6 69.2 164.0
picture_000045 0.950 67.2 160.5 91.9 164.0
picture_000045 0.770 1.0 64.7 1.0 82.4
picture_000046 1.000 11.6 137.5 48.3 163.0
picture_000046 1.000 1.0 115.1 83.6 156.3
picture_000046 1.000 1.0 68.5 7.4 144.4
picture_000046 1.000 1.0 163.0 48.8 163.0
picture_000046 0.999 1.0 139.4 1.0 163.0
picture_000046 0.998 1.0 38.3 46.9 143.7
picture_000046 0.995 1.0 154.5 144.9 163.0
picture_000046 0.993 51.7 163.0 117.5 163.0
picture_000046 0.878 1.0 69.6 1.0 140.7
picture_000046 0.289 1.0 163.0 1.0 163.0
picture_000046 0.114 60.2 1.0 143.1 158.2
picture_000047 1.000 74.0 262.0 129.2 323.0
picture_000047 0.999 18.9 155.1 120.9 323.0
picture_000047 0.999 75.2 317.9 111.2 323.0
picture_000047 0.999 23.8 323.0 120.7 323.0
picture_000047 0.999 1.0 243.2 1.0 323.0
picture_000047 0.996 1.0 114.4 28.4 323.0
picture_000047 0.992 36.1 309.9 47.7 323.0
picture_000047 0.969 188.2 323.0 203.0 323.0
picture_000047 0.919 1.0 140.0 1.0 296.5
picture_000047 0.854 138.9 110.9 147.7 272.8
picture_000047 0.694 1.0 323.0 1.0 323.0
picture_000047 0.505 203.0 197.3 203.0 281.5
picture_000049 1.000 1.0 166.8 78.5 187.0
picture_000049 1.000 6.3 132.5 29.0 167.3
picture_000049 0.999 1.0 165.3 15.5 187.0
picture_000049 0.999 1.0 187.0 40.4 187.0
picture_000049 0.999 49.6 107.6 119.1 164.8
picture_000049 0.997 1.0 187.0 143.0 187.0
picture_000049 0.989 1.0 102.4 46.7 165.5
picture_000049 0.978 1.0 187.0 1.0 187.0
picture_000049 0.947 1.0 108.8 1.0 161.0
picture_000049 0.909 1.0 154.9 1.0 173.2
picture_000170 0.999 1.0 617.9 69.9 726.0
picture_000170 0.999 1.0 538.8 67.5 639.2
picture_000170 0.998 1.0 518.1 2.4 639.2
picture_000170 0.998 1.0 660.7 1.0 697.4
picture_000170 0.996 1.0 487.7 62.0 560.5
picture_000170 0.995 36.6 594.9 81.2 660.4
picture_000170 0.991 1.0 551.1 1.0 602.9
picture_000170 0.785 47.2 726.0 90.4 726.0
picture_000170 0.376 1.0 615.5 1.0 637.8
picture_000170 0.067 1.0 726.0 21.1 726.0
picture_000170 0.059 1.0 446.5 1.0 565.9
picture_000497 0.999 161.7 1.0 173.0 101.1
picture_000497 0.999 99.3 1.0 130.4 35.3
picture_000497 0.999 92.2 1.0 171.4 221.0
picture_000497 0.998 117.7 30.6 173.0 91.1
picture_000497 0.998 43.1 126.6 90.0 166.0
picture_000497 0.998 67.8 1.0 108.0 1.0
picture_000497 0.998 1.0 1.0 76.1 47.5
picture_000497 0.998 126.8 1.0 173.0 1.0
picture_000497 0.997 22.0 1.0 133.3 114.2
picture_000497 0.997 119.1 129.4 173.0 148.5
picture_000497 0.908 131.8 146.5 163.2 154.7
picture_000497 0.842 173.0 21.1 173.0 40.9
picture_000497 0.285 171.5 1.0 173.0 1.0
picture_000499 1.000 52.7 178.1 153.5 265.1
picture_000499 1.000 71.2 72.0 245.0 206.7
picture_000499 1.000 1.0 178.8 245.0 214.9
picture_000499 1.000 26.8 21.4 67.0 194.5
picture_000499 1.000 105.7 108.1 191.2 179.5
picture_000499 0.999 110.4 64.2 165.9 125.9
picture_000499 0.998 122.4 181.5 199.5 195.2
picture_000499 0.998 73.9 107.3 90.8 174.5
picture_000499 0.985 1.0 251.4 198.9 267.0
picture_000499 0.948 1.0 127.5 121.6 247.7
picture_000499 0.902 1.0 202.9 231.5 287.0
picture_000499 0.836 1.0 13.3 1.0 45.6
picture_000499 0.390 1.0 1.0 51.2 143.7
picture_000499 0.325 27.6 20.4 56.4 32.3
picture_000500 1.000 159.4 472.4 217.3 544.4
picture_000500 1.000 122.9 484.1 152.7 558.7
picture_000500 0.996 54.1 483.2 129.8 550.2
picture_000500 0.965 41.8 482.0 52.5 548.8
picture_000500 0.937 124.4 579.0 164.5 674.0
picture_000500 0.921 197.6 660.7 227.8 674.0
picture_000500 0.808 169.4 663.3 194.0 674.0
picture_000500 0.682 152.8 604.5 211.1 674.0
picture_000500 0.244 94.9 577.0 127.7 674.0
picture_000501 1.000 211.1 335.2 290.2 422.3
picture_000501 0.999 125.7 349.0 153.8 435.0
picture_000501 0.996 123.4 435.0 265.1 435.0
picture_000501 0.996 185.7 329.1 209.3 360.0
picture_000501 0.987 118.8 366.8 214.0 435.0
picture_000501 0.970 109.8 408.7 155.8 435.0
picture_000503 1.000 65.1 150.9 111.4 226.0
picture_000503 1.000 36.6 135.0 60.4 296.4
picture_000503 1.000 30.8 176.9 159.4 302.3
picture_000503 0.999 66.0 141.4 79.9 195.8
picture_000503 0.999 1.0 172.4 55.7 335.0
picture_000503 0.999 53.9 181.4 92.5 200.5
picture_000503 0.998 15.1 92.2 26.0 206.6
picture_000503 0.998 1.0 130.8 1.0 213.2
picture_000503 0.995 33.3 13.9 101.7 335.0
picture_000503 0.402 16.3 1.0 28.5 109.9
picture_000503 0.300 56.4 231.5 90.3 237.9
picture_000504 1.000 91.5 47.7 164.8 125.1
picture_000504 0.999 93.8 41.9 167.0 61.7
picture_000504 0.999 125.6 1.0 167.0 1.0
picture_000504 0.999 48.2 161.0 127.7 161.0
picture_000504 0.999 122.7 1.0 165.3 35.1
picture_000504 0.997 1.0 1.7 124.6 29.1
picture_000504 0.994 1.0 152.8 132.6 161.0
picture_000504 0.993 22.7 98.7 167.0 161.0
picture_000504 0.860 167.0 82.0 167.0 101.3
picture_000504 0.810 21.8 1.0 123.2 1.0
picture_000504 0.374 167.0 1.0 167.0 29.8
picture_000505 1.000 1.0 123.9 42.0 220.0
picture_000505 1.000 1.0 191.9 35.8 220.0
picture_000505 1.000 1.0 125.9 1.0 199.5
picture_000505 0.999 15.5 220.0 110.2 220.0
picture_000505 0.999 1.0 216.7 65.5 220.0
picture_000505 0.992 1.0 220.0 1.0 220.0
picture_000505 0.624 1.0 196.1 130.0 220.0
picture_000506 1.000 10.2 41.4 79.0 98.9
picture_000506 1.000 69.2 12.2 141.3 34.6
picture_000506 1.000 1.0 17.7 8.9 127.7
picture_000506 1.000 110.4 92.0 142.0 140.0
picture_000506 1.000 1.0 1.0 130.7 94.4
picture_000506 1.000 1.0 111.6 39.6 140.0
picture_000506 0.999 1.0 1.0 1.0 20.8
picture_000506 0.999 1.0 87.6 102.2 140.0
picture_000506 0.999 99.7 111.7 132.0 134.8
picture_000506 0.999 98.7 1.0 123.9 1.0
picture_000506 0.995 1.0 89.5 142.0 103.6
picture_000506 0.994 31.7 81.9 77.7 91.5
picture_000506 0.972 1.0 126.5 142.0 140.0
picture_000506 0.965 1.0 1.0 1.0 1.0
picture_000506 0.965 1.0 140.0 1.0 140.0
picture_000506 0.917 1.0 59.7 1.0 84.3
picture_000506 0.760 1.0 46.2 7.5 56.8
picture_000506 0.731 118.1 33.6 142.0 40.6
picture_000506 0.707 142.0 140.0 142.0 140.0
picture_000506 0.595 1.0 140.0 35.3 140.0
picture_000506 0.472 1.0 53.2 1.0 63.9
picture_000506 0.359 131.5 1.0 142.0 1.0
picture_000506 0.230 15.9 1.0 59.6 1.0
picture_000506 0.097 1.0 127.4 1.0 140.0
picture_000506 0.069 1.0 1.0 23.9 1.0
picture_000508 1.000 111.5 36.1 276.6 244.5
picture_000508 1.000 237.0 205.9 279.0 276.0
picture_000508 1.000 44.9 87.2 212.6 135.2
picture_000508 0.999 141.5 86.6 225.5 192.7
picture_000508 0.999 115.6 53.0 133.1 157.5
picture_000508 0.999 14.4 1.0 70.3 268.4
picture_000508 0.998 97.9 221.8 276.9 276.0
picture_000508 0.998 40.0 95.9 211.5 276.0
picture_000508 0.998 124.1 1.0 163.4 59.5
picture_000508 0.991 156.4 159.0 275.8 172.4
picture_000508 0.601 34.7 18.3 47.5 67.9
picture_000508 0.129 134.8 271.5 152.8 276.0
picture_000511 1.000 101.9 95.7 177.3 147.8
picture_000511 0.999 50.6 13.9 112.5 177.2
picture_000511 0.999 39.2 101.6 196.0 182.0
picture_000511 0.999 88.4 43.4 144.0 77.1
picture_000511 0.999 36.5 199.6 164.3 234.2
picture_000511 0.998 196.0 129.2 196.0 165.5
picture_000511 0.997 1.0 58.0 85.7 223.3
picture_000511 0.965 1.0 161.8 196.0 181.8
picture_000511 0.909 30.9 223.8 196.0 278.0
picture_000511 0.880 1.0 129.2 6.4 147.7
picture_000511 0.127 87.0 66.4 101.0 84.5
picture_000511 0.101 17.8 15.8 48.3 34.6
picture_000512 1.000 152.7 130.2 176.0 195.6
picture_000512 1.000 52.4 96.7 176.0 186.7
picture_000512 0.999 81.1 105.5 159.1 138.7
picture_000512 0.999 140.0 89.2 167.2 119.1
picture_000512 0.999 83.0 209.8 176.0 213.0
picture_000512 0.999 125.3 123.9 176.0 157.8
picture_000512 0.998 62.0 213.0 115.6 213.0
picture_000512 0.997 7.8 127.4 98.2 213.0
picture_000512 0.997 1.0 173.8 139.5 187.6
picture_000512 0.994 1.0 105.5 81.7 140.3
picture_000512 0.913 31.9 51.7 102.8 59.1
picture_000512 0.501 115.9 137.3 152.4 142.8
picture_000512 0.426 176.0 172.0 176.0 183.3
picture_000512 0.068 128.6 213.0 157.0 213.0
picture_000648 1.000 1.0 224.6 77.4 289.5
picture_000648 1.000 1.0 273.2 135.7 346.0
picture_000648 1.000 2.1 114.7 49.9 210.8
picture_000648 1.000 3.4 241.6 53.1 265.4
picture_000648 0.999 1.0 244.0 19.9 398.1
picture_000648 0.999 1.0 184.7 1.0 269.4
picture_000648 0.997 1.0 349.0 30.0 381.0
picture_000648 0.609 1.0 396.5 89.5 421.0
picture_000649 1.000 69.1 260.0 105.1 301.0
picture_000649 0.999 55.7 209.5 117.3 259.2
picture_000649 0.999 1.0 300.1 108.1 301.0
picture_000649 0.994 1.0 221.8 56.9 287.8
picture_000649 0.992 59.2 139.1 111.9 181.9
picture_000649 0.959 55.1 200.3 74.9 212.0
picture_000649 0.484 14.1 157.7 36.9 186.4
picture_000649 0.296 1.0 284.6 1.0 301.0
picture_000649 0.065 62.0 255.1 73.7 266.6
picture_000650 0.999 1.0 427.4 64.5 455.7
picture_000650 0.999 24.4 459.9 127.4 498.4
picture_000650 0.976 1.0 506.5 1.0 533.2
picture_000650 0.951 1.0 549.4 38.4 556.0
picture_000650 0.439 54.7 523.8 100.8 529.9
picture_000651 1.000 104.8 130.5 187.9 144.0
picture_000651 0.999 30.1 111.1 207.3 135.0
picture_000651 0.996 55.7 70.3 111.5 123.6
picture_000651 0.994 165.8 79.0 221.8 124.6
picture_000651 0.988 30.0 144.0 231.0 144.0
picture_000651 0.964 1.0 123.7 13.2 142.2
picture_000651 0.845 230.3 144.0 231.0 144.0
picture_000651 0.604 190.5 115.4 204.1 130.3
picture_000651 0.279 1.0 77.0 231.0 125.2
picture_000651 0.177 126.0 144.0 144.2 144.0
picture_000652 0.999 7.0 53.2 87.5 127.9
picture_000652 0.999 1.0 125.8 34.2 150.0
picture_000652 0.999 1.0 129.6 58.1 213.5
picture_000652 0.999 1.0 1.0 1.0 154.1
picture_000652 0.999 1.0 53.1 56.4 77.3
picture_000652 0.998 18.8 118.9 142.0 202.7
picture_000652 0.997 30.2 4.3 142.0 29.5
picture_000652 0.997 1.0 57.0 1.0 85.0
picture_000652 0.996 13.2 228.0 94.3 228.0
picture_000652 0.995 1.0 1.0 48.6 1.0
picture_000652 0.988 1.0 167.4 1.0 210.0
picture_000652 0.973 1.0 72.6 142.0 93.7
picture_000652 0.972 1.0 105.1 142.0 147.0
picture_000652 0.966 1.0 1.0 1.0 1.0
picture_000652 0.856 28.5 1.0 127.2 1.0
picture_000652 0.799 1.0 1.0 142.0 82.0
picture_000652 0.789 1.0 114.7 1.0 141.8
picture_000652 0.763 1.0 1.0 1.0 36.5
picture_000652 0.096 1.0 201.0 1.0 227.6
picture_000653 1.000 151.5 617.5 187.0 678.0
picture_000653 0.999 198.9 530.7 245.6 587.3
picture_000653 0.997 290.5 671.7 323.0 681.0
picture_000653 0.277 45.6 602.6 141.4 681.0
picture_000653 0.062 117.3 681.0 168.7 681.0
picture_000656 1.000 80.3 231.6 155.0 258.8
picture_000656 1.000 28.3 262.0 102.1 262.0
picture_000656 0.998 8.0 165.6 53.3 247.3
picture_000656 0.993 1.0 258.6 1.0 262.0
picture_000656 0.967 1.0 262.0 291.0 262.0
picture_000656 0.552 88.2 262.0 112.9 262.0
picture_000656 0.053 178.7 202.9 189.4 239.9
picture_000657 1.000 94.3 263.1 151.3 291.0
picture_000657 1.000 53.1 235.9 165.5 286.8
picture_000657 1.000 1.0 270.1 115.7 291.0
picture_000657 0.997 1.0 180.1 210.3 274.5
picture_000657 0.992 156.4 266.5 168.9 291.0
picture_000657 0.989 35.3 182.3 51.8 266.3
picture_000657 0.957 1.0 291.0 43.5 291.0
picture_000657 0.940 1.0 262.0 1.0 287.9
picture_000657 0.848 1.0 138.0 18.9 270.2
picture_000657 0.460 1.0 291.0 1.0 291.0
picture_000657 0.442 1.0 167.9 1.0 257.1
picture_000657 0.199 156.9 291.0 175.2 291.0
picture_000659 1.000 132.1 338.9 200.5 413.2
picture_000659 1.000 121.5 315.4 139.4 371.3
picture_000659 1.000 173.5 354.4 215.9 389.7
picture_000659 0.999 88.7 275.9 226.0 399.3
picture_000659 0.998 37.5 281.2 75.7 441.2
picture_000659 0.996 47.1 415.1 84.7 485.0
picture_000659 0.939 155.3 430.4 178.0 443.9
picture_000666 1.000 112.7 281.8 254.9 341.1
picture_000666 1.000 192.3 136.5 267.0 279.9
picture_000666 1.000 82.4 200.0 158.7 341.9
picture_000666 0.999 167.5 89.9 210.3 160.4
picture_000666 0.999 88.9 106.9 151.8 140.3
picture_000666 0.998 164.4 261.7 203.4 286.9
picture_000666 0.991 1.0 140.2 267.0 275.4
picture_000666 0.971 1.0 14.3 122.6 200.5
picture_000666 0.966 7.1 334.1 250.9 343.0
picture_000666 0.814 45.9 343.0 128.7 343.0
picture_000666 0.192 1.0 262.6 142.6 343.0
picture_000667 1.000 9.6 111.1 78.8 148.0
picture_000667 1.000 1.0 85.1 28.8 194.2
picture_000667 1.000 1.0 182.9 53.8 210.2
picture_000667 0.999 1.0 124.2 165.0 195.0
picture_000667 0.999 1.0 70.2 109.0 134.9
picture_000667 0.999 1.0 166.1 99.2 181.1
picture_000667 0.998 1.0 196.8 1.0 244.6
picture_000667 0.996 1.0 127.7 165.0 143.2
picture_000667 0.992 24.4 241.0 106.5 247.2
picture_000667 0.992 1.0 40.5 13.3 49.8
picture_000667 0.986 1.0 102.7 1.0 133.2
picture_000667 0.951 20.8 1.0 110.6 1.0
picture_000667 0.943 1.0 28.9 1.0 74.7
picture_000667 0.263 1.0 200.7 1.0 208.9
picture_000667 0.084 1.0 248.8 113.0 264.1
picture_000667 0.077 52.5 1.0 146.9 7.7
picture_000674 1.000 66.6 226.1 161.8 305.3
picture_000674 0.999 60.3 239.9 272.5 383.7
picture_000674 0.999 35.9 316.6 115.2 390.6
picture_000674 0.996 52.7 200.7 90.3 238.4
picture_000674 0.995 1.0 370.7 142.9 408.0
picture_000674 0.995 59.7 394.8 161.2 410.0
picture_000674 0.991 1.0 230.8 142.8 465.1
picture_000674 0.985 1.0 286.3 1.0 331.9
picture_000674 0.909 1.0 182.3 1.0 220.7
picture_000674 0.438 1.0 118.6 1.0 200.3
picture_000674 0.128 128.9 258.3 149.2 281.4
picture_000675 1.000 105.0 14.8 223.0 72.9
picture_000675 1.000 140.6 52.6 223.0 83.8
picture_000675 1.000 1.0 23.6 195.0 56.9
picture_000675 1.000 223.0 44.8 223.0 67.9
picture_000675 1.000 223.0 1.0 223.0 12.2
picture_000675 1.000 107.5 76.7 201.8 92.2
picture_000675 0.999 118.2 1.0 223.0 1.0
picture_000675 0.999 167.6 70.4 223.0 120.0
picture_000675 0.997 1.0 118.0 189.8 120.0
picture_000675 0.996 223.0 1.0 223.0 1.0
picture_000675 0.991 1.0 51.2 223.0 71.3
picture_000675 0.926 223.0 68.5 223.0 93.1
picture_000675 0.915 1.0 88.3 223.0 111.0
picture_000675 0.909 1.0 1.0 172.9 1.0
picture_000675 0.904 66.0 58.4 223.0 102.1
picture_000675 0.847 1.0 21.3 175.2 29.5
picture_000675 0.846 1.0 1.0 223.0 3.1
picture_000676 1.000 113.0 131.4 139.7 142.0
picture_000676 1.000 129.4 108.3 194.0 138.6
picture_000676 0.999 48.5 111.0 101.4 138.0
picture_000676 0.999 60.5 142.0 158.6 142.0
picture_000676 0.997 159.2 142.0 208.0 142.0
picture_000676 0.995 2.7 107.3 208.0 140.0
picture_000676 0.994 43.1 78.0 55.5 124.5
picture_000676 0.994 44.9 126.4 59.9 142.0
picture_000676 0.961 142.1 49.6 154.1 117.5
picture_000676 0.922 208.0 59.7 208.0 123.1
picture_000676 0.587 60.4 142.0 75.3 142.0
picture_000676 0.451 208.0 142.0 208.0 142.0
picture_000676 0.448 208.0 123.8 208.0 142.0
picture_000677 1.000 54.6 94.2 134.8 165.7
picture_000677 1.000 133.0 129.5 161.0 169.0
picture_000677 1.000 92.7 169.0 161.0 169.0
picture_000677 1.000 161.0 50.0 161.0 144.8
picture_000677 1.000 1.0 157.7 38.9 169.0
picture_000677 1.000 1.0 135.3 161.0 169.0
picture_000677 0.999 1.0 169.0 107.3 169.0
picture_000677 0.998 1.0 1.0 75.8 131.0
picture_000677 0.995 1.0 58.1 1.0 155.1
picture_000677 0.955 161.0 154.5 161.0 169.0
picture_000677 0.953 1.0 169.0 2.5 169.0
picture_000677 0.290 1.0 160.4 161.0 169.0
picture_000678 1.000 98.6 29.7 129.1 123.1
picture_000678 1.000 86.5 1.0 142.9 197.9
picture_000678 0.999 115.8 30.4 164.0 60.4
picture_000678 0.999 151.4 54.0 164.0 204.5
picture_000678 0.999 104.4 1.0 119.2 84.1
picture_000678 0.997 164.0 1.0 164.0 212.3
picture_000678 0.997 91.0 14.6 98.4 111.0
picture_000678 0.992 39.6 1.0 50.9 196.0
picture_000678 0.990 49.9 105.8 63.0 199.9
picture_000678 0.986 61.1 1.0 70.6 258.0
picture_000678 0.983 44.4 1.0 104.7 258.0
picture_000678 0.971 44.9 1.0 58.4 1.0
picture_000678 0.954 164.0 72.9 164.0 123.8
picture_000678 0.132 164.0 1.0 164.0 1.0
picture_000678 0.063 164.0 1.0 164.0 38.1
picture_000680 1.000 145.7 261.0 236.0 354.8
picture_000680 1.000 83.5 246.3 215.9 419.0
picture_000680 0.999 191.3 124.3 231.2 253.3
picture_000680 0.995 159.2 273.5 204.1 293.8
picture_000680 0.995 36.4 33.5 158.0 419.0
picture_000680 0.995 53.1 419.0 140.1 419.0
picture_000680 0.834 223.2 371.5 246.0 394.0
picture_000680 0.803 109.3 157.4 153.7 168.4
picture_000680 0.633 236.1 163.7 246.0 183.5
picture_000680 0.274 1.0 213.9 105.6 419.0
picture_000680 0.094 17.4 81.4 125.0 104.5
picture_000683 1.000 109.1 196.4 206.6 228.0
picture_000683 1.000 214.0 200.8 214.0 228.0
picture_000683 0.999 131.5 228.0 214.0 228.0
picture_000683 0.999 1.0 214.9 194.2 228.0
picture_000683 0.978 1.0 164.7 214.0 213.7
picture_000683 0.908 214.0 75.0 214.0 228.0
picture_000683 0.136 15.3 228.0 181.9 228.0
picture_000683 0.067 214.0 228.0 214.0 228.0
picture_000685 1.000 1.0 1.0 1.0 116.6
picture_000685 1.000 1.7 1.0 77.0 133.0
picture_000685 1.000 24.1 55.1 107.6 107.8
picture_000685 0.999 45.1 133.0 133.0 133.0
picture_000685 0.999 1.0 1.0 113.0 1.0
picture_000685 0.999 1.0 133.0 1.0 133.0
picture_000685 0.999 1.0 1.0 1.0 15.1
picture_000685 0.999 34.3 120.9 133.0 133.0
picture_000685 0.998 1.0 1.0 7.5 133.0
picture_000685 0.997 56.9 1.0 133.0 133.0
picture_000685 0.986 27.7 1.0 133.0 40.9
picture_000688 1.000 224.0 54.6 274.0 129.9
picture_000688 1.000 128.9 1.0 255.6 119.6
picture_000688 0.999 140.7 200.2 255.1 248.0
picture_000688 0.999 226.2 1.0 274.0 1.0
picture_000688 0.999 60.3 94.0 257.8 250.1
picture_000688 0.997 176.2 57.8 262.5 72.1
picture_000688 0.996 127.8 1.0 246.2 1.0
picture_000688 0.980 221.2 243.1 274.0 283.0
picture_000688 0.970 274.0 1.0 274.0 19.1
picture_000688 0.174 1.0 38.7 274.0 154.0
picture_000689 1.000 81.4 1.0 113.2 115.9
picture_000689 1.000 136.9 4.1 154.8 75.9
picture_000689 1.000 1.0 9.8 1.0 70.2
picture_000689 1.000 1.0 1.0 81.8 1.6
picture_000689 1.000 49.2 20.2 80.5 147.0
picture_000689 1.000 87.4 1.0 179.0 38.6
picture_000689 1.000 169.4 41.0 179.0 115.7
picture_000689 1.000 1.0 10.2 179.0 72.7
picture_000689 0.999 109.1 1.0 155.2 1.0
picture_000689 0.999 1.0 47.2 140.7 133.7
picture_000689 0.996 1.0 30.3 1.0 147.0
picture_000689 0.977 11.1 1.0 23.1 45.3
picture_000689 0.759 1.0 50.3 18.6 147.0
picture_000689 0.742 17.2 1.0 52.0 1.0
picture_000693 1.000 103.3 82.4 179.4 130.6
picture_000693 1.000 65.8 150.7 170.4 193.6
picture_000693 1.000 1.0 154.1 101.1 199.0
picture_000693 0.999 112.3 1.0 178.3 35.9
picture_000693 0.999 129.4 126.8 242.5 152.0
picture_000693 0.995 112.8 234.0 184.7 277.2
picture_000693 0.991 34.1 1.0 116.1 18.0
picture_000693 0.989 1.0 35.4 1.0 61.2
picture_000693 0.988 1.0 28.4 309.9 169.1
picture_000693 0.942 139.3 93.9 173.5 101.8
picture_000693 0.891 7.9 263.4 153.7 290.4
picture_000693 0.832 10.8 182.4 164.2 283.1
picture_000694 1.000 62.1 8.5 153.1 102.9
picture_000694 1.000 37.1 105.9 110.7 136.4
picture_000694 0.999 1.0 1.0 82.7 141.0
picture_000694 0.999 1.0 1.0 101.1 1.0
picture_000694 0.999 137.7 102.5 157.0 141.0
picture_000694 0.999 111.0 28.8 157.0 141.0
picture_000694 0.999 157.0 110.0 157.0 131.4
picture_000694 0.997 140.3 31.2 157.0 49.4
picture_000694 0.995 66.3 1.0 157.0 1.0
picture_000694 0.645 1.0 128.7 157.0 141.0
picture_000695 0.999 1.0 589.8 26.9 662.4
picture_000695 0.999 1.0 613.4 21.5 633.6
picture_000695 0.999 10.2 643.1 77.4 694.6
picture_000695 0.998 1.0 713.0 20.5 713.0
picture_000695 0.998 1.0 639.2 1.0 689.3
picture_000695 0.997 13.9 539.1 94.5 576.5
picture_000695 0.988 16.9 713.0 80.9 713.0
picture_000695 0.514 1.0 471.4 1.0 535.2
picture_000695 0.453 1.0 676.3 1.0 688.5
picture_000696 1.000 105.8 89.5 185.5 164.7
picture_000696 1.000 95.0 94.1 187.0 110.0
picture_000696 0.999 67.8 170.3 169.0 182.0
picture_000696 0.999 186.1 1.0 189.0 21.9
picture_000696 0.999 154.9 182.0 189.0 182.0
picture_000696 0.997 1.0 139.8 189.0 154.3
picture_000696 0.973 91.3 182.0 178.0 182.0
picture_000696 0.962 1.0 1.0 189.0 14.2
picture_000696 0.936 64.1 1.0 168.4 1.0
picture_000696 0.572 189.0 119.0 189.0 130.5
picture_000696 0.225 1.0 155.8 189.0 182.0
picture_000696 0.190 189.0 25.3 189.0 55.8
picture_000696 0.138 1.0 181.3 189.0 182.0
picture_000701 1.000 68.5 2.2 126.0 94.0
picture_000701 1.000 1.0 75.9 40.2 108.0
picture_000701 1.000 1.0 1.0 1.0 54.8
picture_000701 1.000 64.1 1.0 94.7 56.4
picture_000701 0.999 68.9 108.0 126.0 108.0
picture_000701 0.998 1.0 1.0 126.0 2.6
picture_000701 0.998 1.0 1.0 76.4 85.3
picture_000701 0.997 126.0 91.0 126.0 108.0
picture_000701 0.994 46.1 1.0 126.0 1.0
picture_000701 0.989 1.0 108.0 4.7 108.0
picture_000701 0.901 1.0 1.0 73.2 1.0
picture_000701 0.237 1.0 1.0 1.0 1.0
picture_000701 0.089 1.0 1.0 10.7 108.0
picture_000701 0.060 76.8 88.5 126.0 108.0
picture_000703 1.000 110.4 211.4 192.0 285.6
picture_000703 1.000 79.3 244.5 192.0 263.4
picture_000703 1.000 192.0 214.7 192.0 244.3
picture_000703 1.000 43.9 119.7 167.3 159.0
picture_000703 0.995 5.1 284.0 192.0 297.0
picture_000703 0.994 109.7 49.4 191.2 60.6
picture_000703 0.969 45.9 297.0 159.8 297.0
picture_000703 0.822 1.0 167.7 163.4 175.7
picture_000703 0.149 192.0 200.0 192.0 206.9
picture_000704 1.000 26.3 60.3 108.3 119.0
picture_000704 1.000 1.0 1.0 33.0 60.3
picture_000704 1.000 89.3 1.0 129.0 77.2
picture_000704 1.000 1.0 1.0 129.0 53.4
picture_000704 0.999 126.3 1.0 129.0 51.3
picture_000704 0.999 129.0 78.7 129.0 119.0
picture_000704 0.999 1.0 70.6 53.7 119.0
picture_000704 0.999 2.7 119.0 106.8 119.0
picture_000704 0.992 122.7 1.0 129.0 115.9
picture_000704 0.110 1.0 119.0 26.1 119.0
picture_000705 1.000 90.3 11.0 201.2 67.5
picture_000705 1.000 33.3 93.2 134.9 154.9
picture_000705 1.000 1.0 9.0 161.2 52.2
picture_000705 1.000 133.5 78.4 220.0 122.7
picture_000705 1.000 139.2 39.4 191.8 69.7
picture_000705 0.999 43.4 79.9 71.8 126.0
picture_000705 0.999 1.0 132.1 203.7 158.6
picture_000705 0.999 46.3 1.0 155.3 1.0
picture_000705 0.998 1.0 55.6 169.5 188.1
picture_000705 0.991 1.0 96.3 1.0 111.7
picture_000705 0.930 1.0 58.1 220.0 98.3
picture_000705 0.909 1.0 144.5 108.4 168.7
picture_000705 0.527 187.9 123.2 220.0 131.6
picture_000705 0.369 129.3 1.0 181.1 1.0
picture_000705 0.205 1.0 1.0 11.0 1.0
picture_000705 0.199 220.0 1.0 220.0 1.0
picture_000705 0.131 1.0 41.8 11.9 53.0
picture_000705 0.109 1.0 166.8 202.7 191.0
picture_000705 0.058 1.0 1.0 1.0 159.5
picture_000706 1.000 1.2 179.5 46.6 234.2
picture_000706 1.000 1.0 181.5 65.2 196.6
picture_000706 1.000 1.0 221.5 14.3 236.0
picture_000706 1.000 1.0 255.4 69.3 299.6
picture_000706 0.999 1.0 225.0 1.0 286.3
picture_000706 0.997 1.0 225.8 18.1 316.9
picture_000706 0.997 1.0 71.0 1.0 246.1
picture_000706 0.995 1.0 4.4 34.9 280.7
picture_000706 0.995 1.0 187.8 1.0 217.5
picture_000706 0.933 1.0 79.2 1.0 117.8
picture_000706 0.442 1.0 128.4 195.0 139.1
picture_000707 1.000 6.9 126.7 93.8 208.9
picture_000707 1.000 1.0 229.0 37.6 229.0
picture_000707 1.000 1.0 56.2 1.0 180.7
picture_000707 1.000 1.0 174.4 41.5 199.4
picture_000707 1.000 1.0 192.8 1.0 229.0
picture_000707 1.000 1.0 98.2 202.0 229.0
picture_000707 1.000 1.0 118.7 174.7 160.7
picture_000707 0.999 1.0 220.5 202.0 229.0
picture_000707 0.999 1.0 1.0 1.0 80.0
picture_000707 0.824 23.7 1.0 179.9 75.3
picture_000707 0.468 27.0 229.0 202.0 229.0
picture_000707 0.189 1.0 221.9 1.0 229.0
picture_000707 0.093 1.0 77.1 1.0 105.5
picture_000709 1.000 6.6 134.6 74.9 169.3
picture_000709 1.000 1.0 113.1 14.9 181.7
picture_000709 0.999 1.0 139.8 149.1 154.3
picture_000709 0.998 38.3 98.0 76.8 109.2
picture_000709 0.998 1.0 188.0 134.2 235.0
picture_000709 0.998 1.0 74.3 91.0 94.4
picture_000709 0.997 1.0 197.4 12.9 209.5
picture_000709 0.996 8.7 258.5 76.3 273.5
picture_000709 0.993 1.0 70.7 165.0 82.9
picture_000709 0.988 1.0 182.8 59.9 195.3
picture_000709 0.986 1.0 151.1 1.0 224.0
picture_000709 0.883 1.0 176.4 165.0 189.5
picture_000709 0.840 1.0 229.1 165.0 240.7
picture_000709 0.699 1.0 278.9 121.7 293.0
picture_000718 1.000 19.2 105.5 65.5 214.0
picture_000718 1.000 1.0 174.7 58.7 214.0
picture_000718 1.000 83.8 127.0 142.1 155.1
picture_000718 0.999 1.0 114.6 83.2 131.0
picture_000718 0.999 24.4 53.4 50.5 113.8
picture_000718 0.999 43.7 214.0 73.3 214.0
picture_000718 0.998 1.0 214.0 50.5 214.0
picture_000718 0.995 92.6 214.0 165.1 214.0
picture_000718 0.995 119.0 57.9 166.0 101.5
picture_000718 0.980 1.0 134.9 1.0 214.0
picture_000718 0.976 1.0 49.6 1.0 66.8
picture_000718 0.948 1.0 20.4 166.0 55.7
picture_000718 0.908 1.0 171.1 166.0 199.7
picture_000718 0.877 1.0 61.0 166.0 109.0
picture_000718 0.739 1.0 139.3 1.0 159.4
picture_000718 0.671 1.0 116.6 166.0 179.0
picture_000718 0.228 1.0 71.2 1.0 86.3
picture_000718 0.228 8.1 133.1 30.7 140.8
picture_000718 0.173 19.6 190.4 166.0 209.0
picture_000718 0.134 1.0 1.0 1.0 1.8
picture_000718 0.118 1.0 1.0 91.7 26.2
picture_000718 0.116 107.9 56.2 166.0 64.1
picture_000718 0.067 64.5 1.0 113.9 1.0
picture_000722 1.000 1.0 22.2 48.4 234.7
picture_000722 1.000 1.0 226.6 6.7 313.7
picture_000722 1.000 1.0 31.6 1.0 162.6
picture_000722 0.999 4.3 118.6 56.3 153.4
picture_000722 0.999 1.0 152.4 1.0 241.5
picture_000722 0.996 1.0 174.3 103.2 379.5
picture_000722 0.988 1.0 269.9 39.8 286.6
picture_000723 1.000 60.7 12.4 157.7 101.3
picture_000723 1.000 18.2 29.9 52.4 182.9
picture_000723 1.000 7.2 70.3 115.2 227.0
picture_000723 1.000 73.0 31.1 94.1 83.7
picture_000723 0.999 46.8 1.0 79.4 28.7
picture_000723 0.999 8.9 1.0 22.6 131.5
picture_000723 0.999 70.7 1.0 159.6 1.0
picture_000723 0.995 1.0 63.4 1.0 179.9
picture_000723 0.994 55.9 1.0 209.0 251.0
picture_000723 0.994 1.0 1.0 1.0 30.6
picture_000723 0.606 209.0 14.2 209.0 53.0
picture_000723 0.387 85.6 1.0 93.7 1.0
picture_000723 0.078 1.0 1.0 1.0 1.0
picture_000724 0.998 263.1 303.7 318.8 352.0
picture_000724 0.997 184.6 354.0 304.9 354.0
picture_000724 0.994 258.8 143.0 318.8 354.0
picture_000724 0.994 295.0 269.1 323.0 334.6
picture_000724 0.985 323.0 75.4 323.0 352.7
picture_000724 0.965 180.4 250.6 299.7 354.0
picture_000724 0.131 323.0 329.9 323.0 354.0
picture_000726 1.000 6.9 83.3 93.1 163.5
picture_000726 1.000 61.9 1.0 202.0 105.9
picture_000726 1.000 1.0 1.0 38.7 189.0
picture_000726 0.999 45.3 1.0 144.2 1.0
picture_000726 0.999 1.0 62.6 202.0 189.0
picture_000726 0.999 1.0 86.9 1.0 162.8
picture_000726 0.999 68.7 189.0 202.0 189.0
picture_000726 0.999 1.0 1.0 1.0 39.5
picture_000726 0.999 1.0 140.4 1.0 189.0
picture_000726 0.998 13.8 94.4 69.0 116.0
picture_000726 0.996 1.0 189.0 57.2 189.0
picture_000726 0.993 1.0 189.0 1.0 189.0
picture_000726 0.668 26.5 139.4 202.0 173.3
picture_000726 0.332 1.0 1.0 30.1 1.0
picture_000727 1.000 244.8 564.0 288.4 676.0
picture_000727 1.000 263.8 558.0 295.7 621.5
picture_000727 1.000 302.0 481.4 302.0 595.6
picture_000727 1.000 256.0 478.6 290.5 530.2
picture_000727 0.999 261.7 672.8 289.3 676.0
picture_000727 0.997 302.0 532.1 302.0 547.9
picture_000727 0.996 302.0 676.0 302.0 676.0
picture_000727 0.990 264.4 324.2 292.6 584.1
picture_000727 0.926 194.2 503.5 286.1 610.4
picture_000727 0.305 302.0 390.0 302.0 445.5
picture_000728 1.000 28.3 128.4 129.6 210.0
picture_000728 1.000 1.0 109.7 1.8 241.0
picture_000728 1.000 1.0 1.0 129.2 241.0
picture_000728 1.000 1.0 95.7 213.0 145.4
picture_000728 1.000 27.6 213.7 141.6 241.0
picture_000728 1.000 1.0 61.3 27.0 241.0
picture_000728 0.999 1.0 139.6 1.0 198.9
picture_000728 0.997 1.0 106.1 1.0 132.8
picture_000728 0.988 1.0 25.6 1.0 78.7
picture_000728 0.973 63.1 91.8 107.6 108.3
picture_000728 0.874 91.6 1.0 152.5 1.0
picture_000728 0.116 1.0 241.0 111.1 241.0
picture_000730 1.000 222.9 456.2 318.0 525.9
picture_000730 1.000 296.2 558.0 335.0 571.0
picture_000730 0.998 126.4 552.9 300.7 571.0
picture_000730 0.996 153.0 350.6 335.0 571.0
picture_000730 0.965 335.0 421.2 335.0 437.2
picture_000730 0.750 105.6 571.0 325.5 571.0
picture_000730 0.321 141.6 305.6 292.8 343.8
picture_000731 1.000 243.0 212.9 282.0 283.4
picture_000731 0.999 194.1 278.2 281.0 438.0
picture_000731 0.999 207.9 126.6 269.9 161.1
picture_000731 0.995 199.0 438.0 271.2 438.0
picture_000731 0.995 182.5 4.3 266.1 213.4
picture_000731 0.990 127.3 64.7 262.6 354.0
picture_000731 0.988 41.2 138.7 282.0 188.9
picture_000731 0.968 246.7 227.0 282.0 239.4
picture_000731 0.903 151.8 417.1 269.7 438.0
picture_000731 0.840 243.6 1.0 281.3 52.9
picture_000731 0.807 282.0 45.5 282.0 62.4
picture_000731 0.099 282.0 183.4 282.0 212.9
picture_000732 1.000 1.0 46.7 85.6 110.1
picture_000732 1.000 1.0 1.0 154.1 71.9
picture_000732 1.000 75.9 49.5 164.0 115.6
picture_000732 1.000 8.8 30.3 85.9 70.3
picture_000732 0.999 1.0 23.5 119.4 37.3
picture_000732 0.999 124.8 1.0 164.0 10.3
picture_000732 0.999 1.0 1.0 6.1 25.6
picture_000732 0.999 1.0 1.0 83.8 1.0
picture_000732 0.999 1.0 134.8 1.0 144.0
picture_000732 0.998 1.0 1.0 1.0 45.5
picture_000732 0.996 36.9 59.3 74.5 71.5
picture_000732 0.996 1.0 124.7 164.0 144.0
picture_000732 0.995 1.0 68.6 135.4 81.8
picture_000732 0.994 112.1 135.8 149.2 144.0
picture_000732 0.988 1.0 87.8 164.0 132.4
picture_000732 0.951 43.5 1.0 164.0 1.0
picture_000732 0.934 1.0 1.0 13.5 144.0
picture_000732 0.720 1.0 58.8 1.0 125.0
picture_000732 0.149 1.0 144.0 1.0 144.0
picture_000732 0.139 1.0 1.0 52.5 11.4
picture_000733 1.000 44.5 5.4 128.9 100.2
picture_000733 1.000 43.0 1.0 76.6 181.1
picture_000733 1.000 83.2 9.8 180.0 46.2
picture_000733 1.000 1.0 18.0 12.7 166.9
picture_000733 1.000 1.0 61.4 159.6 183.4
picture_000733 1.000 71.1 4.1 86.6 98.1
picture_000733 0.996 1.0 73.3 1.0 147.9
picture_000733 0.995 1.0 1.0 1.0 116.0
picture_000733 0.979 1.0 1.0 1.0 20.2
picture_000733 0.806 140.9 7.2 151.2 40.4
picture_000733 0.694 1.0 1.0 1.0 1.0
picture_000733 0.062 102.7 105.8 114.2 203.0
picture_000738 1.000 1.6 230.2 38.4 405.5
picture_000738 1.000 62.7 291.6 201.8 415.0
picture_000738 0.999 79.3 316.9 126.7 411.3
picture_000738 0.999 1.0 350.4 1.0 415.0
picture_000738 0.999 22.4 415.0 103.3 415.0
picture_000738 0.998 114.5 404.1 138.4 415.0
picture_000738 0.997 17.2 232.1 102.0 415.0
picture_000738 0.989 1.0 274.8 1.0 369.8
picture_000738 0.896 106.4 415.0 212.5 415.0
picture_000738 0.211 1.0 1.0 202.7 415.0
picture_000738 0.202 82.3 244.6 89.4 359.4
picture_000740 1.000 207.5 185.9 305.0 265.9
picture_000740 1.000 204.2 62.5 298.2 128.8
picture_000740 1.000 134.2 258.0 284.7 283.1
picture_000740 1.000 296.3 217.7 305.0 243.9
picture_000740 1.000 135.1 81.6 291.4 251.7
picture_000740 0.999 56.4 215.0 299.7 337.8
picture_000740 0.995 72.4 369.7 282.8 392.0
picture_000740 0.979 140.5 1.0 264.4 1.0
picture_000740 0.923 1.0 276.2 305.0 399.4
picture_000740 0.284 305.0 33.9 305.0 44.5
picture_000741 1.000 82.2 59.2 230.2 108.1
picture_000741 1.000 65.9 113.3 141.5 164.4
picture_000741 1.000 245.1 94.7 268.0 127.1
picture_000741 1.000 165.1 1.0 218.9 51.7
picture_000741 1.000 70.4 39.7 99.1 71.1
picture_000741 0.999 59.6 98.1 236.3 111.4
picture_000741 0.999 66.5 146.5 268.0 178.3
picture_000741 0.998 19.9 167.3 179.7 215.7
picture_000741 0.217 1.0 112.0 1.0 155.6
picture_000742 1.000 1.0 45.9 63.3 106.3
picture_000742 1.000 1.0 1.0 38.4 64.3
picture_000742 1.000 19.9 156.6 116.1 162.0
picture_000742 1.000 16.1 60.3 209.0 131.5
picture_000742 1.000 1.0 125.0 70.2 162.0
picture_000742 0.999 1.0 50.1 1.0 162.0
picture_000742 0.999 1.0 29.5 146.2 54.4
picture_000742 0.998 1.0 120.1 209.0 146.5
picture_000742 0.998 1.0 1.0 1.0 1.0
picture_000742 0.997 1.0 1.0 1.0 90.0
picture_000742 0.997 1.0 86.6 1.0 109.5
picture_000742 0.992 29.4 1.0 209.0 5.5
picture_000742 0.982 1.0 1.0 58.7 1.0
picture_000742 0.979 1.0 74.7 28.1 85.7
picture_000742 0.928 1.0 1.0 12.3 162.0
picture_000742 0.916 1.0 28.2 1.0 42.9
picture_000743 1.000 146.5 155.4 263.2 250.9
picture_000743 1.000 65.9 116.2 149.4 304.2
picture_000743 0.999 47.7 231.9 96.0 322.0
picture_000743 0.999 144.7 252.6 264.9 322.0
picture_000743 0.999 113.0 9.1 169.4 113.6
picture_000743 0.999 14.1 111.6 57.9 233.9
picture_000743 0.997 179.1 234.6 232.5 249.8
picture_000743 0.996 1.0 280.0 207.0 309.5
picture_000743 0.567 1.0 1.0 76.7 176.6
picture_000744 1.000 10.8 120.0 93.9 171.4
picture_000744 1.000 1.0 152.7 67.6 202.7
picture_000744 0.999 1.0 136.5 72.1 153.9
picture_000744 0.999 21.2 112.9 139.0 139.5
picture_000744 0.999 1.0 133.7 139.0 219.6
picture_000744 0.999 1.0 75.0 26.8 113.9
picture_000744 0.998 1.0 70.2 139.0 176.3
picture_000744 0.998 1.0 49.4 36.7 232.0
picture_000744 0.998 1.0 9.5 106.7 59.8
picture_000744 0.996 115.8 43.6 139.0 62.8
picture_000744 0.995 1.0 162.7 1.0 232.0
picture_000744 0.976 41.3 17.9 74.7 28.7
picture_000744 0.976 1.0 232.0 20.6 232.0
picture_000744 0.969 1.0 154.0 1.0 167.1
picture_000744 0.872 42.2 172.2 68.8 181.5
picture_000744 0.862 94.8 97.9 139.0 108.7
picture_000744 0.792 1.0 95.7 1.0 110.8
picture_000744 0.629 1.0 208.6 139.0 232.0
picture_000744 0.157 1.0 72.0 1.0 87.9
picture_001164 0.195 77.9 152.7 196.0 181.3
picture_001164 0.172 111.7 116.4 145.1 161.0
picture_001164 0.148 46.9 96.5 69.8 175.7
picture_001299 0.199 77.9 480.7 348.1 522.0
picture_001299 0.169 208.9 376.8 452.1 432.2
picture_001299 0.084 63.6 522.0 273.4 522.0
picture_001314 0.233 255.8 250.3 303.1 321.0
