picture_000044 1.000 28.6 651.3 73.0 718.0
picture_000044 0.998 1.0 652.5 1.0 715.5
picture_000044 0.998 17.3 620.7 75.0 656.4
picture_000044 0.998 74.4 653.4 93.1 714.6
picture_000044 0.998 36.4 664.4 50.2 718.0
picture_000044 0.998 30.5 536.5 76.2 631.3
picture_000044 0.995 1.0 668.6 5.7 692.8
picture_000044 0.995 1.0 557.2 17.1 710.1
picture_000044 0.985 89.0 713.1 104.5 718.0
picture_000044 0.978 127.8 625.5 142.6 660.8
picture_000044 0.978 144.9 672.0 159.4 694.1
picture_000044 0.976 1.0 614.4 1.0 654.3
picture_000044 0.831 1.0 538.4 1.0 610.1
picture_000044 0.099 148.9 662.1 153.9 687.4
picture_000045 1.000 101.9 13.7 139.6 74.1
picture_000045 0.999 68.8 56.1 83.7 109.4
picture_000045 0.999 12.7 71.6 76.7 133.6
picture_000045 0.999 91.1 88.8 171.0 124.8
picture_000045 0.999 1.0 141.6 5.1 164.0
picture_000045 0.996 14.6 1.0 171.0 144.2
picture_000045 0.456 70.1 86.5 88.0 95.5
picture_000045 0.181 1.0 155.3 1.0 164.0
picture_000045 0.132 1.0 20.1 6.2 48.0
picture_000046 1.000 1.0 112.7 83.6 159.0
picture_000046 0.999 47.0 162.8 131.1 163.0
picture_000046 0.998 1.0 135.9 39.2 163.0
picture_000046 0.991 1.0 135.5 1.0 163.0
picture_000046 0.947 1.0 163.0 3.1 163.0
picture_000046 0.773 45.4 1.0 125.5 163.0
picture_000046 0.279 1.0 63.1 1.0 142.3
picture_000046 0.086 19.8 88.6 170.0 144.0
picture_000047 0.999 60.7 196.2 131.0 323.0
picture_000047 0.999 93.5 284.9 135.3 323.0
picture_000047 0.997 151.5 114.4 165.1 274.9
picture_000047 0.984 38.3 1.0 148.8 323.0
picture_000047 0.973 130.9 216.8 139.7 295.8
picture_000047 0.569 45.3 300.0 54.1 323.0
picture_000047 0.308 1.0 247.0 1.0 302.9
picture_000047 0.228 203.0 297.8 203.0 323.0
picture_000047 0.149 12.8 155.9 19.9 267.5
picture_000049 0.999 1.0 164.9 69.4 187.0
picture_000049 0.999 31.0 159.3 143.0 182.0
picture_000049 0.999 1.0 178.8 27.5 187.0
picture_000049 0.998 1.0 187.0 77.2 187.0
picture_000049 0.996 1.0 187.0 1.0 187.0
picture_000049 0.987 1.0 179.1 143.0 187.0
picture_000049 0.979 47.8 187.0 121.8 187.0
picture_000049 0.956 1.0 175.0 1.0 187.0
picture_000049 0.905 1.0 112.0 1.0 157.6
picture_000049 0.596 62.0 113.1 143.0 168.7
picture_000049 0.264 1.0 160.3 1.0 178.6
picture_000170 0.999 1.0 516.7 61.9 641.8
picture_000170 0.999 1.0 531.7 1.0 588.7
picture_000170 0.998 10.6 644.3 34.1 691.8
picture_000170 0.997 1.0 450.8 1.0 726.0
picture_000170 0.993 38.3 715.2 80.0 726.0
picture_000170 0.990 31.3 479.2 89.2 561.2
picture_000170 0.931 1.0 707.0 1.0 726.0
picture_000170 0.828 21.3 380.2 84.2 467.6
picture_000170 0.246 42.1 408.5 93.7 417.8
picture_000184 0.442 1.0 53.4 120.2 103.5
picture_000184 0.304 1.0 82.5 1.0 108.7
picture_000184 0.277 73.3 108.8 199.9 117.0
picture_000184 0.235 106.1 76.3 136.9 103.6
picture_000184 0.094 74.9 59.3 202.0 103.2
picture_000184 0.051 1.0 101.1 10.1 117.0
picture_000189 0.062 78.5 28.8 138.7 131.2
picture_000497 1.000 163.1 21.8 173.0 80.6
picture_000497 0.999 121.5 24.7 142.7 143.0
picture_000497 0.999 84.2 34.9 132.3 108.1
picture_000497 0.999 106.5 1.0 173.0 1.0
picture_000497 0.999 36.5 1.0 92.2 63.1
picture_000497 0.998 56.2 1.0 173.0 202.5
picture_000497 0.995 6.3 104.7 69.2 129.4
picture_000497 0.974 68.0 221.0 108.0 221.0
picture_000497 0.941 116.8 57.6 136.8 69.3
picture_000497 0.933 173.0 124.7 173.0 185.3
picture_000497 0.838 95.4 1.0 173.0 62.7
picture_000497 0.471 173.0 25.3 173.0 54.9
picture_000497 0.404 136.0 1.0 151.9 2.8
picture_000497 0.133 173.0 1.0 173.0 1.0
picture_000499 1.000 140.1 109.9 222.5 200.3
picture_000499 1.000 23.6 1.0 209.8 203.8
picture_000499 1.000 188.5 99.0 213.5 167.6
picture_000499 0.895 176.2 63.0 192.8 92.1
picture_000499 0.710 47.5 259.9 62.5 287.0
picture_000499 0.591 17.5 64.5 50.9 80.9
picture_000500 1.000 204.7 484.9 230.5 553.3
picture_000500 1.000 170.1 486.8 186.8 548.4
picture_000500 0.999 205.8 547.0 233.6 589.8
picture_000500 0.902 248.0 540.3 248.0 581.8
picture_000501 1.000 248.1 323.5 309.2 424.4
picture_000501 1.000 129.7 325.3 284.1 419.7
picture_000501 1.000 146.0 357.2 177.3 399.0
picture_000501 1.000 312.9 414.1 353.3 435.0
picture_000501 1.000 365.9 248.5 378.0 403.9
picture_000501 0.997 182.7 227.0 378.0 423.8
picture_000501 0.994 221.2 435.0 259.7 435.0
picture_000501 0.791 355.8 230.7 370.1 293.3
picture_000503 1.000 74.9 156.0 100.9 225.3
picture_000503 1.000 21.6 176.2 105.2 308.7
picture_000503 1.000 59.0 114.1 112.0 195.6
picture_000503 0.999 27.3 252.0 55.9 284.0
picture_000503 0.997 130.7 45.6 144.0 150.1
picture_000503 0.994 70.4 1.0 102.6 62.5
picture_000503 0.973 53.4 192.0 70.7 211.0
picture_000503 0.926 130.2 132.9 137.6 179.7
picture_000504 1.000 88.7 45.1 163.5 128.9
picture_000504 0.999 129.7 9.0 167.0 93.4
picture_000504 0.999 35.8 87.6 142.5 126.8
picture_000504 0.999 91.0 102.3 167.0 153.8
picture_000504 0.999 94.5 120.7 156.6 137.7
picture_000504 0.999 167.0 53.3 167.0 96.5
picture_000504 0.998 128.5 1.0 166.0 1.0
picture_000504 0.998 44.8 1.0 131.9 1.0
picture_000504 0.967 167.0 26.2 167.0 64.6
picture_000504 0.830 27.7 1.0 167.0 161.0
picture_000504 0.794 167.0 1.0 167.0 1.0
picture_000504 0.381 65.1 161.0 137.3 161.0
picture_000505 0.998 1.0 207.7 1.0 220.0
picture_000505 0.996 12.0 29.7 84.2 220.0
picture_000505 0.996 17.9 220.0 130.0 220.0
picture_000505 0.996 1.0 72.3 1.0 220.0
picture_000505 0.995 2.2 156.9 43.6 211.3
picture_000505 0.089 1.0 220.0 1.0 220.0
picture_000506 1.000 8.5 36.7 84.5 102.5
picture_000506 1.000 74.2 1.0 98.0 46.1
picture_000506 0.999 66.8 1.0 110.1 1.0
picture_000506 0.999 1.0 36.1 1.0 68.7
picture_000506 0.999 60.8 9.4 142.0 140.0
picture_000506 0.999 1.0 21.2 142.0 49.0
picture_000506 0.999 26.8 1.0 73.7 1.0
picture_000506 0.999 1.0 125.8 104.1 140.0
picture_000506 0.999 34.8 94.4 77.8 114.9
picture_000506 0.996 142.0 30.8 142.0 83.1
picture_000506 0.990 88.8 36.0 142.0 48.9
picture_000506 0.989 1.0 103.6 142.0 140.0
picture_000506 0.986 1.0 34.3 15.5 45.5
picture_000506 0.980 53.3 118.8 71.2 140.0
picture_000506 0.973 1.0 1.0 1.0 1.0
picture_000506 0.947 1.0 67.8 10.4 103.0
picture_000506 0.757 38.8 140.0 86.2 140.0
picture_000506 0.704 100.8 128.8 130.5 139.8
picture_000506 0.470 1.0 1.0 1.0 10.5
picture_000506 0.392 1.0 42.8 4.2 60.9
picture_000506 0.326 1.0 92.4 1.0 128.7
picture_000508 1.000 165.9 130.1 279.0 227.9
picture_000508 1.000 138.6 60.9 172.0 158.3
picture_000508 1.000 18.9 1.0 225.7 190.2
picture_000508 0.999 227.3 1.0 279.0 93.0
picture_000508 0.999 189.8 190.0 261.4 276.0
picture_000508 0.999 276.4 1.0 279.0 92.5
picture_000508 0.978 239.5 7.2 266.0 49.7
picture_000508 0.819 55.1 197.1 69.4 251.2
picture_000508 0.350 279.0 121.6 279.0 171.2
picture_000508 0.196 1.0 129.2 1.0 158.9
picture_000508 0.126 102.3 37.3 116.1 92.3
picture_000511 1.000 97.9 90.6 175.0 142.3
picture_000511 0.999 126.9 100.3 154.5 138.0
picture_000511 0.999 37.5 52.7 196.0 177.9
picture_000511 0.999 131.6 131.3 196.0 154.5
picture_000511 0.998 31.2 130.3 162.0 147.9
picture_000511 0.995 182.8 31.3 196.0 70.2
picture_000511 0.633 32.5 146.7 53.8 164.5
picture_000511 0.104 61.1 24.5 85.5 40.0
picture_000512 1.000 79.0 85.1 176.0 145.8
picture_000512 0.999 153.6 120.1 176.0 182.8
picture_000512 0.999 106.0 55.3 142.7 73.0
picture_000512 0.999 23.6 193.2 106.5 204.9
picture_000512 0.998 165.6 56.2 176.0 85.4
picture_000512 0.998 1.0 68.9 101.2 108.1
picture_000512 0.997 26.9 159.8 97.0 213.0
picture_000512 0.996 121.0 145.1 176.0 166.2
picture_000512 0.996 77.1 177.2 176.0 213.0
picture_000512 0.981 176.0 78.8 176.0 94.6
picture_000512 0.974 48.6 3.3 123.5 14.8
picture_000512 0.899 1.0 94.4 176.0 209.6
picture_000512 0.893 1.0 120.2 176.0 131.9
picture_000512 0.862 148.6 213.0 174.3 213.0
picture_000512 0.533 1.0 114.4 95.8 127.8
picture_000512 0.470 176.0 146.0 176.0 160.3
picture_000512 0.254 102.1 1.0 142.2 8.2
picture_000512 0.221 176.0 13.6 176.0 28.4
picture_000512 0.211 101.0 15.0 146.6 25.3
picture_000512 0.195 167.2 53.4 176.0 62.5
picture_000648 1.000 7.8 217.0 75.6 280.7
picture_000648 0.999 1.0 280.0 115.1 307.8
picture_000648 0.999 1.0 261.2 41.6 330.6
picture_000648 0.994 1.0 289.6 14.3 316.1
picture_000648 0.994 44.4 331.7 148.0 346.1
picture_000648 0.083 1.0 72.1 1.0 79.3
picture_000648 0.072 40.6 374.4 132.3 382.5
picture_000649 0.996 23.1 188.3 141.3 211.9
picture_000649 0.996 59.8 224.1 125.9 280.9
picture_000649 0.995 20.8 253.3 97.9 265.0
picture_000649 0.994 13.9 279.7 68.5 301.0
picture_000649 0.991 76.5 224.2 102.2 239.4
picture_000649 0.675 34.0 295.9 48.8 301.0
picture_000649 0.456 42.9 188.7 90.7 196.0
picture_000649 0.369 114.1 144.2 136.8 170.5
picture_000649 0.359 59.6 220.0 83.3 229.9
picture_000649 0.130 89.9 301.0 133.6 301.0
picture_000649 0.108 83.3 175.4 98.3 194.9
picture_000650 0.993 10.8 417.0 69.3 465.7
picture_000650 0.991 1.0 418.4 11.8 445.5
picture_000650 0.982 25.5 455.7 125.3 487.8
picture_000650 0.982 1.0 492.9 104.9 556.0
picture_000650 0.969 1.0 405.5 1.0 471.1
picture_000650 0.943 87.9 435.4 154.5 444.1
picture_000650 0.938 10.2 380.9 120.3 418.1
picture_000651 1.000 90.1 112.8 211.5 134.4
picture_000651 0.999 91.2 127.0 187.2 140.2
picture_000651 0.999 168.4 129.9 203.6 142.1
picture_000651 0.997 174.8 144.0 231.0 144.0
picture_000651 0.997 1.0 144.0 230.7 144.0
picture_000651 0.993 13.5 103.7 33.1 126.2
picture_000651 0.990 231.0 110.9 231.0 129.3
picture_000651 0.751 40.4 144.0 66.4 144.0
picture_000651 0.412 1.0 139.8 231.0 144.0
picture_000652 1.000 1.0 66.1 68.4 155.4
picture_000652 0.999 1.0 1.0 68.6 24.2
picture_000652 0.999 1.0 95.3 1.0 147.0
picture_000652 0.998 1.0 122.0 142.0 151.5
picture_000652 0.998 1.0 1.0 94.6 85.7
picture_000652 0.997 1.0 70.4 6.9 168.1
picture_000652 0.996 1.0 120.0 47.9 172.5
picture_000652 0.980 1.0 219.6 1.0 228.0
picture_000652 0.979 1.0 1.0 1.0 66.4
picture_000652 0.900 1.0 68.2 1.0 92.5
picture_000652 0.879 1.0 1.0 142.0 1.0
picture_000652 0.704 23.6 1.0 88.7 3.6
picture_000652 0.422 1.0 1.0 1.0 1.0
picture_000652 0.334 1.0 15.8 142.0 42.4
picture_000652 0.126 1.0 1.0 37.6 3.4
picture_000653 0.998 191.5 581.2 251.2 617.4
picture_000653 0.995 149.4 484.0 218.8 527.6
picture_000653 0.990 107.6 611.9 175.1 671.4
picture_000653 0.519 300.5 600.1 321.9 617.5
picture_000656 0.999 22.1 226.8 216.5 255.0
picture_000656 0.999 155.3 222.6 189.8 251.1
picture_000656 0.998 11.6 262.0 238.3 262.0
picture_000656 0.992 67.3 262.0 110.4 262.0
picture_000656 0.895 1.0 253.2 10.1 262.0
picture_000656 0.689 196.2 262.0 221.4 262.0
picture_000657 0.999 75.6 260.3 145.7 291.0
picture_000657 0.998 43.9 241.7 100.6 291.0
picture_000657 0.994 131.5 291.0 199.0 291.0
picture_000657 0.994 8.4 291.0 76.4 291.0
picture_000657 0.993 201.9 232.1 226.0 279.3
picture_000657 0.919 213.8 291.0 226.0 291.0
picture_000657 0.748 1.0 229.9 1.0 267.6
picture_000657 0.610 22.6 291.0 35.7 291.0
picture_000657 0.310 1.0 291.0 1.0 291.0
picture_000657 0.169 226.0 250.5 226.0 275.9
picture_000659 0.999 136.2 343.9 187.8 431.2
picture_000659 0.998 179.8 231.0 205.8 485.0
picture_000659 0.997 186.3 385.1 198.4 453.5
picture_000659 0.997 90.4 354.0 170.5 483.7
picture_000659 0.985 216.6 415.1 226.0 485.0
picture_000666 1.000 173.4 177.5 242.8 276.3
picture_000666 1.000 155.8 73.0 199.8 282.4
picture_000666 1.000 168.6 107.2 250.3 182.3
picture_000666 1.000 223.8 181.0 267.0 226.4
picture_000666 0.999 248.9 128.2 267.0 220.9
picture_000666 0.999 158.8 50.8 267.0 343.0
picture_000666 0.857 234.2 288.8 258.7 310.8
picture_000666 0.849 162.3 79.0 203.5 95.0
picture_000666 0.827 53.0 1.0 130.1 4.7
picture_000666 0.285 155.1 343.0 194.6 343.0
picture_000667 1.000 1.0 142.5 28.8 211.2
picture_000667 0.999 1.0 116.1 94.5 153.8
picture_000667 0.999 1.0 118.3 1.0 155.3
picture_000667 0.999 1.0 166.6 165.0 185.9
picture_000667 0.999 1.0 191.4 5.1 205.4
picture_000667 0.999 9.8 67.0 76.2 77.5
picture_000667 0.993 1.0 145.4 161.4 243.9
picture_000667 0.956 1.0 176.9 46.9 184.7
picture_000667 0.955 1.0 1.0 57.8 1.0
picture_000667 0.900 1.0 133.9 165.0 142.2
picture_000667 0.607 1.0 80.9 1.0 94.6
picture_000667 0.532 1.0 5.0 1.0 17.7
picture_000667 0.370 1.0 156.2 13.6 163.0
picture_000667 0.121 15.2 14.5 165.0 20.0
picture_000667 0.065 1.0 59.8 1.0 74.9
picture_000667 0.063 1.0 183.1 1.0 198.2
picture_000674 0.998 103.0 209.1 163.0 300.2
picture_000674 0.997 135.9 299.8 212.3 375.7
picture_000674 0.994 66.6 322.7 109.4 353.9
picture_000674 0.989 29.9 303.5 67.8 378.0
picture_000674 0.988 53.1 133.5 217.1 274.8
picture_000674 0.854 107.2 427.1 170.5 448.0
picture_000674 0.800 132.1 241.2 156.4 274.0
picture_000674 0.211 229.2 422.4 272.2 441.4
picture_000674 0.196 1.0 232.5 17.5 259.6
picture_000675 1.000 175.1 16.4 223.0 41.5
picture_000675 0.999 128.5 67.8 207.6 97.0
picture_000675 0.999 93.5 1.0 223.0 70.2
picture_000675 0.999 203.4 1.0 223.0 1.7
picture_000675 0.998 120.6 1.0 205.6 1.0
picture_000675 0.998 223.0 17.5 223.0 38.6
picture_000675 0.992 15.4 36.6 182.9 49.3
picture_000675 0.986 193.7 12.0 223.0 23.0
picture_000675 0.985 1.0 114.3 223.0 120.0
picture_000675 0.981 175.3 1.0 223.0 7.7
picture_000675 0.975 1.0 19.1 223.0 40.7
picture_000675 0.822 1.0 59.0 223.0 119.3
picture_000675 0.773 223.0 96.2 223.0 120.0
picture_000676 0.999 46.4 126.1 208.0 142.0
picture_000676 0.999 17.7 142.0 208.0 142.0
picture_000676 0.999 133.0 106.1 178.3 136.9
picture_000676 0.999 5.7 105.0 208.0 136.8
picture_000676 0.997 153.0 142.0 208.0 142.0
picture_000676 0.995 208.0 142.0 208.0 142.0
picture_000676 0.980 1.0 123.3 29.8 142.0
picture_000676 0.980 82.4 43.0 98.8 116.5
picture_000676 0.979 143.5 103.8 153.3 132.0
picture_000676 0.938 84.4 142.0 100.1 142.0
picture_000676 0.748 208.0 53.9 208.0 117.5
picture_000676 0.387 208.0 102.8 208.0 126.5
picture_000677 1.000 45.7 86.0 131.6 169.0
picture_000677 1.000 60.1 169.0 117.3 169.0
picture_000677 1.000 112.2 125.1 161.0 169.0
picture_000677 1.000 67.5 53.4 90.3 143.4
picture_000677 0.999 158.1 164.8 161.0 169.0
picture_000677 0.999 1.0 104.8 1.0 161.9
picture_000677 0.997 161.0 1.0 161.0 129.8
picture_000677 0.997 50.3 169.0 76.3 169.0
picture_000677 0.994 1.0 162.4 161.0 169.0
picture_000677 0.994 1.3 1.0 161.0 169.0
picture_000677 0.986 161.0 133.4 161.0 169.0
picture_000677 0.882 161.0 169.0 161.0 169.0
picture_000677 0.532 1.0 169.0 15.0 169.0
picture_000677 0.065 1.0 167.1 1.0 169.0
picture_000678 0.999 92.8 1.0 138.2 66.4
picture_000678 0.999 121.5 1.0 164.0 31.9
picture_000678 0.999 105.3 62.2 116.7 141.4
picture_000678 0.999 105.7 1.0 119.2 51.2
picture_000678 0.998 122.8 1.0 131.8 70.0
picture_000678 0.996 31.1 36.6 46.7 81.9
picture_000678 0.801 60.0 1.0 72.9 1.0
picture_000678 0.150 164.0 19.8 164.0 60.4
picture_000678 0.129 92.4 1.0 102.7 1.0
picture_000680 1.000 118.8 253.1 190.9 350.2
picture_000680 0.999 216.3 194.3 246.0 233.3
picture_000680 0.999 146.8 111.2 246.0 255.0
picture_000680 0.999 221.8 239.2 243.6 308.0
picture_000680 0.999 201.1 169.0 246.0 276.1
picture_000680 0.997 86.3 92.0 141.0 123.0
picture_000680 0.997 167.9 419.0 199.8 419.0
picture_000680 0.995 98.0 419.0 145.5 419.0
picture_000680 0.906 131.4 240.1 175.2 255.7
picture_000680 0.128 246.0 110.8 246.0 165.6
picture_000683 1.000 136.6 185.2 212.5 223.6
picture_000683 0.998 83.9 219.6 202.8 228.0
picture_000683 0.997 146.3 228.0 214.0 228.0
picture_000683 0.996 203.7 101.1 214.0 207.4
picture_000683 0.990 214.0 223.5 214.0 228.0
picture_000683 0.975 85.6 152.4 214.0 209.8
picture_000683 0.553 214.0 134.4 214.0 200.3
picture_000683 0.527 1.0 196.9 214.0 225.3
picture_000685 0.999 1.0 1.0 1.0 133.0
picture_000685 0.999 1.0 23.0 64.8 114.0
picture_000685 0.999 1.0 1.0 133.0 47.0
picture_000685 0.998 1.0 66.4 38.0 97.6
picture_000685 0.998 1.0 1.0 1.0 1.0
picture_000685 0.998 1.0 133.0 1.0 133.0
picture_000685 0.996 1.0 1.0 133.0 1.0
picture_000685 0.996 36.9 119.3 133.0 133.0
picture_000688 1.000 169.8 1.0 272.5 250.4
picture_000688 0.998 250.5 1.0 274.0 43.8
picture_000688 0.997 274.0 1.0 274.0 9.0
picture_000688 0.997 274.0 74.5 274.0 125.1
picture_000688 0.993 274.0 1.0 274.0 42.3
picture_000688 0.991 180.8 1.0 274.0 1.0
picture_000688 0.991 252.4 78.0 274.0 93.9
picture_000688 0.989 171.2 250.6 266.7 283.0
picture_000688 0.983 183.2 1.0 274.0 46.5
picture_000688 0.977 263.9 1.0 274.0 1.0
picture_000688 0.598 274.0 1.0 274.0 1.0
picture_000688 0.366 274.0 36.5 274.0 74.0
picture_000688 0.052 274.0 195.6 274.0 283.0
picture_000689 1.000 69.7 7.6 134.1 124.5
picture_000689 1.000 14.6 1.0 118.4 82.4
picture_000689 0.999 99.9 1.0 138.8 59.0
picture_000689 0.999 1.0 1.0 1.0 147.0
picture_000689 0.999 75.2 1.0 128.5 1.0
picture_000689 0.997 1.0 1.0 1.0 5.4
picture_000689 0.996 1.0 1.0 43.6 1.0
picture_000689 0.974 149.4 1.0 162.0 31.2
picture_000689 0.850 24.6 58.5 36.0 147.0
picture_000689 0.332 179.0 1.0 179.0 1.0
picture_000689 0.059 1.0 1.0 1.0 1.0
picture_000693 1.000 77.6 80.1 227.6 125.8
picture_000693 1.000 83.0 119.0 138.5 145.8
picture_000693 1.000 46.8 152.4 116.0 197.5
picture_000693 0.998 37.7 1.0 114.2 42.8
picture_000693 0.997 233.4 123.1 293.1 146.4
picture_000693 0.995 88.8 50.4 112.9 74.6
picture_000693 0.993 116.0 1.0 268.8 89.3
picture_000693 0.955 108.0 137.6 328.0 178.7
picture_000693 0.672 214.3 91.9 243.6 104.6
picture_000693 0.503 99.3 278.9 174.4 296.7
picture_000693 0.345 169.6 191.7 248.4 198.4
picture_000694 1.000 54.9 15.4 149.9 86.3
picture_000694 0.999 76.1 70.0 130.9 129.8
picture_000694 0.999 97.3 1.0 141.8 1.0
picture_000694 0.999 38.3 1.0 118.4 1.0
picture_000694 0.997 65.7 72.8 157.0 86.8
picture_000694 0.994 139.8 1.0 157.0 1.0
picture_000694 0.991 1.0 58.5 157.0 70.5
picture_000694 0.969 1.0 88.7 157.0 141.0
picture_000694 0.950 157.0 83.2 157.0 102.4
picture_000694 0.927 157.0 141.0 157.0 141.0
picture_000694 0.922 155.3 1.0 157.0 1.0
picture_000694 0.087 157.0 26.9 157.0 39.2
picture_000695 0.997 1.0 647.2 1.0 697.1
picture_000695 0.996 1.0 553.4 20.9 591.3
picture_000695 0.996 13.8 641.1 89.5 696.8
picture_000695 0.995 1.0 601.8 1.0 663.5
picture_000695 0.990 15.5 538.5 79.1 585.1
picture_000695 0.932 3.8 594.6 157.5 661.8
picture_000695 0.867 1.5 458.2 24.5 565.3
picture_000695 0.208 1.0 695.7 1.0 713.0
picture_000696 1.000 122.7 106.2 189.0 165.3
picture_000696 0.999 189.0 71.7 189.0 130.8
picture_000696 0.999 135.7 5.0 189.0 112.4
picture_000696 0.999 127.9 182.0 189.0 182.0
picture_000696 0.999 2.3 163.9 182.5 182.0
picture_000696 0.998 160.5 88.0 189.0 104.7
picture_000696 0.998 179.3 182.0 189.0 182.0
picture_000696 0.996 28.4 1.0 189.0 182.0
picture_000696 0.988 173.9 1.0 189.0 1.0
picture_000696 0.955 1.0 111.4 189.0 123.0
picture_000696 0.471 1.0 43.2 189.0 78.8
picture_000696 0.396 1.0 1.0 187.1 1.0
picture_000696 0.197 189.0 182.0 189.0 182.0
picture_000696 0.187 189.0 154.3 189.0 168.2
picture_000696 0.084 189.0 39.3 189.0 61.3
picture_000701 0.999 39.6 1.0 85.7 108.0
picture_000701 0.999 1.0 101.6 10.9 108.0
picture_000701 0.999 1.0 1.0 126.0 1.0
picture_000701 0.998 93.1 21.3 121.5 108.0
picture_000701 0.998 33.0 1.0 81.4 13.4
picture_000701 0.996 1.0 1.0 44.6 99.0
picture_000701 0.992 1.0 1.0 1.0 1.0
picture_000701 0.987 126.0 46.8 126.0 108.0
picture_000701 0.970 126.0 1.0 126.0 3.5
picture_000701 0.926 1.0 108.0 55.9 108.0
picture_000701 0.351 1.0 1.0 1.0 108.0
picture_000701 0.142 1.0 74.5 126.0 108.0
picture_000701 0.100 1.0 89.3 6.4 108.0
picture_000703 1.000 83.4 213.3 192.0 285.1
picture_000703 1.000 128.3 203.9 190.9 252.4
picture_000703 1.000 94.6 297.0 180.4 297.0
picture_000703 1.000 192.0 263.4 192.0 295.4
picture_000703 0.999 73.3 227.5 164.6 243.0
picture_000703 0.999 109.5 278.1 192.0 297.0
picture_000703 0.997 48.0 294.1 192.0 297.0
picture_000703 0.796 139.8 179.9 189.6 185.3
picture_000703 0.702 1.0 99.0 151.9 112.1
picture_000703 0.542 146.1 25.0 192.0 59.0
picture_000704 0.999 44.7 1.0 105.0 119.0
picture_000704 0.999 6.4 50.0 77.1 119.0
picture_000704 0.999 121.8 7.9 129.0 105.8
picture_000704 0.998 1.0 1.0 129.0 50.7
picture_000704 0.998 1.0 1.0 39.7 98.7
picture_000704 0.992 81.1 73.5 127.9 119.0
picture_000704 0.990 11.7 119.0 108.2 119.0
picture_000704 0.987 1.0 108.4 31.8 119.0
picture_000704 0.982 129.0 119.0 129.0 119.0
picture_000704 0.890 129.0 1.0 129.0 119.0
picture_000704 0.053 109.3 1.0 129.0 36.8
picture_000705 1.000 93.2 62.2 220.0 144.9
picture_000705 1.000 116.2 63.1 158.2 103.7
picture_000705 0.999 1.0 12.4 104.0 56.1
picture_000705 0.999 1.0 1.0 159.2 106.6
picture_000705 0.999 203.8 14.4 220.0 67.8
picture_000705 0.999 1.0 22.8 43.7 145.9
picture_000705 0.999 79.4 40.4 220.0 86.2
picture_000705 0.997 30.1 1.0 75.0 1.0
picture_000705 0.996 1.0 73.4 220.0 92.3
picture_000705 0.978 81.0 1.0 220.0 55.3
picture_000705 0.975 1.0 126.0 178.1 142.7
picture_000705 0.971 1.0 1.0 38.0 1.0
picture_000705 0.881 1.3 100.4 220.0 108.8
picture_000705 0.497 145.9 1.0 220.0 1.0
picture_000705 0.444 1.0 79.7 1.0 95.5
picture_000705 0.430 1.0 43.2 1.0 63.7
picture_000705 0.255 220.0 18.5 220.0 40.9
picture_000705 0.183 83.0 13.4 118.5 20.6
picture_000705 0.124 220.0 1.0 220.0 1.0
picture_000706 1.000 1.0 190.8 6.5 220.8
picture_000706 0.999 3.5 124.3 60.8 196.0
picture_000706 0.999 1.0 174.2 63.2 234.1
picture_000706 0.997 7.6 205.3 69.4 215.1
picture_000706 0.995 13.4 241.7 167.9 258.0
picture_000706 0.587 1.0 243.2 1.0 254.9
picture_000706 0.254 1.0 210.4 195.0 265.7
picture_000706 0.051 1.0 126.9 195.0 171.5
picture_000707 1.000 1.0 132.3 65.1 229.0
picture_000707 0.999 1.0 14.0 1.0 101.0
picture_000707 0.998 8.5 229.0 96.4 229.0
picture_000707 0.998 27.0 164.8 202.0 209.7
picture_000707 0.996 1.0 1.0 116.6 182.1
picture_000707 0.996 1.0 229.0 1.0 229.0
picture_000707 0.992 1.0 224.6 1.0 229.0
picture_000707 0.983 1.0 1.0 56.9 83.1
picture_000707 0.900 1.0 161.2 1.0 201.8
picture_000709 1.000 2.2 133.4 71.3 168.9
picture_000709 1.000 1.0 118.4 36.3 141.9
picture_000709 0.999 1.0 96.3 139.2 110.2
picture_000709 0.999 1.0 191.7 135.0 246.8
picture_000709 0.998 1.0 168.5 80.8 181.1
picture_000709 0.998 1.0 141.2 1.0 155.5
picture_000709 0.996 1.0 78.0 44.1 92.8
picture_000709 0.996 45.1 54.4 103.8 86.3
picture_000709 0.980 1.0 166.6 165.0 174.7
picture_000709 0.966 1.0 65.4 165.0 115.3
picture_000709 0.212 52.4 106.6 107.2 112.9
picture_000709 0.101 52.9 244.2 94.0 250.2
picture_000709 0.076 1.0 49.1 1.8 57.1
picture_000718 0.999 1.0 63.0 94.4 214.0
picture_000718 0.999 59.0 146.1 92.2 166.2
picture_000718 0.998 1.0 126.4 81.5 150.9
picture_000718 0.996 1.0 69.4 1.0 121.4
picture_000718 0.996 1.0 206.0 48.4 214.0
picture_000718 0.989 98.0 43.7 166.0 63.8
picture_000718 0.984 30.5 27.3 136.1 81.8
picture_000718 0.975 34.1 166.2 126.6 175.2
picture_000718 0.958 1.0 43.2 1.0 78.5
picture_000718 0.906 110.3 187.7 166.0 204.4
picture_000718 0.876 1.0 124.1 1.0 136.6
picture_000718 0.652 6.5 214.0 31.6 214.0
picture_000718 0.625 62.1 214.0 93.2 214.0
picture_000718 0.479 1.0 197.8 1.0 214.0
picture_000718 0.207 20.4 33.7 45.9 41.0
picture_000718 0.159 87.0 1.0 147.6 5.8
picture_000718 0.115 1.0 1.0 1.0 7.9
picture_000718 0.072 69.1 18.2 166.0 147.5
picture_000722 0.999 2.0 117.0 57.5 195.8
picture_000722 0.998 3.5 15.6 56.1 118.1
picture_000722 0.994 23.2 150.3 180.2 244.7
picture_000722 0.989 1.0 207.6 1.0 244.6
picture_000722 0.985 1.0 176.9 22.1 197.5
picture_000722 0.973 22.4 183.9 182.8 208.1
picture_000723 1.000 61.2 1.0 163.6 251.0
picture_000723 0.999 63.8 13.5 103.2 98.4
picture_000723 0.999 144.1 1.0 180.1 56.4
picture_000723 0.999 52.5 1.0 166.0 1.0
picture_000723 0.998 140.6 1.0 207.9 1.0
picture_000723 0.997 3.7 1.0 99.2 32.2
picture_000723 0.978 101.7 1.0 110.2 60.2
picture_000723 0.802 126.3 1.0 142.9 1.0
picture_000723 0.781 1.0 1.0 1.0 28.7
picture_000724 1.000 256.4 250.1 317.1 354.0
picture_000724 0.999 323.0 330.1 323.0 354.0
picture_000724 0.997 292.7 306.0 323.0 353.5
picture_000724 0.994 253.9 315.9 304.6 354.0
picture_000724 0.991 253.2 21.7 321.8 354.0
picture_000724 0.971 287.0 354.0 323.0 354.0
picture_000724 0.164 323.0 354.0 323.0 354.0
picture_000724 0.051 323.0 170.1 323.0 308.9
picture_000726 1.000 1.0 82.8 59.9 189.0
picture_000726 1.000 1.0 52.2 112.3 132.9
picture_000726 0.999 1.0 1.0 28.1 161.1
picture_000726 0.999 10.3 65.5 57.1 97.6
picture_000726 0.999 1.0 1.0 1.0 153.2
picture_000726 0.999 1.0 189.0 1.0 189.0
picture_000726 0.999 53.1 113.7 202.0 189.0
picture_000726 0.997 58.0 186.1 202.0 189.0
picture_000726 0.994 1.0 116.7 1.0 189.0
picture_000726 0.993 13.6 1.0 70.4 1.0
picture_000726 0.990 1.0 1.0 197.4 111.6
picture_000726 0.980 1.0 58.7 1.0 94.0
picture_000726 0.830 56.3 189.0 167.5 189.0
picture_000726 0.746 20.5 1.0 202.0 1.0
picture_000726 0.073 1.0 1.0 1.0 1.0
picture_000727 1.000 300.5 571.8 302.0 676.0
picture_000727 0.999 245.2 625.4 279.1 664.2
picture_000727 0.999 302.0 457.1 302.0 583.7
picture_000727 0.996 294.6 676.0 302.0 676.0
picture_000727 0.992 297.0 531.2 302.0 547.1
picture_000727 0.989 244.0 437.0 283.8 474.2
picture_000727 0.832 174.6 493.1 293.6 597.1
picture_000727 0.290 302.0 552.4 302.0 580.8
picture_000728 1.000 1.0 121.0 91.8 204.7
picture_000728 1.000 77.1 11.9 146.6 160.7
picture_000728 1.000 1.0 75.9 1.0 217.0
picture_000728 1.000 1.0 1.0 126.4 241.0
picture_000728 1.000 1.0 210.0 109.9 241.0
picture_000728 0.999 1.0 115.0 213.0 163.6
picture_000728 0.999 59.4 106.9 98.9 137.8
picture_000728 0.998 58.3 178.8 213.0 241.0
picture_000728 0.983 124.3 1.0 195.4 1.0
picture_000728 0.853 1.0 241.0 1.0 241.0
picture_000728 0.758 1.0 1.0 1.0 6.6
picture_000728 0.491 1.0 114.3 7.3 135.2
picture_000728 0.231 137.4 241.0 213.0 241.0
picture_000728 0.131 1.0 1.0 1.0 41.0
picture_000730 1.000 234.1 448.3 335.0 571.0
picture_000730 0.998 263.3 571.0 326.7 571.0
picture_000730 0.994 306.4 475.6 335.0 490.2
picture_000730 0.960 43.8 440.1 327.5 467.7
picture_000730 0.960 335.0 319.6 335.0 361.0
picture_000730 0.909 241.3 286.3 335.0 520.1
picture_000730 0.055 335.0 460.8 335.0 488.1
picture_000731 0.999 194.8 236.4 274.8 424.8
picture_000731 0.999 236.1 206.0 282.0 341.5
picture_000731 0.999 281.4 207.3 282.0 280.3
picture_000731 0.997 241.7 193.1 282.0 220.1
picture_000731 0.995 255.7 68.8 282.0 178.9
picture_000731 0.993 128.4 198.6 260.2 261.7
picture_000731 0.810 282.0 178.2 282.0 205.4
picture_000731 0.649 282.0 367.5 282.0 393.5
picture_000731 0.280 235.5 68.2 277.6 78.9
picture_000731 0.054 86.9 87.6 260.3 97.3
picture_000732 1.000 1.0 40.0 109.6 108.7
picture_000732 0.999 1.0 1.0 59.0 1.0
picture_000732 0.999 42.5 18.6 164.0 144.0
picture_000732 0.999 1.0 1.0 1.0 34.8
picture_000732 0.999 63.8 1.0 164.0 1.0
picture_000732 0.999 80.0 144.0 120.7 144.0
picture_000732 0.998 1.0 82.5 1.0 144.0
picture_000732 0.998 124.1 20.8 160.6 69.4
picture_000732 0.997 1.0 2.1 164.0 50.5
picture_000732 0.996 30.7 1.0 76.5 15.6
picture_000732 0.993 1.0 144.0 14.0 144.0
picture_000732 0.959 1.0 1.0 1.0 1.0
picture_000732 0.944 1.0 116.3 146.9 144.0
picture_000732 0.695 138.8 1.0 164.0 1.0
picture_000732 0.211 100.9 1.0 127.5 1.0
picture_000733 1.000 44.8 6.6 118.0 89.9
picture_000733 0.999 108.9 1.0 141.7 203.0
picture_000733 0.999 70.7 1.0 213.0 61.4
picture_000733 0.999 126.4 68.5 213.0 118.9
picture_000733 0.999 26.1 1.0 78.6 127.9
picture_000733 0.999 98.2 1.0 112.5 39.0
picture_000733 0.998 131.2 1.0 179.0 34.8
picture_000733 0.985 76.7 1.0 176.2 1.0
picture_000733 0.950 1.0 91.1 1.0 177.6
picture_000733 0.809 86.2 1.0 213.0 5.3
picture_000733 0.807 28.2 1.0 50.3 1.0
picture_000733 0.702 143.5 1.0 160.8 1.0
picture_000733 0.662 1.0 1.0 1.0 2.9
picture_000733 0.233 1.0 1.0 1.0 12.8
picture_000738 1.000 94.0 333.8 211.7 415.0
picture_000738 1.000 67.3 338.3 111.9 415.0
picture_000738 0.999 11.8 415.0 87.3 415.0
picture_000738 0.999 144.0 307.6 159.5 400.6
picture_000738 0.998 195.8 109.2 223.3 369.0
picture_000738 0.998 165.0 388.6 290.0 415.0
picture_000738 0.896 290.0 401.5 290.0 415.0
picture_000738 0.100 36.7 1.0 290.0 415.0
picture_000740 0.999 203.6 184.9 294.2 257.2
picture_000740 0.999 217.6 129.2 305.0 207.7
picture_000740 0.999 56.4 213.2 280.0 241.5
picture_000740 0.997 305.0 124.2 305.0 189.7
picture_000740 0.996 265.1 178.9 305.0 204.4
picture_000740 0.995 193.0 99.9 288.3 125.0
picture_000740 0.743 246.7 392.7 304.8 401.6
picture_000740 0.699 305.0 22.5 305.0 43.0
picture_000740 0.254 305.0 174.8 305.0 192.3
picture_000741 1.000 68.8 50.1 179.2 100.3
picture_000741 0.999 16.0 119.5 170.4 145.4
picture_000741 0.999 65.9 168.7 179.6 190.4
picture_000741 0.999 151.6 19.7 209.5 56.9
picture_000741 0.997 138.4 152.5 268.0 202.2
picture_000741 0.984 1.0 1.0 268.0 50.7
picture_000741 0.810 191.4 122.9 268.0 130.5
picture_000742 1.000 1.0 59.3 56.1 137.6
picture_000742 1.000 4.3 1.0 78.9 57.7
picture_000742 1.000 1.0 34.6 55.2 84.9
picture_000742 0.999 1.0 57.9 196.4 100.4
picture_000742 0.999 1.0 40.1 13.6 162.0
picture_000742 0.999 1.0 1.0 9.5 22.4
picture_000742 0.999 1.0 74.7 1.0 127.1
picture_000742 0.999 29.8 140.9 154.6 162.0
picture_000742 0.998 15.3 133.0 110.1 146.1
picture_000742 0.997 26.1 1.0 162.1 162.0
picture_000742 0.987 2.1 1.0 76.7 1.0
picture_000742 0.947 1.0 100.7 209.0 123.5
picture_000742 0.893 1.0 92.1 116.6 162.0
picture_000742 0.880 1.0 1.0 209.0 1.4
picture_000742 0.645 1.0 1.0 1.0 19.2
picture_000742 0.511 1.0 73.4 1.0 85.2
picture_000742 0.476 34.0 162.0 154.1 162.0
picture_000742 0.213 1.0 1.0 1.0 1.0
picture_000742 0.190 1.0 117.8 1.0 160.0
picture_000743 1.000 129.1 152.7 265.7 250.1
picture_000743 0.999 55.5 117.8 190.8 162.4
picture_000743 0.999 100.8 183.9 149.8 221.8
picture_000743 0.999 202.1 222.8 308.0 255.7
picture_000743 0.997 6.7 21.2 201.6 236.8
picture_000743 0.993 211.7 81.9 263.2 130.7
picture_000743 0.164 161.6 198.0 185.5 218.3
picture_000744 0.999 1.0 116.1 90.2 198.9
picture_000744 0.999 82.1 45.1 111.6 85.7
picture_000744 0.999 1.0 96.4 24.6 117.3
picture_000744 0.998 33.2 74.9 124.2 87.4
picture_000744 0.997 19.2 64.0 139.0 180.4
picture_000744 0.997 84.7 120.6 139.0 156.7
picture_000744 0.996 1.0 232.0 29.4 232.0
picture_000744 0.985 1.0 161.1 139.0 180.6
picture_000744 0.985 1.0 205.4 1.0 232.0
picture_000744 0.961 2.9 163.4 39.6 177.4
picture_000744 0.959 1.0 232.0 139.0 232.0
picture_000744 0.858 1.0 1.0 27.7 23.8
picture_000744 0.841 1.0 114.3 1.0 138.4
picture_000744 0.469 64.4 22.6 96.6 31.5
picture_000744 0.439 1.0 34.7 1.0 78.3
picture_000744 0.272 1.0 22.9 4.8 48.8
picture_000933 0.071 1.0 210.1 93.7 269.0
