picture_000044 1.000 38.9 658.3 79.6 718.0
picture_000044 0.998 8.3 669.2 21.1 693.0
picture_000044 0.997 10.6 657.3 25.8 718.0
picture_000044 0.996 96.0 660.0 107.0 718.0
picture_000044 0.992 122.1 661.1 161.3 718.0
picture_000044 0.992 1.0 659.8 1.0 718.0
picture_000044 0.987 1.0 610.3 1.0 656.7
picture_000044 0.976 108.1 566.0 141.0 619.5
picture_000044 0.957 145.0 555.0 158.7 623.2
picture_000044 0.511 174.8 671.1 182.0 696.2
picture_000044 0.464 46.4 449.2 133.3 600.4
picture_000044 0.158 33.5 609.6 38.4 645.5
picture_000045 1.000 139.7 45.5 153.4 117.7
picture_000045 1.000 33.7 7.3 83.6 88.4
picture_000045 1.000 36.1 92.5 82.2 144.7
picture_000045 1.000 19.1 44.0 137.3 122.5
picture_000045 0.999 85.6 1.0 139.5 164.0
picture_000045 0.999 138.0 124.1 171.0 159.6
picture_000045 0.998 1.0 145.9 67.6 164.0
picture_000045 0.998 55.7 85.3 108.0 95.6
picture_000045 0.997 1.0 74.5 9.6 129.1
picture_000045 0.997 74.3 113.4 87.3 139.1
picture_000045 0.992 1.0 51.4 27.2 64.2
picture_000045 0.975 1.0 90.1 1.0 164.0
picture_000045 0.737 136.2 1.0 158.7 1.0
picture_000045 0.706 1.0 52.0 1.0 103.4
picture_000045 0.461 1.0 1.0 1.0 1.0
picture_000046 1.000 1.0 116.3 82.1 156.6
picture_000046 1.000 1.0 79.7 1.0 145.8
picture_000046 1.000 1.0 144.8 85.0 163.0
picture_000046 1.000 47.2 107.4 118.7 163.0
picture_000046 0.993 49.4 163.0 133.6 163.0
picture_000046 0.985 1.0 34.0 80.4 150.0
picture_000046 0.963 1.0 163.0 48.4 163.0
picture_000046 0.958 36.1 79.6 170.0 138.8
picture_000046 0.921 1.0 163.0 3.2 163.0
picture_000046 0.880 1.0 145.9 1.0 163.0
picture_000047 1.000 67.4 157.9 155.6 323.0
picture_000047 0.999 120.1 278.7 150.8 323.0
picture_000047 0.999 17.5 323.0 112.6 323.0
picture_000047 0.998 136.6 112.5 152.0 310.3
picture_000047 0.998 1.0 293.9 12.2 323.0
picture_000047 0.997 112.5 323.0 126.4 323.0
picture_000047 0.997 1.0 207.9 1.0 323.0
picture_000047 0.995 19.6 323.0 35.0 323.0
picture_000047 0.988 114.9 198.0 123.1 290.5
picture_000047 0.957 1.0 292.4 1.0 323.0
picture_000047 0.356 104.2 227.5 112.0 290.5
picture_000047 0.171 56.7 323.0 65.2 323.0
picture_000049 1.000 35.0 157.9 143.0 180.7
picture_000049 1.000 1.0 157.0 34.0 178.7
picture_000049 1.000 4.6 187.0 117.9 187.0
picture_000049 0.999 1.0 104.8 59.8 162.1
picture_000049 0.994 1.0 172.5 93.2 187.0
picture_000049 0.985 64.7 109.0 143.0 163.0
picture_000049 0.370 1.0 119.4 1.0 158.3
picture_000170 0.999 1.0 681.5 61.6 726.0
picture_000170 0.998 1.0 495.6 56.8 568.4
picture_000170 0.994 1.0 609.2 1.0 633.4
picture_000170 0.990 1.0 693.8 1.0 726.0
picture_000170 0.865 8.8 723.5 41.0 726.0
picture_000170 0.267 1.0 469.8 1.2 481.5
picture_000497 0.999 139.6 1.0 169.5 1.0
picture_000497 0.999 173.0 74.2 173.0 147.2
picture_000497 0.999 118.8 40.4 173.0 115.4
picture_000497 0.999 62.4 10.6 129.3 172.1
picture_000497 0.999 126.0 1.0 173.0 9.7
picture_000497 0.998 173.0 24.0 173.0 97.0
picture_000497 0.998 44.0 29.1 88.1 56.4
picture_000497 0.997 116.3 87.2 138.7 111.6
picture_000497 0.993 1.0 76.1 65.2 142.1
picture_000497 0.980 173.0 1.0 173.0 1.0
picture_000497 0.857 87.5 1.0 157.4 62.4
picture_000497 0.438 168.9 1.0 173.0 1.0
picture_000497 0.408 92.5 1.0 118.6 1.0
picture_000497 0.395 1.0 1.0 51.5 1.0
picture_000499 1.000 62.2 68.3 166.6 258.6
picture_000499 1.000 51.2 175.5 212.4 214.6
picture_000499 1.000 144.4 122.6 224.6 206.9
picture_000499 1.000 48.3 180.3 93.6 274.8
picture_000499 0.999 136.8 117.6 174.9 156.3
picture_000499 0.999 126.7 269.2 202.8 287.0
picture_000499 0.999 243.4 74.8 245.0 146.5
picture_000499 0.999 121.8 94.3 200.8 118.4
picture_000499 0.998 1.0 103.8 189.8 160.9
picture_000499 0.998 38.2 56.8 245.0 126.8
picture_000499 0.993 245.0 104.7 245.0 166.8
picture_000499 0.984 45.4 269.9 134.4 287.0
picture_000499 0.891 125.2 72.4 140.4 104.5
picture_000500 1.000 158.2 374.2 204.9 445.4
picture_000500 0.999 177.0 489.3 192.8 564.4
picture_000500 0.988 248.0 569.1 248.0 642.9
picture_000500 0.931 173.0 566.2 196.8 674.0
picture_000501 1.000 204.4 335.6 298.7 426.1
picture_000501 1.000 234.9 322.5 263.5 379.8
picture_000501 1.000 139.8 256.5 284.1 431.7
picture_000501 0.996 371.4 276.9 378.0 329.6
picture_000501 0.879 95.4 315.4 103.5 381.3
picture_000501 0.849 205.1 75.6 297.6 252.7
picture_000501 0.812 194.1 435.0 213.0 435.0
picture_000503 1.000 69.6 158.7 114.1 228.5
picture_000503 1.000 100.6 35.4 133.7 166.4
picture_000503 0.999 53.3 230.6 88.7 335.0
picture_000503 0.999 110.4 90.1 124.0 210.1
picture_000503 0.999 32.2 1.0 58.0 224.0
picture_000503 0.998 45.9 185.7 57.7 241.9
picture_000503 0.998 75.2 72.0 195.0 223.3
picture_000503 0.995 171.5 185.6 184.6 247.8
picture_000503 0.994 1.0 132.9 13.4 214.3
picture_000503 0.969 106.6 209.0 120.2 228.4
picture_000503 0.526 64.5 184.3 70.7 232.4
picture_000503 0.056 111.2 226.3 124.5 237.0
picture_000504 1.000 126.8 50.7 167.0 123.9
picture_000504 1.000 49.5 97.1 135.1 161.0
picture_000504 1.000 81.2 1.0 145.2 21.2
picture_000504 1.000 127.3 136.4 167.0 161.0
picture_000504 0.999 133.3 1.0 167.0 9.0
picture_000504 0.999 11.8 1.0 137.2 119.9
picture_000504 0.999 167.0 75.2 167.0 148.0
picture_000504 0.994 1.0 23.0 167.0 55.2
picture_000504 0.992 1.0 1.0 136.6 1.0
picture_000504 0.984 167.0 1.0 167.0 1.0
picture_000504 0.880 167.0 28.5 167.0 76.5
picture_000504 0.478 51.3 161.0 130.1 161.0
picture_000504 0.191 167.0 161.0 167.0 161.0
picture_000504 0.106 167.0 1.0 167.0 24.1
picture_000505 1.000 14.3 126.1 71.6 220.0
picture_000505 1.000 1.0 163.5 32.0 220.0
picture_000505 1.000 1.0 193.3 12.1 220.0
picture_000505 0.999 1.0 23.3 7.8 220.0
picture_000505 0.999 12.8 191.2 46.5 220.0
picture_000505 0.999 1.0 220.0 15.8 220.0
picture_000505 0.840 1.0 220.0 1.0 220.0
picture_000505 0.480 1.0 1.0 1.0 220.0
picture_000506 1.000 35.6 49.9 81.3 124.7
picture_000506 1.000 64.9 41.5 109.9 66.9
picture_000506 1.000 82.4 47.6 142.0 140.0
picture_000506 1.000 75.2 1.0 142.0 44.9
picture_000506 0.999 1.0 91.6 132.8 120.4
picture_000506 0.999 1.0 1.0 12.0 28.5
picture_000506 0.999 1.0 107.5 55.3 120.4
picture_000506 0.998 142.0 107.8 142.0 140.0
picture_000506 0.997 1.0 1.0 142.0 3.4
picture_000506 0.997 1.0 1.0 1.0 58.8
picture_000506 0.996 1.0 1.0 97.1 140.0
picture_000506 0.995 1.0 57.6 1.0 136.5
picture_000506 0.995 103.4 1.0 130.2 1.0
picture_000506 0.995 1.0 1.0 142.0 1.0
picture_000506 0.993 9.1 1.0 39.9 1.0
picture_000506 0.993 64.8 111.2 87.2 133.9
picture_000506 0.990 1.0 1.0 95.4 40.5
picture_000506 0.990 8.1 140.0 77.9 140.0
picture_000506 0.980 27.3 104.3 44.7 140.0
picture_000506 0.944 1.0 1.0 1.0 3.7
picture_000506 0.917 1.0 57.7 1.0 73.9
picture_000506 0.541 1.0 1.0 1.0 1.0
picture_000506 0.243 87.1 140.0 117.1 140.0
picture_000508 1.000 144.9 99.8 222.9 239.0
picture_000508 1.000 142.8 89.1 168.5 191.3
picture_000508 1.000 220.7 1.0 279.0 99.6
picture_000508 1.000 165.5 1.0 279.0 180.2
picture_000508 0.999 241.4 145.8 268.3 196.8
picture_000508 0.999 89.4 54.4 279.0 115.1
picture_000508 0.999 82.7 9.3 159.2 55.1
picture_000508 0.998 40.6 164.2 262.7 276.0
picture_000508 0.997 103.7 1.0 211.4 39.3
picture_000508 0.959 19.9 1.0 31.1 75.4
picture_000508 0.919 121.7 105.2 181.9 117.6
picture_000508 0.808 1.0 178.0 1.0 225.1
picture_000508 0.098 115.6 1.0 144.6 1.0
picture_000508 0.068 279.0 153.3 279.0 199.3
picture_000511 1.000 109.1 92.5 180.4 142.6
picture_000511 1.000 95.2 13.7 196.0 132.9
picture_000511 1.000 88.4 78.9 196.0 108.3
picture_000511 1.000 36.3 103.8 196.0 227.4
picture_000511 0.999 156.9 167.7 196.0 204.9
picture_000511 0.999 89.8 209.3 196.0 250.4
picture_000511 0.999 130.6 82.1 173.1 98.9
picture_000511 0.999 130.9 129.3 196.0 153.9
picture_000511 0.997 196.0 55.6 196.0 102.1
picture_000511 0.980 121.3 8.0 196.0 52.8
picture_000511 0.961 42.8 179.1 196.0 284.0
picture_000511 0.959 36.8 171.9 58.7 187.6
picture_000511 0.838 128.4 96.7 137.8 136.1
picture_000511 0.169 71.0 54.2 88.1 66.5
picture_000512 1.000 126.5 122.8 176.0 159.8
picture_000512 1.000 122.5 87.7 176.0 123.9
picture_000512 1.000 47.3 130.5 176.0 195.3
picture_000512 1.000 1.0 72.2 105.3 144.9
picture_000512 0.999 1.0 87.4 176.0 103.5
picture_000512 0.999 139.2 53.8 167.2 89.0
picture_000512 0.999 176.0 60.2 176.0 120.1
picture_000512 0.996 73.5 98.5 176.0 112.1
picture_000512 0.996 114.3 213.0 176.0 213.0
picture_000512 0.995 176.0 155.2 176.0 173.8
picture_000512 0.994 1.0 42.3 86.3 77.8
picture_000512 0.992 150.1 183.2 176.0 213.0
picture_000512 0.990 140.1 116.8 167.3 130.0
picture_000512 0.982 90.7 205.4 129.7 213.0
picture_000512 0.948 1.0 213.0 80.8 213.0
picture_000512 0.943 1.0 149.2 84.9 213.0
picture_000512 0.853 176.0 213.0 176.0 213.0
picture_000512 0.850 67.4 1.0 126.6 1.0
picture_000512 0.735 1.0 93.6 86.9 108.6
picture_000512 0.591 136.1 1.0 176.0 1.0
picture_000512 0.475 176.0 27.4 176.0 41.5
picture_000512 0.246 1.0 156.7 90.7 175.0
picture_000648 1.000 1.0 224.0 80.0 290.2
picture_000648 1.000 1.0 290.1 38.5 393.2
picture_000648 0.999 1.0 353.4 69.2 379.3
picture_000648 0.998 1.0 244.4 21.5 272.0
picture_000648 0.998 1.0 338.8 43.4 351.8
picture_000648 0.996 1.0 10.1 115.3 216.8
picture_000649 1.000 57.5 201.2 123.1 253.9
picture_000649 0.999 106.4 195.1 139.8 223.6
picture_000649 0.999 161.4 241.4 239.6 266.2
picture_000649 0.998 99.2 250.6 137.0 260.2
picture_000649 0.997 1.0 167.9 54.7 187.8
picture_000649 0.993 4.4 167.6 121.9 226.1
picture_000649 0.984 1.0 301.0 30.4 301.0
picture_000649 0.966 1.0 254.2 15.5 264.4
picture_000649 0.947 209.1 243.4 222.7 263.3
picture_000649 0.873 81.8 189.6 100.9 201.8
picture_000649 0.305 65.4 254.8 79.9 264.9
picture_000650 1.000 1.0 512.9 49.7 538.5
picture_000650 0.999 1.0 416.3 31.0 438.7
picture_000650 0.998 22.3 462.6 142.5 496.7
picture_000650 0.997 29.2 326.7 139.0 483.5
picture_000650 0.995 22.4 389.5 142.7 424.8
picture_000650 0.977 1.0 398.8 1.0 433.5
picture_000650 0.937 1.0 360.6 32.5 418.4
picture_000650 0.915 1.0 347.1 10.8 371.5
picture_000650 0.903 133.7 432.9 185.0 440.8
picture_000650 0.857 48.6 339.1 86.5 352.2
picture_000650 0.622 1.0 324.7 60.7 374.7
picture_000650 0.431 84.1 318.8 247.7 363.1
picture_000651 1.000 98.5 130.9 187.6 144.0
picture_000651 1.000 1.0 114.6 86.4 133.6
picture_000651 0.999 179.2 130.9 231.0 144.0
picture_000651 0.999 60.2 144.0 111.9 144.0
picture_000651 0.998 69.4 77.0 229.4 126.6
picture_000651 0.995 1.0 144.0 231.0 144.0
picture_000651 0.986 1.0 128.4 1.0 142.9
picture_000651 0.210 231.0 144.0 231.0 144.0
picture_000651 0.111 147.2 144.0 194.8 144.0
picture_000652 1.000 3.0 73.6 67.2 139.0
picture_000652 0.999 1.0 38.0 54.5 72.5
picture_000652 0.999 1.0 63.6 1.0 106.5
picture_000652 0.998 1.0 1.0 124.5 117.3
picture_000652 0.997 1.0 182.4 15.6 218.7
picture_000652 0.997 1.0 117.0 142.0 161.7
picture_000652 0.996 8.7 1.0 72.3 1.0
picture_000652 0.996 17.5 88.3 85.1 100.6
picture_000652 0.954 1.0 1.0 1.0 5.5
picture_000652 0.915 34.8 1.0 142.0 3.3
picture_000652 0.794 1.0 1.0 1.0 21.8
picture_000652 0.752 1.0 190.4 1.0 227.8
picture_000652 0.355 1.0 112.1 1.0 151.0
picture_000652 0.318 1.0 10.8 142.0 39.8
picture_000652 0.163 43.0 1.0 142.0 1.0
picture_000653 1.000 194.0 548.9 250.2 664.0
picture_000653 0.999 148.7 545.7 186.5 565.9
picture_000653 0.998 281.7 535.7 323.0 671.7
picture_000653 0.870 202.5 453.4 218.0 481.8
picture_000653 0.500 323.0 503.2 323.0 550.2
picture_000656 1.000 126.3 233.2 183.0 257.8
picture_000656 1.000 54.5 228.1 86.0 257.3
picture_000656 0.999 34.1 262.0 228.8 262.0
picture_000656 0.999 113.1 262.0 146.0 262.0
picture_000656 0.986 1.0 262.0 45.1 262.0
picture_000656 0.866 1.0 174.2 229.7 245.1
picture_000656 0.271 97.3 259.9 107.4 262.0
picture_000657 1.000 49.1 233.9 217.2 287.2
picture_000657 0.999 48.4 269.0 121.5 291.0
picture_000657 0.998 119.6 270.9 137.7 291.0
picture_000657 0.998 1.0 291.0 53.4 291.0
picture_000657 0.997 21.9 180.0 89.8 272.7
picture_000657 0.970 1.0 134.0 226.0 268.8
picture_000657 0.969 1.0 282.2 226.0 291.0
picture_000657 0.962 1.0 291.0 190.0 291.0
picture_000659 1.000 133.9 363.1 199.6 458.6
picture_000659 1.000 116.9 427.6 152.0 485.0
picture_000659 1.000 119.2 184.4 150.4 390.0
picture_000659 0.999 72.0 254.5 126.8 485.0
picture_000659 0.999 157.2 320.2 176.3 368.4
picture_000659 0.999 226.0 272.5 226.0 453.0
picture_000666 1.000 62.4 203.7 143.0 336.5
picture_000666 1.000 126.4 180.8 201.2 222.7
picture_000666 1.000 1.0 139.5 262.7 271.5
picture_000666 1.000 174.7 173.1 263.7 244.0
picture_000666 0.999 126.7 57.8 267.0 127.2
picture_000666 0.998 88.7 61.0 163.2 107.8
picture_000666 0.997 267.0 238.2 267.0 306.0
picture_000666 0.991 146.8 147.1 227.5 166.9
picture_000666 0.985 124.5 343.0 183.5 343.0
picture_000666 0.964 231.6 127.1 261.0 158.3
picture_000666 0.963 119.8 1.0 250.0 343.0
picture_000666 0.947 247.0 54.8 267.0 109.7
picture_000666 0.566 49.5 1.0 125.4 9.6
picture_000666 0.071 154.0 1.0 193.3 29.3
picture_000667 1.000 1.0 140.3 74.3 173.7
picture_000667 1.000 1.0 145.4 1.0 170.3
picture_000667 1.000 21.6 72.8 165.0 131.0
picture_000667 0.998 1.0 208.1 109.2 227.4
picture_000667 0.998 1.0 117.8 126.4 129.4
picture_000667 0.998 1.0 124.2 1.0 153.6
picture_000667 0.997 1.0 234.2 27.0 245.8
picture_000667 0.968 1.0 227.6 1.0 248.3
picture_000667 0.857 1.0 31.8 165.0 66.9
picture_000667 0.360 1.0 116.9 1.0 124.5
picture_000667 0.119 1.0 122.2 165.0 263.4
picture_000674 1.000 74.8 201.1 259.8 244.3
picture_000674 1.000 49.7 224.5 134.2 300.9
picture_000674 0.999 127.1 105.7 200.8 197.0
picture_000674 0.999 92.9 346.5 141.0 374.5
picture_000674 0.994 23.1 252.2 65.7 280.0
picture_000674 0.991 59.0 351.2 169.4 439.4
picture_000674 0.985 141.1 156.5 227.0 174.5
picture_000674 0.971 7.9 101.9 68.4 144.2
picture_000674 0.942 158.7 194.4 180.2 246.9
picture_000674 0.439 121.1 198.5 141.9 226.8
picture_000675 1.000 157.4 52.5 216.6 79.6
picture_000675 1.000 105.1 1.0 223.0 66.7
picture_000675 1.000 99.7 101.8 223.0 120.0
picture_000675 1.000 139.0 1.0 223.0 12.7
picture_000675 0.999 223.0 113.8 223.0 120.0
picture_000675 0.999 23.9 46.8 223.0 61.0
picture_000675 0.998 76.1 62.7 188.5 71.9
picture_000675 0.998 120.6 1.0 209.0 1.0
picture_000675 0.997 1.0 120.0 223.0 120.0
picture_000675 0.996 223.0 55.7 223.0 69.7
picture_000675 0.994 147.6 33.0 223.0 44.2
picture_000675 0.989 1.0 1.0 223.0 4.3
picture_000675 0.966 208.8 120.0 223.0 120.0
picture_000675 0.965 1.0 1.0 223.0 120.0
picture_000675 0.942 1.0 29.9 223.0 52.6
picture_000675 0.806 210.1 1.0 223.0 1.0
picture_000675 0.642 1.0 80.6 223.0 101.8
picture_000675 0.134 1.0 13.3 206.7 19.0
picture_000676 1.000 97.5 111.4 208.0 136.9
picture_000676 1.000 187.8 79.2 208.0 126.8
picture_000676 1.000 147.5 142.0 208.0 142.0
picture_000676 0.999 200.4 132.6 208.0 142.0
picture_000676 0.998 103.2 142.0 166.7 142.0
picture_000676 0.996 55.3 81.1 68.4 127.8
picture_000676 0.987 113.2 13.0 184.5 134.6
picture_000676 0.983 49.6 54.7 104.4 119.8
picture_000676 0.979 208.0 85.0 208.0 125.3
picture_000676 0.977 165.9 1.0 193.7 131.0
picture_000676 0.952 13.5 52.2 202.7 120.7
picture_000676 0.951 62.0 142.0 77.3 142.0
picture_000676 0.788 1.0 111.6 49.6 131.2
picture_000677 1.000 74.3 116.6 161.0 169.0
picture_000677 1.000 23.8 137.9 77.7 169.0
picture_000677 0.999 17.9 154.0 161.0 169.0
picture_000677 0.999 120.5 167.9 161.0 169.0
picture_000677 0.999 32.9 1.0 70.8 136.8
picture_000677 0.999 1.0 94.2 87.3 158.7
picture_000677 0.998 66.1 129.1 92.2 169.0
picture_000677 0.997 52.8 169.0 111.1 169.0
picture_000677 0.996 1.0 169.0 10.3 169.0
picture_000677 0.994 161.0 169.0 161.0 169.0
picture_000677 0.988 161.0 1.0 161.0 126.5
picture_000677 0.964 1.0 27.1 161.0 143.5
picture_000677 0.722 161.0 138.3 161.0 169.0
picture_000677 0.387 1.0 68.2 14.2 169.0
picture_000677 0.336 129.1 1.0 148.3 166.5
picture_000677 0.143 161.0 97.7 161.0 135.0
picture_000678 1.000 114.9 1.0 150.4 131.0
picture_000678 1.000 115.4 1.0 145.2 1.0
picture_000678 1.000 63.9 1.0 78.9 76.6
picture_000678 0.999 101.0 52.6 132.1 106.5
picture_000678 0.999 92.8 4.8 164.0 51.5
picture_000678 0.997 67.9 38.9 96.2 251.8
picture_000678 0.997 105.2 43.2 114.6 156.2
picture_000678 0.997 55.3 1.0 137.1 82.6
picture_000678 0.997 90.6 1.0 142.0 258.0
picture_000678 0.992 85.8 1.0 118.3 1.0
picture_000678 0.986 1.5 23.3 21.8 53.7
picture_000678 0.978 91.9 1.0 99.2 15.2
picture_000678 0.904 1.0 1.0 18.2 1.7
picture_000678 0.894 43.6 1.0 68.5 1.0
picture_000678 0.436 144.3 63.5 149.4 110.9
picture_000678 0.092 1.0 82.4 1.0 128.1
picture_000680 1.000 74.9 326.9 246.0 417.2
picture_000680 1.000 39.2 198.6 216.1 322.6
picture_000680 1.000 192.4 234.2 223.2 336.2
picture_000680 1.000 218.2 221.1 246.0 266.4
picture_000680 0.999 150.7 186.5 246.0 382.0
picture_000680 0.999 246.0 320.6 246.0 419.0
picture_000680 0.999 84.0 315.0 169.9 352.7
picture_000680 0.998 159.9 1.0 230.1 295.1
picture_000680 0.997 52.8 107.8 133.5 153.3
picture_000680 0.995 194.3 292.7 246.0 312.1
picture_000680 0.964 151.2 114.8 190.6 130.8
picture_000680 0.961 246.0 261.2 246.0 281.0
picture_000680 0.856 21.7 419.0 133.9 419.0
picture_000680 0.750 31.4 346.9 138.6 359.9
picture_000680 0.724 157.6 284.8 193.6 297.9
picture_000680 0.635 158.7 419.0 206.6 419.0
picture_000680 0.121 246.0 66.2 246.0 115.3
picture_000683 1.000 151.6 190.0 214.0 226.9
picture_000683 1.000 46.2 195.8 199.2 226.6
picture_000683 1.000 146.7 225.5 214.0 228.0
picture_000683 1.000 101.9 228.0 199.0 228.0
picture_000683 0.999 143.7 108.5 214.0 205.6
picture_000683 0.999 206.1 191.3 214.0 224.9
picture_000683 0.802 201.9 30.1 214.0 228.0
picture_000683 0.149 105.3 1.0 214.0 228.0
picture_000685 1.000 1.0 1.0 1.0 69.1
picture_000685 1.000 32.8 39.3 133.0 133.0
picture_000685 1.000 1.0 1.0 20.0 133.0
picture_000685 1.000 1.0 1.0 4.0 90.2
picture_000685 1.000 1.0 1.0 133.0 1.0
picture_000685 0.999 1.0 1.0 133.0 61.4
picture_000685 0.999 11.4 123.1 88.6 133.0
picture_000685 0.999 1.0 133.0 1.0 133.0
picture_000685 0.996 1.0 1.0 133.0 15.0
picture_000685 0.596 1.0 133.0 7.7 133.0
picture_000685 0.213 1.0 1.0 1.0 1.0
picture_000685 0.053 1.0 101.9 1.0 133.0
picture_000688 1.000 183.9 70.3 268.7 120.0
picture_000688 1.000 177.5 5.7 273.5 167.5
picture_000688 0.999 225.7 1.0 274.0 1.0
picture_000688 0.999 266.9 64.5 274.0 143.4
picture_000688 0.999 177.5 1.0 271.8 49.2
picture_000688 0.999 274.0 77.6 274.0 127.9
picture_000688 0.997 70.0 1.0 251.5 1.0
picture_000688 0.995 218.2 58.1 274.0 72.7
picture_000688 0.717 1.0 51.5 274.0 65.0
picture_000688 0.394 274.0 204.6 274.0 283.0
picture_000689 1.000 45.0 11.5 135.1 99.4
picture_000689 1.000 1.0 1.0 25.2 52.1
picture_000689 1.000 5.0 1.0 60.7 2.9
picture_000689 1.000 47.4 61.7 83.2 147.0
picture_000689 1.000 1.0 1.0 179.0 14.4
picture_000689 0.999 17.1 1.0 74.7 1.0
picture_000689 0.998 1.0 1.0 1.0 38.9
picture_000689 0.996 117.5 57.4 179.0 147.0
picture_000689 0.995 1.0 65.5 1.0 147.0
picture_000689 0.994 87.9 1.0 107.8 1.0
picture_000689 0.993 89.7 15.0 100.5 75.4
picture_000689 0.991 59.7 1.0 70.9 147.0
picture_000689 0.983 1.0 9.4 49.1 147.0
picture_000689 0.982 1.0 1.0 1.0 1.0
picture_000689 0.976 97.4 1.0 179.0 108.0
picture_000689 0.957 1.0 1.0 21.9 1.0
picture_000689 0.948 179.0 1.0 179.0 138.0
picture_000689 0.878 113.3 1.0 171.3 1.0
picture_000693 1.000 63.2 75.1 171.8 118.4
picture_000693 1.000 110.4 49.6 181.3 75.9
picture_000693 1.000 40.5 8.0 116.2 47.5
picture_000693 0.999 63.1 15.8 245.4 98.8
picture_000693 0.995 38.3 180.4 123.2 246.2
picture_000693 0.994 1.0 162.1 88.5 174.8
picture_000693 0.992 212.2 83.5 240.6 97.1
picture_000693 0.990 115.5 214.4 188.4 261.5
picture_000693 0.986 154.0 51.8 328.0 61.0
picture_000693 0.213 94.8 226.5 150.4 282.3
picture_000693 0.087 183.0 1.0 252.4 1.0
picture_000694 1.000 45.1 6.0 157.0 111.5
picture_000694 1.000 48.5 1.0 120.0 20.1
picture_000694 1.000 108.3 101.4 157.0 141.0
picture_000694 0.999 122.9 1.0 157.0 13.1
picture_000694 0.999 1.0 27.9 157.0 51.4
picture_000694 0.999 142.3 61.6 157.0 140.7
picture_000694 0.999 22.8 1.0 157.0 38.0
picture_000694 0.998 13.0 1.0 141.4 1.0
picture_000694 0.996 1.0 1.0 93.2 120.2
picture_000694 0.996 157.0 103.1 157.0 120.8
picture_000694 0.993 1.0 114.1 87.2 141.0
picture_000694 0.990 1.0 1.0 157.0 8.3
picture_000694 0.965 1.0 58.6 157.0 83.8
picture_000694 0.823 157.0 1.0 157.0 1.8
picture_000694 0.485 135.5 141.0 157.0 141.0
picture_000695 0.999 1.0 595.4 13.5 672.2
picture_000695 0.997 7.0 596.0 65.3 681.6
picture_000695 0.992 1.0 649.0 1.0 701.6
picture_000695 0.984 10.6 680.3 75.6 693.4
picture_000695 0.878 1.0 713.0 1.0 713.0
picture_000695 0.720 1.0 510.2 1.0 576.5
picture_000695 0.662 1.0 697.6 1.0 713.0
picture_000695 0.304 1.0 619.6 1.0 646.8
picture_000696 1.000 163.5 76.3 189.0 178.8
picture_000696 1.000 103.0 116.4 181.2 171.3
picture_000696 1.000 126.2 1.0 183.5 68.6
picture_000696 1.000 96.4 6.7 184.5 182.0
picture_000696 1.000 164.5 65.0 189.0 104.6
picture_000696 0.999 189.0 153.1 189.0 182.0
picture_000696 0.999 1.0 32.0 177.2 81.0
picture_000696 0.999 154.3 182.0 189.0 182.0
picture_000696 0.999 9.1 170.7 189.0 182.0
picture_000696 0.993 189.0 181.6 189.0 182.0
picture_000696 0.978 183.3 166.0 189.0 177.1
picture_000696 0.935 1.0 180.8 189.0 182.0
picture_000696 0.883 189.0 74.5 189.0 93.0
picture_000701 1.000 99.0 9.9 126.0 108.0
picture_000701 1.000 11.1 1.0 77.2 53.1
picture_000701 1.000 1.0 38.4 38.3 108.0
picture_000701 0.999 121.7 33.9 126.0 108.0
picture_000701 0.999 61.3 108.0 126.0 108.0
picture_000701 0.998 126.0 1.6 126.0 108.0
picture_000701 0.998 30.7 8.3 126.0 108.0
picture_000701 0.998 26.5 1.0 126.0 1.0
picture_000701 0.997 91.4 1.0 119.5 1.0
picture_000701 0.983 82.0 105.7 117.8 108.0
picture_000701 0.954 126.0 1.0 126.0 1.0
picture_000701 0.464 1.0 97.0 126.0 108.0
picture_000703 1.000 35.4 265.2 160.8 295.3
picture_000703 1.000 107.9 177.6 192.0 252.1
picture_000703 1.000 158.0 214.8 192.0 292.1
picture_000703 1.000 85.0 297.0 192.0 297.0
picture_000703 0.999 192.0 242.6 192.0 260.0
picture_000703 0.999 85.7 106.6 192.0 196.7
picture_000703 0.998 164.1 297.0 192.0 297.0
picture_000703 0.997 1.0 174.4 190.6 210.9
picture_000703 0.974 52.0 111.0 159.7 117.8
picture_000703 0.966 158.1 50.8 192.0 66.1
picture_000703 0.643 192.0 282.2 192.0 297.0
picture_000703 0.177 192.0 146.0 192.0 157.0
picture_000703 0.136 179.7 231.1 192.0 234.8
picture_000704 1.000 99.7 1.0 129.0 119.0
picture_000704 1.000 1.0 1.0 129.0 119.0
picture_000704 0.999 129.0 40.0 129.0 106.7
picture_000704 0.998 1.0 1.0 127.9 18.2
picture_000704 0.997 1.0 119.0 48.3 119.0
picture_000704 0.996 54.3 119.0 107.9 119.0
picture_000704 0.992 1.0 1.0 36.3 50.0
picture_000704 0.294 103.7 92.4 129.0 119.0
picture_000704 0.217 1.0 92.8 59.3 119.0
picture_000705 0.999 90.4 97.6 220.0 155.6
picture_000705 0.999 85.1 20.9 196.1 66.1
picture_000705 0.999 113.0 86.3 173.4 127.0
picture_000705 0.999 1.0 15.5 79.2 59.0
picture_000705 0.998 1.0 20.1 153.9 158.2
picture_000705 0.998 1.0 141.0 143.5 167.4
picture_000705 0.998 1.0 75.4 220.0 98.2
picture_000705 0.997 24.4 1.0 90.0 1.0
picture_000705 0.995 1.0 1.0 220.0 10.4
picture_000705 0.994 1.0 137.1 31.8 152.7
picture_000705 0.989 128.4 9.7 152.4 28.0
picture_000705 0.638 208.4 1.0 220.0 1.0
picture_000705 0.490 1.0 49.1 1.0 72.6
picture_000705 0.480 1.0 90.7 220.0 120.6
picture_000705 0.444 1.0 123.8 21.5 173.3
picture_000705 0.367 1.0 11.3 1.0 31.1
picture_000705 0.341 1.0 132.0 220.0 153.0
picture_000705 0.189 98.7 28.5 220.0 43.2
picture_000705 0.124 180.5 112.8 193.2 127.6
picture_000706 1.000 1.0 169.9 39.2 209.6
picture_000706 0.999 1.0 221.1 12.3 237.9
picture_000706 0.999 15.4 228.3 67.5 242.9
picture_000706 0.998 12.6 82.4 68.9 130.9
picture_000706 0.992 1.0 180.2 21.0 192.9
picture_000706 0.127 1.0 150.9 1.0 159.8
picture_000707 1.000 7.7 125.6 98.1 202.8
picture_000707 1.000 1.0 1.0 52.5 224.7
picture_000707 1.000 1.0 46.7 35.6 139.5
picture_000707 0.999 1.0 225.0 93.5 229.0
picture_000707 0.999 1.0 1.0 2.3 88.7
picture_000707 0.999 1.0 98.1 171.1 142.7
picture_000707 0.996 1.0 229.0 1.0 229.0
picture_000707 0.994 24.8 1.0 202.0 61.3
picture_000707 0.987 1.0 120.4 1.0 157.7
picture_000709 1.000 1.4 131.7 74.2 167.4
picture_000709 1.000 52.9 170.5 117.0 205.8
picture_000709 0.999 1.0 174.0 45.2 204.3
picture_000709 0.999 1.0 145.0 144.7 158.6
picture_000709 0.999 1.0 226.0 135.2 238.4
picture_000709 0.999 1.0 186.7 15.4 199.1
picture_000709 0.998 1.0 154.0 165.0 227.3
picture_000709 0.998 1.0 80.8 152.7 100.0
picture_000709 0.998 33.1 185.1 72.0 197.5
picture_000709 0.997 1.0 159.8 1.0 184.7
picture_000709 0.992 1.0 46.4 36.2 57.1
picture_000709 0.975 1.0 32.0 154.1 100.6
picture_000709 0.736 1.0 188.0 1.0 193.9
picture_000709 0.380 86.3 85.5 165.0 93.4
picture_000709 0.084 70.0 40.6 120.7 45.4
picture_000709 0.079 53.4 179.7 107.8 184.9
picture_000709 0.074 1.0 22.0 165.0 49.1
picture_000709 0.051 1.0 93.5 1.0 106.3
picture_000718 0.999 1.0 99.8 48.6 148.7
picture_000718 0.999 3.9 172.7 92.9 214.0
picture_000718 0.999 2.0 168.7 50.4 192.5
picture_000718 0.999 1.0 138.8 166.0 160.3
picture_000718 0.998 64.2 55.6 139.0 145.9
picture_000718 0.998 85.8 135.3 123.5 155.9
picture_000718 0.997 1.0 204.6 53.1 214.0
picture_000718 0.996 10.1 74.5 32.2 100.5
picture_000718 0.994 1.0 183.1 122.8 194.8
picture_000718 0.992 83.9 20.8 122.0 55.8
picture_000718 0.990 1.0 97.1 21.3 106.1
picture_000718 0.929 114.1 61.3 166.0 82.6
picture_000718 0.637 13.2 185.3 34.8 197.3
picture_000718 0.506 94.6 66.0 145.9 73.2
picture_000718 0.497 83.9 214.0 166.0 214.0
picture_000718 0.340 67.8 148.6 166.0 169.8
picture_000718 0.107 86.6 1.0 150.9 1.0
picture_000718 0.056 1.0 1.0 10.9 1.0
picture_000718 0.051 8.1 28.4 30.1 33.6
picture_000722 0.999 1.0 106.1 56.8 317.3
picture_000722 0.999 4.9 139.4 60.2 197.8
picture_000722 0.999 2.4 35.9 51.1 129.5
picture_000722 0.999 1.0 72.6 1.0 139.1
picture_000722 0.997 5.7 98.0 61.8 132.2
picture_000722 0.995 14.4 128.7 183.9 168.1
picture_000722 0.967 1.0 164.3 31.9 180.6
picture_000723 1.000 90.1 1.0 132.5 78.0
picture_000723 1.000 66.9 21.8 103.4 102.6
picture_000723 1.000 56.1 1.0 125.1 2.6
picture_000723 1.000 44.0 38.3 85.1 251.0
picture_000723 0.999 63.1 1.0 207.4 198.4
picture_000723 0.999 81.0 40.2 96.8 84.7
picture_000723 0.999 91.7 1.0 127.9 1.0
picture_000723 0.551 19.3 99.0 28.9 220.9
picture_000723 0.256 1.0 36.3 1.0 71.2
picture_000723 0.067 1.0 1.0 1.0 1.0
picture_000724 1.000 294.6 259.3 323.0 336.2
picture_000724 1.000 289.9 347.8 323.0 354.0
picture_000724 1.000 293.8 328.4 323.0 354.0
picture_000724 0.998 323.0 259.5 323.0 335.0
picture_000724 0.998 259.2 131.4 315.6 318.7
picture_000724 0.992 323.0 100.8 323.0 324.7
picture_000724 0.973 257.2 354.0 301.7 354.0
picture_000726 1.000 1.2 52.1 103.5 161.0
picture_000726 1.000 38.1 1.0 110.0 17.4
picture_000726 1.000 75.0 57.6 202.0 99.3
picture_000726 1.000 1.0 1.0 1.0 189.0
picture_000726 0.999 1.0 63.5 1.0 106.3
picture_000726 0.998 1.0 189.0 1.0 189.0
picture_000726 0.970 1.0 1.0 40.1 1.0
picture_000726 0.962 28.5 189.0 81.1 189.0
picture_000726 0.949 1.0 176.5 1.0 189.0
picture_000726 0.863 1.0 1.0 1.0 1.0
picture_000726 0.757 18.7 1.0 202.0 37.7
picture_000726 0.605 66.4 189.0 202.0 189.0
picture_000726 0.119 1.0 1.0 4.4 1.0
picture_000727 1.000 256.1 580.3 291.7 676.0
picture_000727 0.999 281.2 511.0 302.0 666.1
picture_000727 0.999 296.3 676.0 302.0 676.0
picture_000727 0.999 297.9 617.0 302.0 651.3
picture_000727 0.998 297.3 531.7 302.0 574.2
picture_000727 0.951 302.0 474.1 302.0 589.1
picture_000727 0.921 302.0 676.0 302.0 676.0
picture_000727 0.913 302.0 227.6 302.0 676.0
picture_000727 0.390 254.0 360.3 290.6 517.3
picture_000727 0.334 302.0 528.7 302.0 546.1
picture_000728 1.000 38.9 140.7 84.1 213.7
picture_000728 1.000 1.0 133.3 31.3 212.7
picture_000728 1.000 26.5 87.2 140.0 172.4
picture_000728 1.000 1.0 236.8 133.2 241.0
picture_000728 0.999 1.0 190.4 1.0 241.0
picture_000728 0.999 91.6 1.0 159.5 25.9
picture_000728 0.999 1.0 21.1 122.6 92.3
picture_000728 0.999 1.0 134.7 90.9 161.0
picture_000728 0.998 1.0 23.6 1.0 81.3
picture_000728 0.998 1.0 58.7 213.0 241.0
picture_000728 0.993 142.9 53.6 213.0 123.9
picture_000728 0.985 51.8 241.0 196.2 241.0
picture_000728 0.974 1.0 207.9 81.7 241.0
picture_000728 0.974 33.4 163.9 77.3 180.5
picture_000728 0.913 1.0 142.3 1.0 211.3
picture_000728 0.845 1.0 1.0 7.9 240.1
picture_000728 0.667 1.0 1.0 1.0 1.0
picture_000728 0.142 1.0 241.0 1.0 241.0
picture_000728 0.112 1.0 171.8 1.0 184.5
picture_000730 1.000 268.2 443.0 330.2 571.0
picture_000730 1.000 215.2 524.1 307.8 571.0
picture_000730 1.000 233.1 415.4 334.9 456.9
picture_000730 0.995 292.8 544.3 335.0 559.8
picture_000730 0.993 130.0 410.0 282.2 431.6
picture_000730 0.989 335.0 494.8 335.0 547.1
picture_000730 0.984 226.8 258.5 335.0 527.2
picture_000730 0.899 288.7 298.6 335.0 354.6
picture_000731 1.000 244.2 217.1 282.0 354.2
picture_000731 0.999 193.3 2.2 282.0 257.6
picture_000731 0.997 151.8 149.5 266.5 416.4
picture_000731 0.997 282.0 173.2 282.0 233.5
picture_000731 0.997 198.7 375.0 276.0 422.1
picture_000731 0.996 245.7 243.8 282.0 266.7
picture_000731 0.994 143.8 181.2 260.7 247.2
picture_000731 0.992 43.4 157.2 282.0 220.0
picture_000731 0.980 252.0 1.0 282.0 215.6
picture_000731 0.787 282.0 249.7 282.0 292.8
picture_000731 0.608 7.4 281.3 282.0 371.3
picture_000732 1.000 88.9 21.9 164.0 110.8
picture_000732 1.000 1.0 21.9 98.3 105.3
picture_000732 1.000 1.0 1.0 22.7 18.1
picture_000732 1.000 1.0 1.0 164.0 55.2
picture_000732 0.999 67.0 71.7 111.3 144.0
picture_000732 0.999 1.0 144.0 24.6 144.0
picture_000732 0.999 22.3 60.6 39.6 132.8
picture_000732 0.999 1.0 1.0 164.0 1.0
picture_000732 0.999 1.0 37.0 1.0 120.6
picture_000732 0.999 1.0 1.0 1.0 55.7
picture_000732 0.998 1.0 143.3 89.7 144.0
picture_000732 0.997 1.0 64.4 96.4 73.5
picture_000732 0.997 58.8 1.0 105.8 1.0
picture_000732 0.997 1.0 122.5 1.0 144.0
picture_000732 0.975 1.0 51.7 164.0 76.5
picture_000732 0.971 82.8 42.1 111.5 53.5
picture_000732 0.857 1.0 66.2 1.0 90.2
picture_000732 0.824 1.0 1.0 1.0 4.6
picture_000732 0.264 47.1 144.0 88.5 144.0
picture_000732 0.130 1.0 1.0 46.1 1.0
picture_000732 0.055 1.0 1.0 1.0 1.0
picture_000733 1.000 79.9 54.2 187.0 195.4
picture_000733 1.000 23.0 1.0 143.6 187.2
picture_000733 1.000 4.9 1.0 81.4 63.1
picture_000733 1.000 83.0 1.0 186.5 1.0
picture_000733 1.000 140.3 53.8 179.5 93.0
picture_000733 0.999 28.4 48.5 46.0 148.6
picture_000733 0.999 1.0 81.8 28.0 155.1
picture_000733 0.999 150.4 1.0 206.4 80.3
picture_000733 0.998 145.3 75.2 200.9 203.0
picture_000733 0.975 1.0 1.0 1.0 10.3
picture_000733 0.877 1.0 1.0 14.4 1.0
picture_000733 0.856 44.2 89.1 78.0 203.0
picture_000733 0.823 1.0 1.0 1.0 1.0
picture_000733 0.679 1.0 1.0 1.0 116.5
picture_000733 0.593 205.5 98.9 213.0 188.5
picture_000733 0.476 134.7 1.0 146.2 1.0
picture_000733 0.089 213.0 69.8 213.0 141.9
picture_000738 1.000 75.7 333.5 124.3 415.0
picture_000738 1.000 88.7 368.9 161.0 415.0
picture_000738 1.000 94.6 166.5 216.1 415.0
picture_000738 0.999 128.4 305.3 181.0 411.2
picture_000738 0.999 39.9 43.8 146.5 394.8
picture_000738 0.999 1.0 409.9 72.9 415.0
picture_000738 0.999 40.1 403.3 143.4 415.0
picture_000738 0.997 229.3 415.0 266.7 415.0
picture_000738 0.996 117.7 415.0 136.0 415.0
picture_000738 0.996 1.0 294.1 1.0 415.0
picture_000738 0.988 1.0 142.1 1.0 372.4
picture_000738 0.892 146.6 265.6 159.1 383.2
picture_000738 0.223 87.1 415.0 101.0 415.0
picture_000738 0.165 1.0 387.0 1.0 415.0
picture_000740 1.000 209.8 172.5 304.6 225.5
picture_000740 1.000 229.5 147.0 305.0 172.8
picture_000740 1.000 143.1 213.3 287.3 408.0
picture_000740 0.999 44.3 90.4 296.6 240.8
picture_000740 0.999 206.5 318.0 300.1 341.0
picture_000740 0.999 206.3 1.0 304.1 96.9
picture_000740 0.998 47.4 182.7 287.1 211.1
picture_000740 0.997 305.0 104.8 305.0 160.5
picture_000740 0.991 255.3 78.2 305.0 89.8
picture_000740 0.991 66.3 60.7 305.0 134.9
picture_000740 0.846 4.6 87.5 290.5 102.5
picture_000740 0.055 56.3 332.1 247.4 340.0
picture_000741 1.000 72.4 65.7 189.1 140.6
picture_000741 1.000 168.0 60.4 241.0 84.2
picture_000741 1.000 3.5 57.6 185.9 85.8
picture_000741 0.999 122.3 1.0 197.9 43.3
picture_000741 0.999 241.7 123.7 268.0 148.1
picture_000741 0.999 88.0 163.9 235.1 208.0
picture_000741 0.999 44.0 117.3 104.2 142.0
picture_000741 0.997 125.2 4.9 208.1 16.4
picture_000741 0.969 82.5 213.9 192.4 243.0
picture_000741 0.617 75.2 1.0 184.4 1.0
picture_000741 0.116 1.0 79.1 1.0 95.9
picture_000742 1.000 1.0 23.9 49.7 99.9
picture_000742 1.000 25.1 108.7 141.4 162.0
picture_000742 1.000 1.0 89.8 109.7 118.3
picture_000742 1.000 1.0 102.0 1.0 140.8
picture_000742 0.999 1.0 50.5 1.0 114.0
picture_000742 0.999 27.6 13.1 209.0 38.2
picture_000742 0.998 8.5 1.0 86.1 1.0
picture_000742 0.998 1.0 1.0 1.0 24.5
picture_000742 0.998 1.0 151.1 1.0 162.0
picture_000742 0.998 1.0 17.1 209.0 145.5
picture_000742 0.525 21.8 162.0 209.0 162.0
picture_000742 0.425 1.0 162.0 1.0 162.0
picture_000742 0.196 1.0 1.0 1.0 1.0
picture_000742 0.171 1.0 54.5 1.0 67.2
picture_000743 1.000 142.1 159.7 279.2 258.3
picture_000743 1.000 119.7 189.6 177.0 227.1
picture_000743 1.000 1.0 98.4 211.8 234.0
picture_000743 1.000 265.9 159.6 308.0 254.8
picture_000743 0.999 132.1 306.6 226.3 322.0
picture_000743 0.999 137.9 6.7 274.8 121.4
picture_000743 0.996 135.8 202.4 298.0 216.2
picture_000743 0.985 308.0 181.3 308.0 228.9
picture_000743 0.116 1.0 181.5 1.0 218.5
picture_000744 1.000 23.7 118.5 84.0 169.0
picture_000744 1.000 27.0 86.2 139.0 165.5
picture_000744 1.000 84.8 105.2 123.1 124.6
picture_000744 0.999 64.0 180.5 139.0 206.0
picture_000744 0.999 51.2 140.7 139.0 232.0
picture_000744 0.999 1.0 27.1 76.3 190.1
picture_000744 0.999 1.0 179.1 41.4 208.3
picture_000744 0.999 1.0 190.8 8.8 222.4
picture_000744 0.998 51.1 179.6 85.7 197.7
picture_000744 0.997 1.0 82.1 1.0 167.8
picture_000744 0.996 1.0 130.6 7.4 205.8
picture_000744 0.995 1.0 117.9 139.0 138.2
picture_000744 0.994 1.0 133.7 139.0 153.2
picture_000744 0.940 1.0 145.5 1.0 155.8
picture_000744 0.907 1.0 1.0 100.7 6.0
picture_000744 0.829 1.0 60.7 1.0 80.4
picture_000744 0.318 1.0 1.0 87.0 24.0
picture_000744 0.287 1.0 54.1 16.7 59.7
picture_000744 0.120 1.0 159.4 1.0 176.3
