picture_000033 0.057 89.4 17.4 149.8 79.0
picture_000044 0.983 30.8 653.5 74.6 710.1
picture_000044 0.965 25.4 630.7 83.0 667.2
picture_000044 0.934 3.0 563.6 24.7 632.6
picture_000044 0.855 1.0 622.5 17.5 665.8
picture_000044 0.794 117.6 568.9 138.3 631.8
picture_000044 0.200 53.0 614.8 69.1 651.0
picture_000044 0.119 133.4 634.9 173.3 677.5
picture_000044 0.078 1.0 660.0 7.0 697.4
picture_000044 0.070 161.1 703.5 181.1 718.0
picture_000044 0.063 1.0 717.4 1.0 718.0
picture_000045 0.999 1.0 64.1 55.8 96.5
picture_000045 0.998 15.4 95.9 62.0 164.0
picture_000045 0.998 52.7 71.3 94.2 113.4
picture_000045 0.996 1.0 27.9 92.3 86.1
picture_000045 0.996 93.0 110.3 116.9 147.7
picture_000045 0.995 64.1 145.4 164.7 163.4
picture_000045 0.993 51.8 111.6 103.6 164.0
picture_000045 0.992 65.8 56.0 83.4 96.0
picture_000045 0.990 1.0 119.3 23.6 164.0
picture_000045 0.980 1.0 156.4 52.7 164.0
picture_000045 0.976 29.9 79.6 171.0 164.0
picture_000045 0.807 66.1 137.1 79.0 164.0
picture_000045 0.114 146.7 69.0 163.3 82.8
picture_000045 0.054 1.0 1.0 16.9 1.0
picture_000046 0.999 1.0 111.0 38.9 149.2
picture_000046 0.999 1.0 114.2 7.9 147.9
picture_000046 0.997 1.0 135.2 10.4 161.7
picture_000046 0.996 22.8 147.3 58.9 163.0
picture_000046 0.991 1.0 111.9 156.9 149.1
picture_000046 0.984 1.0 36.0 66.6 132.6
picture_000046 0.949 1.0 142.1 170.0 163.0
picture_000046 0.908 41.7 163.0 93.3 163.0
picture_000046 0.882 1.0 163.0 15.0 163.0
picture_000046 0.837 30.8 1.0 107.9 153.4
picture_000046 0.672 1.0 160.5 1.0 163.0
picture_000046 0.170 1.0 72.5 1.0 136.3
picture_000047 0.994 58.4 264.4 143.6 323.0
picture_000047 0.993 84.9 106.5 116.8 323.0
picture_000047 0.988 12.3 99.3 91.9 306.1
picture_000047 0.986 116.0 238.9 134.1 315.5
picture_000047 0.984 31.0 187.0 44.9 298.1
picture_000047 0.983 67.4 306.9 105.9 323.0
picture_000047 0.943 69.8 17.7 185.3 323.0
picture_000047 0.914 66.1 1.0 86.7 311.2
picture_000047 0.776 1.0 93.0 22.0 279.9
picture_000047 0.557 77.8 241.3 86.7 308.3
picture_000047 0.511 1.0 226.1 1.0 294.1
picture_000047 0.456 1.0 318.6 1.0 323.0
picture_000047 0.384 79.6 144.6 95.6 249.5
picture_000047 0.335 203.0 225.6 203.0 292.9
picture_000047 0.158 58.3 323.0 76.8 323.0
picture_000047 0.065 119.5 288.3 134.2 320.6
picture_000049 0.999 1.0 163.9 42.4 178.7
picture_000049 0.999 6.5 187.0 116.9 187.0
picture_000049 0.997 6.9 178.8 143.0 187.0
picture_000049 0.996 1.0 164.4 143.0 179.8
picture_000049 0.993 1.0 187.0 1.0 187.0
picture_000049 0.991 1.0 135.6 57.6 167.2
picture_000049 0.733 1.0 139.3 1.0 167.6
picture_000049 0.609 34.6 67.6 143.0 167.0
picture_000049 0.597 1.0 157.5 19.6 173.8
picture_000049 0.441 1.0 175.8 1.0 186.9
picture_000049 0.093 1.0 184.6 1.0 187.0
picture_000049 0.056 18.8 44.5 54.9 187.0
picture_000170 0.992 1.0 559.8 46.9 611.4
picture_000170 0.991 1.0 625.3 47.6 711.4
picture_000170 0.965 45.5 512.8 81.2 535.8
picture_000170 0.964 51.8 630.9 169.9 683.2
picture_000170 0.958 1.0 597.8 5.4 648.3
picture_000170 0.956 1.0 616.6 1.0 641.9
picture_000170 0.901 40.1 520.8 147.7 582.4
picture_000170 0.654 1.0 674.1 1.0 687.6
picture_000170 0.530 51.8 674.3 138.1 726.0
picture_000170 0.449 1.0 458.5 1.0 473.6
picture_000170 0.154 29.1 582.7 74.6 593.3
picture_000189 0.097 22.6 116.7 114.5 177.6
picture_000217 0.053 14.3 68.3 104.2 133.0
picture_000242 0.100 216.7 112.4 303.2 341.0
picture_000251 0.058 3.1 325.4 93.6 361.1
picture_000251 0.052 106.0 456.1 174.6 633.8
picture_000258 0.075 241.5 68.4 373.3 128.5
picture_000496 0.272 182.3 347.1 270.9 406.4
picture_000496 0.175 168.3 403.2 292.9 432.0
picture_000497 0.996 93.9 30.2 130.9 111.5
picture_000497 0.991 65.6 1.0 152.2 76.1
picture_000497 0.988 139.8 36.4 173.0 117.3
picture_000497 0.987 110.8 52.1 173.0 169.2
picture_000497 0.986 106.2 1.0 173.0 34.6
picture_000497 0.986 94.6 1.0 126.7 16.5
picture_000497 0.983 101.8 166.3 129.7 195.5
picture_000497 0.958 160.8 2.5 172.3 44.6
picture_000497 0.944 166.5 1.0 173.0 11.1
picture_000497 0.544 158.2 144.7 173.0 165.2
picture_000497 0.536 126.4 1.0 140.8 1.0
picture_000497 0.511 159.1 1.0 171.4 1.0
picture_000497 0.240 1.0 56.4 59.1 72.0
picture_000497 0.139 173.0 1.0 173.0 1.0
picture_000497 0.124 44.4 26.4 83.7 36.7
picture_000499 0.999 30.2 149.6 200.2 239.6
picture_000499 0.999 48.2 101.1 243.3 182.5
picture_000499 0.996 144.8 91.7 171.1 142.8
picture_000499 0.992 38.5 67.2 118.2 119.7
picture_000499 0.989 145.9 117.9 217.8 174.3
picture_000499 0.989 220.9 8.4 245.0 84.5
picture_000499 0.898 71.8 1.0 245.0 84.3
picture_000499 0.799 172.5 129.5 190.9 158.4
picture_000500 0.975 162.8 441.5 201.0 619.5
picture_000500 0.969 206.6 451.2 231.4 614.6
picture_000500 0.939 166.2 494.8 207.7 538.3
picture_000500 0.918 225.6 448.2 248.0 514.7
picture_000500 0.913 142.2 425.1 168.6 464.2
picture_000500 0.908 168.2 438.0 214.1 479.6
picture_000500 0.798 84.7 457.6 148.4 524.3
picture_000500 0.670 137.9 512.1 156.3 534.9
picture_000501 0.999 186.9 330.8 281.1 409.1
picture_000501 0.997 233.9 330.2 245.9 399.1
picture_000501 0.995 222.3 371.5 324.2 435.0
picture_000501 0.993 53.7 244.8 197.4 326.4
picture_000501 0.987 188.0 166.3 281.9 369.5
picture_000501 0.981 67.6 277.8 252.2 381.2
picture_000501 0.976 188.0 266.0 210.2 288.0
picture_000501 0.962 222.2 131.4 253.3 246.6
picture_000501 0.934 285.2 273.3 290.6 367.3
picture_000503 0.996 17.2 196.9 103.2 236.8
picture_000503 0.995 38.6 75.9 84.4 147.0
picture_000503 0.993 82.4 112.0 129.1 168.9
picture_000503 0.992 25.0 159.2 98.5 335.0
picture_000503 0.992 1.0 88.2 61.3 125.6
picture_000503 0.991 113.2 172.7 144.2 243.0
picture_000503 0.955 49.9 1.0 106.7 163.5
picture_000503 0.920 81.2 220.4 95.9 335.0
picture_000503 0.905 87.4 136.9 100.6 194.5
picture_000503 0.803 98.1 87.9 107.7 147.5
picture_000504 0.997 52.9 48.5 167.0 121.5
picture_000504 0.994 104.0 1.0 155.3 20.0
picture_000504 0.993 25.1 1.0 119.7 11.1
picture_000504 0.992 165.7 1.0 167.0 103.6
picture_000504 0.992 157.7 113.2 167.0 161.0
picture_000504 0.991 122.1 58.2 167.0 105.2
picture_000504 0.990 27.4 96.3 128.7 161.0
picture_000504 0.985 157.8 1.0 167.0 110.8
picture_000504 0.983 80.7 81.1 145.6 101.6
picture_000504 0.938 167.0 1.0 167.0 13.0
picture_000504 0.932 167.0 106.3 167.0 144.8
picture_000504 0.883 167.0 1.0 167.0 1.0
picture_000504 0.854 117.6 161.0 162.5 161.0
picture_000504 0.843 167.0 24.2 167.0 79.4
picture_000504 0.838 13.8 161.0 123.9 161.0
picture_000504 0.812 1.0 1.0 127.4 1.7
picture_000504 0.199 167.0 79.9 167.0 110.1
picture_000504 0.163 88.0 1.0 167.0 64.0
picture_000504 0.084 120.2 1.0 160.6 1.0
picture_000504 0.082 167.0 161.0 167.0 161.0
picture_000504 0.078 134.6 1.0 167.0 150.1
picture_000504 0.054 1.0 150.6 118.9 161.0
picture_000505 0.998 1.0 143.7 47.6 220.0
picture_000505 0.998 1.0 220.0 13.4 220.0
picture_000505 0.998 1.0 207.6 25.2 220.0
picture_000505 0.995 1.0 220.0 129.2 220.0
picture_000505 0.989 1.0 157.3 1.0 218.2
picture_000505 0.982 1.0 57.3 1.0 197.4
picture_000505 0.962 1.0 1.0 63.6 220.0
picture_000505 0.924 1.0 220.0 1.0 220.0
picture_000506 0.999 1.0 11.3 91.5 66.4
picture_000506 0.998 1.0 82.5 57.0 119.3
picture_000506 0.998 41.1 68.6 107.0 119.5
picture_000506 0.994 1.0 55.9 138.8 87.3
picture_000506 0.992 130.0 1.0 142.0 37.3
picture_000506 0.992 26.4 53.9 67.6 82.4
picture_000506 0.987 1.0 132.4 33.2 140.0
picture_000506 0.979 26.9 1.0 56.0 5.2
picture_000506 0.977 1.0 1.0 1.0 42.6
picture_000506 0.976 1.0 140.0 38.0 140.0
picture_000506 0.972 128.0 119.0 142.0 140.0
picture_000506 0.969 1.0 80.1 142.0 140.0
picture_000506 0.922 13.3 65.2 116.3 73.9
picture_000506 0.918 99.9 140.0 142.0 140.0
picture_000506 0.914 81.5 1.0 142.0 1.0
picture_000506 0.904 1.0 9.5 15.6 20.1
picture_000506 0.708 1.0 82.5 1.0 116.0
picture_000506 0.653 1.0 1.0 19.2 1.0
picture_000506 0.611 1.0 1.0 1.0 2.5
picture_000506 0.248 1.0 140.0 1.0 140.0
picture_000506 0.093 59.8 36.8 142.0 66.4
picture_000506 0.062 30.9 1.0 67.3 1.0
picture_000508 0.998 111.5 16.6 247.7 140.8
picture_000508 0.997 127.6 78.4 215.4 244.0
picture_000508 0.997 205.9 1.0 277.8 88.4
picture_000508 0.996 159.5 105.4 279.0 168.9
picture_000508 0.985 256.3 108.8 279.0 276.0
picture_000508 0.983 161.7 51.6 180.2 148.9
picture_000508 0.979 33.9 121.9 279.0 276.0
picture_000508 0.845 5.0 1.0 178.2 160.5
picture_000508 0.599 194.2 125.9 210.5 164.0
picture_000508 0.485 70.5 1.0 97.1 1.0
picture_000508 0.095 256.1 1.0 279.0 1.0
picture_000511 0.999 99.7 100.7 183.3 144.9
picture_000511 0.997 44.3 191.9 147.4 227.6
picture_000511 0.994 127.4 78.2 165.0 122.6
picture_000511 0.992 1.0 74.4 154.4 107.3
picture_000511 0.992 71.8 88.6 169.2 194.0
picture_000511 0.990 172.2 134.5 196.0 176.0
picture_000511 0.988 41.8 33.3 183.5 77.8
picture_000511 0.983 32.6 126.5 196.0 154.5
picture_000511 0.978 42.4 148.9 196.0 251.8
picture_000511 0.716 1.0 56.8 196.0 154.3
picture_000511 0.363 76.7 13.1 101.2 37.3
picture_000511 0.244 1.0 101.2 61.3 148.1
picture_000511 0.062 96.8 1.0 135.0 2.5
picture_000512 0.997 107.5 85.7 176.0 128.5
picture_000512 0.995 39.3 161.3 138.9 193.3
picture_000512 0.990 86.6 111.1 176.0 186.9
picture_000512 0.988 59.6 76.6 176.0 104.8
picture_000512 0.975 176.0 136.7 176.0 183.5
picture_000512 0.971 153.9 135.3 176.0 175.5
picture_000512 0.959 57.2 213.0 121.2 213.0
picture_000512 0.956 52.3 34.7 176.0 145.0
picture_000512 0.870 159.4 74.7 176.0 117.1
picture_000512 0.663 9.7 132.7 127.7 171.5
picture_000512 0.279 176.0 49.5 176.0 75.1
picture_000512 0.221 23.0 31.9 99.0 90.4
picture_000512 0.176 176.0 181.4 176.0 199.7
picture_000512 0.126 1.0 144.5 176.0 211.0
picture_000512 0.081 3.6 188.1 96.7 213.0
picture_000512 0.070 130.5 1.0 170.6 60.3
picture_000534 0.061 44.5 79.9 232.3 190.7
picture_000587 0.064 1.0 463.3 91.1 517.0
picture_000608 0.086 159.3 60.8 246.0 244.0
picture_000611 0.087 102.2 67.4 189.9 164.0
picture_000648 0.998 1.0 220.8 117.5 270.1
picture_000648 0.997 1.0 189.9 55.5 233.1
picture_000648 0.997 1.0 160.3 1.0 215.2
picture_000648 0.997 1.0 239.8 8.8 301.2
picture_000648 0.994 1.0 198.2 13.6 242.2
picture_000648 0.994 20.0 260.6 148.0 281.0
picture_000648 0.985 1.0 77.6 65.2 181.6
picture_000648 0.984 46.4 125.6 148.0 139.8
picture_000648 0.971 32.8 321.3 148.0 391.4
picture_000648 0.944 1.0 125.9 148.0 288.1
picture_000648 0.573 7.2 64.7 75.7 85.7
picture_000648 0.111 3.0 235.4 47.8 249.6
picture_000649 0.999 63.2 245.6 124.3 284.6
picture_000649 0.994 58.0 291.9 138.2 301.0
picture_000649 0.994 1.0 243.7 63.5 288.7
picture_000649 0.985 4.6 241.1 249.0 287.6
picture_000649 0.984 138.3 190.5 168.2 237.6
picture_000649 0.969 86.6 219.3 116.1 256.5
picture_000649 0.968 35.5 137.8 89.7 167.6
picture_000649 0.919 177.6 239.8 249.0 272.1
picture_000649 0.916 53.7 160.0 97.8 205.7
picture_000649 0.847 79.2 173.3 96.3 210.7
picture_000649 0.709 93.3 214.1 114.6 228.5
picture_000649 0.333 54.8 125.1 136.1 228.1
picture_000649 0.247 100.3 189.5 120.7 212.5
picture_000650 0.996 1.0 428.4 138.3 481.3
picture_000650 0.986 1.0 457.5 188.5 512.2
picture_000650 0.974 1.0 395.4 130.8 442.2
picture_000650 0.964 2.1 386.5 60.6 397.3
picture_000650 0.921 63.5 447.6 89.1 463.7
picture_000650 0.729 66.8 298.4 155.3 354.3
picture_000650 0.677 106.9 317.3 170.3 369.0
picture_000651 0.996 79.4 144.0 194.0 144.0
picture_000651 0.995 116.3 117.2 177.4 133.9
picture_000651 0.990 231.0 115.9 231.0 131.7
picture_000651 0.975 1.0 130.8 179.6 142.2
picture_000651 0.967 108.7 131.6 231.0 141.7
picture_000651 0.913 63.4 78.5 231.0 126.3
picture_000651 0.903 52.8 119.6 70.5 134.9
picture_000651 0.857 1.0 120.1 231.0 137.3
picture_000651 0.803 1.0 134.7 32.4 144.0
picture_000651 0.661 30.0 144.0 122.8 144.0
picture_000651 0.315 1.0 139.0 231.0 144.0
picture_000651 0.215 231.0 144.0 231.0 144.0
picture_000651 0.071 1.0 111.0 1.0 135.1
picture_000652 0.996 17.9 47.0 120.1 122.4
picture_000652 0.994 1.0 24.6 35.2 57.5
picture_000652 0.992 1.0 111.5 12.1 153.8
picture_000652 0.991 16.8 28.2 123.7 53.4
picture_000652 0.990 1.0 119.1 142.0 159.2
picture_000652 0.988 1.0 65.5 5.9 121.3
picture_000652 0.985 13.8 1.0 74.9 38.1
picture_000652 0.981 1.0 58.7 114.2 228.0
picture_000652 0.977 1.0 165.5 1.0 210.2
picture_000652 0.972 1.0 1.0 1.0 63.4
picture_000652 0.970 1.0 91.4 140.3 138.0
picture_000652 0.967 17.2 228.0 127.2 228.0
picture_000652 0.926 1.0 55.7 1.0 123.2
picture_000652 0.922 1.0 1.0 35.2 1.0
picture_000652 0.906 9.6 185.6 142.0 218.3
picture_000652 0.838 1.0 228.0 26.6 228.0
picture_000652 0.831 1.0 17.3 26.3 195.8
picture_000652 0.760 1.0 118.0 1.0 163.2
picture_000652 0.393 1.0 1.0 1.0 1.0
picture_000652 0.225 1.0 1.0 11.0 52.1
picture_000652 0.083 1.0 192.6 1.0 228.0
picture_000652 0.062 1.0 228.0 1.0 228.0
picture_000653 1.000 169.5 561.3 212.5 634.6
picture_000653 0.999 170.0 479.2 206.7 520.4
picture_000653 0.999 200.8 567.1 236.1 618.6
picture_000653 0.997 267.3 520.2 303.1 545.0
picture_000653 0.997 114.8 681.0 130.0 681.0
picture_000653 0.995 164.9 392.7 202.4 681.0
picture_000653 0.992 216.9 522.9 234.5 568.2
picture_000653 0.889 171.6 679.4 217.9 681.0
picture_000656 0.999 22.3 258.3 140.6 262.0
picture_000656 0.998 156.6 217.9 192.4 244.5
picture_000656 0.997 74.4 251.4 291.0 262.0
picture_000656 0.995 1.0 220.2 67.1 247.0
picture_000656 0.987 214.3 247.0 253.8 262.0
picture_000656 0.987 116.2 262.0 190.1 262.0
picture_000656 0.984 1.0 217.6 204.4 247.1
picture_000656 0.982 1.0 262.0 82.3 262.0
picture_000656 0.982 106.2 252.4 123.6 262.0
picture_000656 0.951 84.6 173.5 251.6 240.3
picture_000656 0.947 98.8 262.0 130.0 262.0
picture_000656 0.944 1.0 214.4 1.0 243.2
picture_000656 0.795 64.9 262.0 102.9 262.0
picture_000656 0.640 249.1 262.0 284.9 262.0
picture_000656 0.444 204.6 243.2 216.2 258.0
picture_000656 0.356 21.1 262.0 42.5 262.0
picture_000656 0.248 268.4 205.7 291.0 244.1
picture_000656 0.212 144.4 214.5 260.6 248.5
picture_000656 0.131 1.0 235.2 1.0 252.5
picture_000657 0.999 73.1 215.2 148.4 275.2
picture_000657 0.999 63.4 279.2 109.8 291.0
picture_000657 0.996 70.7 291.0 226.0 291.0
picture_000657 0.994 221.9 206.4 226.0 265.7
picture_000657 0.994 1.0 252.5 196.6 291.0
picture_000657 0.990 160.1 240.1 226.0 285.9
picture_000657 0.985 1.0 204.2 226.0 277.9
picture_000657 0.974 176.8 273.1 194.4 291.0
picture_000657 0.971 36.5 291.0 58.7 291.0
picture_000657 0.900 204.8 184.0 225.9 254.8
picture_000657 0.266 159.5 291.0 201.0 291.0
picture_000657 0.262 1.0 200.6 159.7 231.7
picture_000657 0.121 38.3 162.2 196.2 206.0
picture_000657 0.083 41.5 107.6 146.2 291.0
picture_000657 0.066 1.0 141.9 226.0 179.2
picture_000657 0.054 1.0 291.0 1.0 291.0
picture_000659 0.996 146.2 386.0 173.3 485.0
picture_000659 0.993 117.9 359.5 198.3 452.6
picture_000659 0.991 98.6 272.0 150.9 394.5
picture_000659 0.986 158.6 292.8 175.6 430.9
picture_000659 0.973 78.7 429.1 173.3 485.0
picture_000659 0.919 126.4 381.0 151.9 405.0
picture_000659 0.884 145.9 416.3 159.1 456.8
picture_000659 0.824 112.9 268.4 131.9 332.0
picture_000659 0.796 226.0 294.3 226.0 388.0
picture_000659 0.428 49.6 390.4 67.6 423.6
picture_000659 0.143 220.5 279.9 226.0 313.2
picture_000659 0.103 68.9 165.0 89.2 197.9
picture_000666 0.996 133.8 123.7 264.6 168.1
picture_000666 0.994 4.7 133.5 198.8 201.0
picture_000666 0.994 154.0 160.6 232.4 245.1
picture_000666 0.991 56.6 223.3 166.1 281.4
picture_000666 0.990 239.8 141.7 267.0 202.3
picture_000666 0.990 177.6 207.6 226.2 245.5
picture_000666 0.976 267.0 189.0 267.0 261.0
picture_000666 0.958 1.0 263.0 173.7 303.4
picture_000666 0.743 104.9 1.0 186.3 1.0
picture_000666 0.703 256.2 268.9 267.0 293.9
picture_000666 0.651 107.3 293.3 188.8 312.5
picture_000666 0.575 57.5 33.9 267.0 215.9
picture_000667 0.999 1.0 104.6 47.2 139.2
picture_000667 0.998 6.6 131.6 121.2 152.9
picture_000667 0.997 1.0 100.9 1.0 131.6
picture_000667 0.996 6.7 160.0 48.1 176.5
picture_000667 0.993 1.0 178.2 74.0 218.0
picture_000667 0.993 1.0 202.9 53.9 274.0
picture_000667 0.992 1.0 158.8 150.6 173.6
picture_000667 0.991 1.0 95.6 165.0 131.1
picture_000667 0.984 1.0 118.6 165.0 174.3
picture_000667 0.971 1.0 163.1 115.7 261.0
picture_000667 0.958 1.0 163.1 23.5 183.8
picture_000667 0.872 1.0 10.6 2.1 20.3
picture_000667 0.763 1.0 150.6 1.0 165.2
picture_000667 0.416 45.4 274.0 124.5 274.0
picture_000667 0.206 3.5 274.0 43.1 274.0
picture_000667 0.195 13.1 134.2 64.3 144.6
picture_000667 0.083 1.0 140.8 1.0 150.5
picture_000667 0.064 29.7 50.3 165.0 101.9
picture_000667 0.052 45.0 8.5 158.7 24.7
picture_000674 0.999 22.1 212.7 197.1 286.3
picture_000674 0.999 101.6 225.4 324.4 284.9
picture_000674 0.999 118.4 226.2 156.2 283.8
picture_000674 0.998 106.5 285.3 223.7 309.4
picture_000674 0.996 1.0 302.6 98.2 369.7
picture_000674 0.989 173.7 183.5 206.3 227.5
picture_000674 0.978 164.4 238.9 193.6 276.2
picture_000674 0.967 296.7 189.5 359.4 229.3
picture_000674 0.859 52.1 306.3 80.6 338.1
picture_000675 0.988 170.3 26.6 223.0 58.2
picture_000675 0.977 141.4 102.3 221.7 120.0
picture_000675 0.976 109.8 1.0 223.0 7.5
picture_000675 0.974 43.9 4.1 223.0 59.8
picture_000675 0.963 223.0 73.5 223.0 120.0
picture_000675 0.951 98.6 1.0 191.8 1.0
picture_000675 0.936 1.0 42.3 223.0 72.4
picture_000675 0.933 8.1 69.1 223.0 88.6
picture_000675 0.926 154.3 59.9 223.0 113.8
picture_000675 0.859 223.0 1.0 223.0 1.0
picture_000675 0.831 223.0 54.5 223.0 85.7
picture_000675 0.817 1.0 78.7 193.5 114.8
picture_000675 0.770 174.7 1.0 223.0 1.0
picture_000675 0.742 223.0 15.8 223.0 32.4
picture_000675 0.592 33.8 1.0 172.5 9.9
picture_000675 0.367 216.5 105.9 223.0 120.0
picture_000676 0.994 143.8 131.6 208.0 142.0
picture_000676 0.994 115.4 115.5 177.1 137.0
picture_000676 0.990 51.8 108.1 96.8 134.6
picture_000676 0.986 82.0 142.0 181.1 142.0
picture_000676 0.978 173.3 142.0 208.0 142.0
picture_000676 0.964 162.6 91.1 208.0 126.9
picture_000676 0.949 208.0 108.7 208.0 130.6
picture_000676 0.949 54.6 85.3 66.6 123.9
picture_000676 0.797 14.1 94.6 208.0 128.5
picture_000676 0.733 39.1 141.0 68.5 142.0
picture_000676 0.486 41.2 63.1 108.8 120.1
picture_000676 0.303 206.5 138.7 208.0 142.0
picture_000676 0.188 208.0 64.7 208.0 115.0
picture_000676 0.111 208.0 142.0 208.0 142.0
picture_000677 0.998 71.4 101.5 160.8 167.0
picture_000677 0.996 1.0 163.9 93.6 169.0
picture_000677 0.990 119.2 169.0 161.0 169.0
picture_000677 0.987 1.0 47.4 41.3 144.5
picture_000677 0.986 66.2 146.4 155.2 169.0
picture_000677 0.981 158.0 141.4 161.0 169.0
picture_000677 0.980 161.0 122.8 161.0 169.0
picture_000677 0.980 1.0 44.5 161.0 143.8
picture_000677 0.977 161.0 28.6 161.0 122.4
picture_000677 0.956 69.2 169.0 112.2 169.0
picture_000677 0.952 1.0 169.0 161.0 169.0
picture_000677 0.878 155.9 1.0 161.0 133.4
picture_000677 0.813 161.0 169.0 161.0 169.0
picture_000677 0.775 1.0 94.1 1.0 166.3
picture_000677 0.404 137.1 1.0 161.0 157.4
picture_000677 0.340 1.0 169.0 32.2 169.0
picture_000678 0.997 56.7 33.6 120.2 143.1
picture_000678 0.996 80.2 1.0 156.1 51.6
picture_000678 0.993 126.2 11.6 145.3 80.0
picture_000678 0.993 106.9 57.7 145.2 240.3
picture_000678 0.987 63.4 72.7 80.4 118.4
picture_000678 0.985 156.7 1.0 164.0 28.4
picture_000678 0.971 27.9 1.0 110.5 22.8
picture_000678 0.934 114.4 1.0 122.6 126.5
picture_000678 0.873 26.5 68.8 164.0 215.7
picture_000678 0.812 25.9 1.0 45.2 1.0
picture_000678 0.419 61.3 1.0 75.7 1.0
picture_000678 0.220 164.0 2.0 164.0 53.4
picture_000678 0.072 145.2 89.2 157.0 207.3
picture_000680 0.997 157.0 233.6 246.0 328.5
picture_000680 0.995 231.4 192.4 246.0 246.2
picture_000680 0.993 143.1 163.9 220.3 254.4
picture_000680 0.991 228.5 160.9 246.0 199.6
picture_000680 0.989 3.7 212.7 194.5 328.4
picture_000680 0.960 99.1 300.8 154.4 328.0
picture_000680 0.948 219.0 224.0 241.0 296.9
picture_000680 0.870 1.0 273.5 246.0 419.0
picture_000680 0.798 208.9 152.4 232.7 184.2
picture_000680 0.665 162.1 419.0 197.4 419.0
picture_000680 0.560 100.9 242.4 147.2 263.5
picture_000680 0.128 246.0 302.8 246.0 338.3
picture_000680 0.094 76.4 22.7 134.1 42.4
picture_000683 0.999 172.3 200.6 204.7 224.6
picture_000683 0.996 1.0 200.2 210.7 225.6
picture_000683 0.996 180.9 129.3 214.0 196.0
picture_000683 0.992 188.9 228.0 214.0 228.0
picture_000683 0.988 87.1 226.4 214.0 228.0
picture_000683 0.987 71.8 228.0 182.3 228.0
picture_000683 0.985 214.0 174.4 214.0 210.4
picture_000683 0.980 214.0 222.3 214.0 228.0
picture_000683 0.959 18.1 137.8 214.0 197.9
picture_000683 0.934 150.2 82.5 214.0 223.2
picture_000683 0.927 214.0 228.0 214.0 228.0
picture_000685 0.999 1.0 133.0 100.4 133.0
picture_000685 0.998 1.0 44.2 133.0 94.4
picture_000685 0.998 1.0 62.3 3.4 111.7
picture_000685 0.997 1.0 1.0 92.7 4.4
picture_000685 0.995 1.0 1.0 1.0 52.3
picture_000685 0.994 28.2 1.0 133.0 1.0
picture_000685 0.994 1.0 40.0 1.0 95.5
picture_000685 0.993 1.0 1.0 5.3 1.0
picture_000685 0.981 1.0 1.0 53.8 107.1
picture_000685 0.929 19.6 1.0 133.0 46.0
picture_000685 0.921 1.0 127.6 13.3 133.0
picture_000685 0.897 1.0 133.0 1.0 133.0
picture_000685 0.877 1.0 1.0 44.9 1.0
picture_000685 0.504 1.0 1.0 1.0 4.9
picture_000685 0.435 1.0 78.7 1.0 133.0
picture_000685 0.071 100.7 9.0 120.9 79.8
picture_000685 0.061 116.6 48.6 133.0 83.6
picture_000688 0.998 175.9 1.0 251.8 38.8
picture_000688 0.997 122.4 1.0 246.0 88.0
picture_000688 0.991 214.4 80.8 274.0 100.5
picture_000688 0.991 229.5 1.0 274.0 134.8
picture_000688 0.990 197.2 137.2 274.0 239.9
picture_000688 0.987 268.6 1.0 274.0 1.0
picture_000688 0.986 252.9 60.5 274.0 119.1
picture_000688 0.984 59.1 47.0 251.1 217.0
picture_000688 0.983 274.0 1.0 274.0 33.1
picture_000688 0.977 133.4 1.0 244.5 1.0
picture_000688 0.974 274.0 73.6 274.0 104.7
picture_000688 0.967 97.1 1.0 222.0 4.9
picture_000688 0.933 274.0 109.4 274.0 171.1
picture_000688 0.842 274.0 155.5 274.0 188.4
picture_000688 0.137 274.0 1.0 274.0 1.0
picture_000688 0.123 57.5 1.0 239.4 11.4
picture_000689 0.990 32.6 67.1 134.6 147.0
picture_000689 0.990 72.0 1.0 103.0 8.7
picture_000689 0.989 1.0 18.1 179.0 66.5
picture_000689 0.983 83.0 1.5 108.8 91.2
picture_000689 0.982 1.0 1.0 1.0 38.3
picture_000689 0.982 1.0 1.0 33.3 1.0
picture_000689 0.979 52.4 53.0 73.4 147.0
picture_000689 0.962 118.3 1.0 174.5 1.0
picture_000689 0.936 179.0 45.2 179.0 147.0
picture_000689 0.877 179.0 1.0 179.0 1.0
picture_000689 0.876 1.0 62.3 1.0 147.0
picture_000689 0.761 59.1 1.0 68.3 74.3
picture_000689 0.733 1.0 67.0 10.0 147.0
picture_000689 0.704 44.8 1.0 94.5 1.0
picture_000689 0.680 166.0 55.7 179.0 147.0
picture_000689 0.602 9.5 3.8 19.9 55.2
picture_000689 0.548 26.2 1.0 44.6 1.0
picture_000689 0.421 115.0 1.0 126.0 1.0
picture_000689 0.419 1.0 1.0 179.0 35.0
picture_000689 0.162 1.0 1.0 1.0 1.0
picture_000693 0.998 95.2 69.1 194.8 123.8
picture_000693 0.996 110.0 39.2 323.1 76.0
picture_000693 0.996 81.4 177.8 145.1 200.4
picture_000693 0.996 27.8 102.0 171.6 154.5
picture_000693 0.996 112.9 143.4 247.7 167.6
picture_000693 0.995 1.0 142.3 168.3 195.6
picture_000693 0.979 120.3 90.4 154.8 112.7
picture_000693 0.947 78.6 120.2 137.5 128.7
picture_000693 0.740 43.9 192.7 141.5 256.4
picture_000694 0.995 109.0 41.1 157.0 83.4
picture_000694 0.993 157.0 23.6 157.0 75.0
picture_000694 0.993 45.8 1.0 117.3 1.0
picture_000694 0.992 52.8 60.1 131.4 101.6
picture_000694 0.986 57.9 35.5 157.0 141.0
picture_000694 0.984 1.0 37.5 157.0 70.8
picture_000694 0.981 105.5 16.7 151.3 41.2
picture_000694 0.968 111.4 1.0 157.0 1.0
picture_000694 0.926 157.0 1.0 157.0 1.0
picture_000694 0.918 95.6 127.5 148.0 141.0
picture_000694 0.859 1.0 1.0 84.8 16.3
picture_000694 0.856 157.0 79.2 157.0 141.0
picture_000694 0.850 1.0 1.0 157.0 31.5
picture_000694 0.789 147.3 1.0 157.0 1.0
picture_000694 0.765 157.0 1.0 157.0 43.2
picture_000694 0.237 11.6 115.6 101.4 141.0
picture_000695 0.973 1.0 619.0 1.0 658.7
picture_000695 0.969 1.0 695.1 23.6 713.0
picture_000695 0.966 1.0 602.6 29.8 665.3
picture_000695 0.937 1.0 525.3 1.0 668.2
picture_000695 0.915 1.0 673.0 1.0 709.1
picture_000695 0.900 1.3 463.9 37.2 593.3
picture_000695 0.353 1.0 713.0 1.0 713.0
picture_000696 0.998 179.1 84.0 189.0 156.5
picture_000696 0.998 127.0 66.9 176.2 104.8
picture_000696 0.997 117.6 140.0 189.0 169.5
picture_000696 0.997 93.6 126.3 172.2 143.9
picture_000696 0.997 123.7 84.3 189.0 165.1
picture_000696 0.994 80.2 1.0 160.4 120.5
picture_000696 0.994 160.7 39.9 189.0 107.6
picture_000696 0.994 1.0 150.6 162.0 182.0
picture_000696 0.993 180.5 1.0 189.0 24.3
picture_000696 0.990 189.0 87.7 189.0 159.1
picture_000696 0.979 142.6 1.0 189.0 65.7
picture_000696 0.979 79.6 105.4 166.2 182.0
picture_000696 0.966 180.4 182.0 189.0 182.0
picture_000696 0.933 161.3 153.8 189.0 166.7
picture_000696 0.920 1.0 22.9 159.7 57.7
picture_000696 0.895 1.0 70.3 156.5 170.7
picture_000696 0.149 189.0 39.2 189.0 74.0
picture_000696 0.052 188.4 182.0 189.0 182.0
picture_000701 0.998 56.4 78.3 126.0 108.0
picture_000701 0.993 1.0 1.0 74.3 100.1
picture_000701 0.992 1.0 76.6 11.8 108.0
picture_000701 0.987 61.0 1.0 126.0 108.0
picture_000701 0.985 47.4 1.0 126.0 15.8
picture_000701 0.982 126.0 1.0 126.0 66.3
picture_000701 0.981 1.0 101.0 126.0 108.0
picture_000701 0.980 120.7 15.8 126.0 108.0
picture_000701 0.938 126.0 43.3 126.0 108.0
picture_000701 0.808 1.0 83.4 44.8 108.0
picture_000701 0.720 1.0 1.0 15.7 108.0
picture_000701 0.345 25.1 61.0 83.0 108.0
picture_000701 0.123 1.0 23.7 1.0 108.0
picture_000703 0.999 55.5 201.2 149.1 230.6
picture_000703 0.999 161.8 252.7 192.0 281.6
picture_000703 0.999 104.2 175.2 192.0 204.6
picture_000703 0.997 108.5 204.4 184.9 297.0
picture_000703 0.996 115.2 217.5 192.0 230.2
picture_000703 0.996 87.0 154.6 167.0 258.8
picture_000703 0.995 25.2 280.7 148.2 297.0
picture_000703 0.993 141.0 297.0 192.0 297.0
picture_000703 0.991 192.0 219.1 192.0 232.5
picture_000703 0.987 54.5 246.0 157.9 297.0
picture_000703 0.986 130.0 287.8 192.0 297.0
picture_000703 0.974 192.0 248.9 192.0 297.0
picture_000703 0.849 126.2 183.7 172.8 190.0
picture_000703 0.554 180.9 47.5 192.0 72.0
picture_000703 0.371 1.0 114.9 150.4 140.3
picture_000703 0.067 192.0 103.7 192.0 119.7
picture_000704 0.998 1.0 34.8 73.3 119.0
picture_000704 0.997 46.4 48.6 129.0 113.8
picture_000704 0.995 129.0 95.8 129.0 119.0
picture_000704 0.989 129.0 1.0 129.0 68.1
picture_000704 0.989 1.0 1.0 44.1 77.1
picture_000704 0.968 1.0 1.0 129.0 51.4
picture_000704 0.953 1.1 97.8 129.0 119.0
picture_000704 0.941 1.0 119.0 63.9 119.0
picture_000704 0.844 73.5 117.4 129.0 119.0
picture_000704 0.782 129.0 119.0 129.0 119.0
picture_000705 0.999 77.9 53.4 139.8 100.3
picture_000705 0.997 80.2 6.0 220.0 56.2
picture_000705 0.995 208.5 46.5 220.0 98.2
picture_000705 0.995 23.0 36.6 220.0 65.2
picture_000705 0.993 135.6 106.3 220.0 133.9
picture_000705 0.991 1.0 10.1 1.0 61.0
picture_000705 0.980 1.0 62.0 220.0 86.5
picture_000705 0.959 42.5 1.0 220.0 139.3
picture_000705 0.908 44.5 161.9 84.3 176.6
picture_000705 0.867 96.7 1.0 157.6 1.0
picture_000705 0.834 202.1 183.9 220.0 191.0
picture_000705 0.717 1.0 74.5 220.0 107.0
picture_000705 0.614 1.0 1.0 140.9 84.0
picture_000705 0.575 74.3 1.0 138.3 9.0
picture_000705 0.338 47.6 178.6 220.0 191.0
picture_000705 0.089 1.0 62.1 44.7 81.3
picture_000705 0.075 213.6 22.1 220.0 36.6
picture_000705 0.074 214.4 53.8 220.0 70.1
picture_000705 0.068 217.6 122.2 220.0 191.0
picture_000706 0.998 1.0 183.7 19.9 203.7
picture_000706 0.998 1.0 191.5 43.2 235.6
picture_000706 0.996 1.0 140.0 28.3 194.0
picture_000706 0.994 9.3 203.0 79.5 217.9
picture_000706 0.993 13.4 238.9 128.8 264.8
picture_000706 0.993 5.7 149.2 143.5 195.9
picture_000706 0.989 1.0 184.0 195.0 231.9
picture_000706 0.963 3.4 107.8 180.0 120.0
picture_000706 0.913 1.0 187.4 1.0 211.4
picture_000706 0.060 1.0 159.6 195.0 174.2
picture_000707 0.999 1.0 164.2 134.9 229.0
picture_000707 0.999 1.0 87.6 37.0 171.3
picture_000707 0.998 26.2 1.0 123.0 178.3
picture_000707 0.996 1.0 148.1 1.0 218.2
picture_000707 0.992 1.0 130.6 1.0 163.6
picture_000707 0.981 1.0 1.0 50.4 141.0
picture_000707 0.977 17.4 229.0 104.2 229.0
picture_000707 0.934 1.0 1.0 1.0 83.8
picture_000707 0.897 1.0 1.0 6.9 122.4
picture_000707 0.894 1.0 229.0 10.8 229.0
picture_000707 0.360 1.0 96.9 1.0 140.0
picture_000707 0.201 1.0 229.0 1.0 229.0
picture_000709 0.999 1.0 152.6 75.0 177.1
picture_000709 0.997 1.0 164.9 27.7 181.2
picture_000709 0.995 35.9 95.0 81.7 110.8
picture_000709 0.994 1.0 184.8 165.0 199.9
picture_000709 0.993 1.0 119.3 48.0 136.8
picture_000709 0.993 1.0 211.9 141.3 260.7
picture_000709 0.991 1.0 116.0 165.0 145.5
picture_000709 0.990 1.0 78.2 50.7 106.4
picture_000709 0.985 12.7 135.6 34.4 155.2
picture_000709 0.974 24.8 148.4 120.8 159.4
picture_000709 0.968 1.0 137.2 165.0 186.8
picture_000709 0.943 1.0 179.4 165.0 238.5
picture_000709 0.799 1.0 85.6 1.0 102.3
picture_000709 0.768 1.0 152.5 1.0 166.7
picture_000709 0.704 1.0 67.1 165.0 112.3
picture_000709 0.575 14.9 255.0 40.2 264.7
picture_000709 0.352 91.3 178.7 139.6 214.5
picture_000709 0.229 8.2 126.8 30.3 138.5
picture_000709 0.106 17.7 18.0 50.0 198.1
picture_000709 0.080 80.8 131.1 136.2 256.1
picture_000709 0.062 1.0 50.5 13.2 75.9
picture_000718 0.997 1.0 83.9 65.7 156.3
picture_000718 0.996 1.0 159.5 45.3 193.3
picture_000718 0.996 1.0 141.1 131.2 214.0
picture_000718 0.993 33.6 201.2 112.6 214.0
picture_000718 0.992 98.7 134.6 160.4 186.3
picture_000718 0.988 1.0 69.8 19.4 138.7
picture_000718 0.987 29.4 105.1 120.7 137.8
picture_000718 0.982 28.2 127.0 54.3 162.9
picture_000718 0.964 53.9 38.0 101.8 71.4
picture_000718 0.949 82.7 56.7 166.0 206.4
picture_000718 0.925 30.7 214.0 57.8 214.0
picture_000718 0.726 1.0 205.1 63.7 214.0
picture_000718 0.640 1.0 23.0 1.0 42.2
picture_000718 0.628 9.5 214.0 37.9 214.0
picture_000718 0.593 71.1 65.6 166.0 101.4
picture_000718 0.568 40.7 1.0 95.2 5.8
picture_000718 0.562 1.0 168.2 1.0 188.6
picture_000718 0.320 71.6 121.8 142.2 133.9
picture_000718 0.305 55.9 1.0 166.0 45.4
picture_000718 0.257 69.1 214.0 134.9 214.0
picture_000718 0.165 1.0 70.8 1.0 88.2
picture_000718 0.104 1.0 58.3 18.6 71.8
picture_000718 0.055 104.6 26.2 147.8 81.6
picture_000722 0.996 1.0 47.0 21.5 113.7
picture_000722 0.994 1.0 128.8 44.3 188.8
picture_000722 0.992 1.0 127.9 1.0 219.3
picture_000722 0.989 1.0 155.1 95.7 176.9
picture_000722 0.989 1.0 1.0 43.8 2.1
picture_000722 0.989 1.0 64.8 60.4 157.6
picture_000722 0.983 1.0 157.1 1.0 183.5
picture_000722 0.960 1.0 89.8 8.6 122.8
picture_000722 0.955 1.0 111.5 178.6 215.2
picture_000722 0.925 1.0 244.8 71.2 286.0
picture_000722 0.751 1.0 169.5 11.8 189.7
picture_000722 0.727 1.2 1.0 137.4 6.5
picture_000723 0.995 89.5 1.0 132.6 71.3
picture_000723 0.994 2.9 44.8 117.1 95.9
picture_000723 0.990 69.5 46.6 106.1 177.4
picture_000723 0.987 45.7 1.0 86.1 95.2
picture_000723 0.986 1.3 1.0 76.4 1.0
picture_000723 0.977 17.5 1.0 157.4 15.6
picture_000723 0.971 79.1 1.0 95.2 61.7
picture_000723 0.952 39.2 1.0 155.0 251.0
picture_000723 0.854 104.4 1.0 207.0 1.0
picture_000723 0.713 64.7 59.7 76.1 138.6
picture_000723 0.426 147.2 10.3 157.1 58.1
picture_000723 0.159 1.0 1.0 1.0 1.0
picture_000723 0.120 1.0 31.0 1.0 84.0
picture_000723 0.091 209.0 28.2 209.0 77.5
picture_000724 0.998 255.3 305.8 303.8 348.5
picture_000724 0.997 255.5 218.5 302.5 317.8
picture_000724 0.993 284.8 310.8 323.0 353.1
picture_000724 0.991 161.0 269.0 307.3 331.9
picture_000724 0.991 323.0 331.0 323.0 354.0
picture_000724 0.942 285.2 107.6 323.0 317.4
picture_000724 0.803 323.0 183.6 323.0 297.5
picture_000724 0.721 311.3 354.0 323.0 354.0
picture_000724 0.655 271.4 354.0 322.5 354.0
picture_000724 0.557 209.9 133.7 303.3 325.4
picture_000724 0.188 264.5 24.6 309.6 354.0
picture_000726 0.999 1.0 66.6 111.4 156.0
picture_000726 0.999 1.0 94.0 39.7 165.3
picture_000726 0.997 1.0 1.0 73.2 93.8
picture_000726 0.996 23.4 189.0 84.4 189.0
picture_000726 0.992 72.7 17.7 169.8 49.9
picture_000726 0.990 1.0 1.0 1.0 115.6
picture_000726 0.986 34.6 60.6 202.0 189.0
picture_000726 0.984 1.0 1.0 31.9 1.0
picture_000726 0.945 1.0 162.5 1.0 185.2
picture_000726 0.866 1.0 1.0 1.0 20.3
picture_000726 0.831 65.3 189.0 154.3 189.0
picture_000726 0.746 1.0 189.0 1.0 189.0
picture_000726 0.695 1.0 105.4 1.0 139.3
picture_000726 0.318 52.3 164.8 202.0 189.0
picture_000726 0.086 21.9 1.0 202.0 1.0
picture_000727 0.999 302.0 582.7 302.0 662.2
picture_000727 0.996 267.2 555.7 295.2 606.7
picture_000727 0.995 302.0 487.0 302.0 569.2
picture_000727 0.985 302.0 638.1 302.0 676.0
picture_000727 0.962 273.4 403.8 293.3 473.2
picture_000727 0.863 293.9 668.8 302.0 676.0
picture_000727 0.127 302.0 435.7 302.0 491.1
picture_000727 0.062 302.0 592.0 302.0 604.7
picture_000728 1.000 1.0 122.0 128.1 171.7
picture_000728 0.999 1.0 103.0 1.0 180.9
picture_000728 0.999 25.9 127.1 58.5 175.0
picture_000728 0.999 1.0 183.7 62.6 220.3
picture_000728 0.997 1.0 96.2 80.2 241.0
picture_000728 0.996 1.0 34.7 213.0 137.7
picture_000728 0.995 70.9 163.2 125.7 191.0
picture_000728 0.993 40.8 188.5 213.0 241.0
picture_000728 0.983 1.0 44.2 29.5 131.6
picture_000728 0.978 40.0 1.0 102.4 1.0
picture_000728 0.543 136.7 154.7 213.0 170.5
picture_000728 0.489 1.0 20.9 1.0 42.5
picture_000728 0.407 113.7 1.0 213.0 1.0
picture_000728 0.386 1.0 180.8 19.0 192.5
picture_000728 0.333 1.0 241.0 1.0 241.0
picture_000728 0.215 1.0 1.0 1.0 1.0
picture_000728 0.174 1.0 83.7 1.0 108.6
picture_000728 0.055 142.8 241.0 213.0 241.0
picture_000730 1.000 266.6 479.3 324.1 526.6
picture_000730 1.000 220.9 482.9 297.9 514.6
picture_000730 1.000 291.8 427.7 335.0 493.3
picture_000730 0.999 268.8 526.2 332.0 542.8
picture_000730 0.999 318.2 571.0 335.0 571.0
picture_000730 0.997 335.0 423.0 335.0 484.9
picture_000730 0.987 1.0 525.9 335.0 561.5
picture_000730 0.912 335.0 473.5 335.0 496.1
picture_000730 0.905 270.8 231.8 324.5 328.7
picture_000730 0.702 335.0 571.0 335.0 571.0
picture_000730 0.448 218.2 571.0 304.7 571.0
picture_000731 0.997 197.9 193.3 274.9 285.4
picture_000731 0.996 203.1 270.1 280.3 415.4
picture_000731 0.991 282.0 146.6 282.0 256.2
picture_000731 0.989 282.0 263.0 282.0 316.3
picture_000731 0.956 87.3 160.5 270.9 217.1
picture_000731 0.954 196.4 1.0 266.8 270.0
picture_000731 0.827 205.1 438.0 267.8 438.0
picture_000731 0.809 168.5 3.2 255.8 95.5
picture_000731 0.687 163.3 312.3 263.5 340.2
picture_000731 0.542 242.5 158.6 282.0 174.3
picture_000731 0.129 270.6 1.0 282.0 13.7
picture_000732 0.999 1.0 39.3 164.0 79.0
picture_000732 0.999 1.0 55.6 36.1 143.3
picture_000732 0.999 1.0 1.0 74.7 37.7
picture_000732 0.998 18.6 61.6 92.0 92.4
picture_000732 0.995 1.0 45.9 1.0 82.2
picture_000732 0.993 53.0 65.4 164.0 117.7
picture_000732 0.990 1.0 83.2 80.4 97.7
picture_000732 0.989 1.0 79.0 1.0 102.1
picture_000732 0.988 1.0 1.0 117.4 1.0
picture_000732 0.985 31.1 1.0 55.2 10.2
picture_000732 0.980 67.3 45.6 164.0 60.7
picture_000732 0.980 1.0 123.0 122.8 144.0
picture_000732 0.924 23.9 144.0 44.0 144.0
picture_000732 0.924 104.4 1.0 164.0 8.7
picture_000732 0.879 1.0 115.9 1.0 144.0
picture_000732 0.870 1.0 1.0 1.0 12.9
picture_000732 0.860 155.7 82.8 164.0 120.0
picture_000732 0.786 1.0 1.0 1.0 1.0
picture_000732 0.665 13.4 64.9 34.0 86.2
picture_000732 0.547 58.6 144.0 164.0 144.0
picture_000732 0.217 1.0 1.0 164.0 57.5
picture_000732 0.100 1.0 1.0 28.1 1.0
picture_000733 0.998 20.7 23.4 150.1 89.6
picture_000733 0.998 47.8 25.4 73.6 85.5
picture_000733 0.997 10.5 1.0 213.0 54.6
picture_000733 0.993 184.7 1.0 213.0 98.0
picture_000733 0.990 1.0 1.0 89.9 26.2
picture_000733 0.987 1.0 98.7 94.7 203.0
picture_000733 0.986 1.0 1.0 8.6 89.3
picture_000733 0.963 1.0 29.4 213.0 169.3
picture_000733 0.960 18.9 1.0 55.4 1.0
picture_000733 0.951 1.0 15.0 1.0 58.2
picture_000733 0.948 213.0 62.0 213.0 112.0
picture_000733 0.946 11.7 114.4 28.5 203.0
picture_000733 0.739 144.3 1.0 162.7 28.2
picture_000733 0.519 138.8 1.0 165.5 1.0
picture_000733 0.271 213.0 1.0 213.0 1.0
picture_000733 0.240 1.0 39.8 1.0 87.3
picture_000733 0.141 1.0 1.0 1.0 1.0
picture_000733 0.141 1.0 91.6 1.0 170.1
picture_000738 0.998 84.0 363.1 158.2 415.0
picture_000738 0.997 72.4 253.8 105.9 350.4
picture_000738 0.995 66.1 291.1 171.2 385.7
picture_000738 0.994 56.1 415.0 178.5 415.0
picture_000738 0.979 1.0 324.8 257.9 415.0
picture_000738 0.968 162.1 320.2 200.3 398.0
picture_000738 0.940 290.0 338.7 290.0 406.7
picture_000738 0.740 1.0 124.2 123.6 339.8
picture_000738 0.711 115.8 319.0 130.9 393.2
picture_000738 0.596 1.0 269.0 1.0 355.7
picture_000738 0.520 162.1 224.4 172.3 333.6
picture_000738 0.513 1.0 346.4 1.0 412.2
picture_000738 0.501 145.7 81.5 259.6 412.9
picture_000740 0.995 131.7 199.2 266.9 270.0
picture_000740 0.994 230.0 164.5 303.6 223.8
picture_000740 0.986 188.3 68.5 281.7 136.6
picture_000740 0.981 127.2 101.9 258.6 121.7
picture_000740 0.907 305.0 77.1 305.0 110.6
picture_000740 0.905 40.3 120.4 305.0 224.8
picture_000740 0.880 52.3 38.9 276.0 176.3
picture_000740 0.100 207.0 306.5 266.0 325.3
picture_000741 0.999 98.2 120.4 152.7 144.5
picture_000741 0.998 25.7 47.2 80.1 112.6
picture_000741 0.997 101.4 9.8 246.5 45.5
picture_000741 0.997 166.6 92.9 220.1 118.5
picture_000741 0.996 1.0 87.2 137.8 128.4
picture_000741 0.996 166.7 46.2 189.3 69.5
picture_000741 0.996 122.1 145.5 268.0 165.9
picture_000741 0.994 102.6 75.0 201.6 84.7
picture_000741 0.994 1.0 44.1 122.0 72.7
picture_000741 0.992 46.2 31.7 268.0 81.0
picture_000741 0.956 49.3 94.8 268.0 170.9
picture_000742 0.998 2.3 18.4 157.9 125.7
picture_000742 0.998 1.0 86.1 29.5 146.1
picture_000742 0.997 1.0 102.3 1.0 162.0
picture_000742 0.993 1.0 90.6 189.8 162.0
picture_000742 0.988 29.9 1.0 139.1 1.0
picture_000742 0.987 1.0 43.6 1.0 111.9
picture_000742 0.987 32.8 162.0 209.0 162.0
picture_000742 0.986 1.0 1.0 1.0 1.0
picture_000742 0.985 2.2 93.5 47.0 111.0
picture_000742 0.984 1.0 162.0 34.0 162.0
picture_000742 0.973 1.0 1.0 37.2 113.2
picture_000742 0.755 1.0 162.0 1.0 162.0
picture_000742 0.600 1.0 1.0 1.0 38.3
picture_000742 0.055 48.9 11.7 98.3 55.4
picture_000743 0.999 15.9 115.5 168.0 169.1
picture_000743 0.998 55.8 201.9 145.2 227.8
picture_000743 0.998 95.4 142.3 245.5 213.4
picture_000743 0.994 205.8 232.0 299.4 260.6
picture_000743 0.994 147.8 1.0 263.3 127.0
picture_000743 0.991 201.5 129.4 221.5 178.8
picture_000743 0.988 229.6 76.0 266.5 147.2
picture_000743 0.975 1.0 77.4 308.0 193.6
picture_000744 0.995 1.0 140.8 22.1 176.4
picture_000744 0.995 11.5 124.0 139.0 162.3
picture_000744 0.994 1.0 96.6 115.1 146.5
picture_000744 0.991 33.8 177.0 123.5 232.0
picture_000744 0.985 32.0 98.5 65.2 126.1
picture_000744 0.981 1.0 232.0 101.8 232.0
picture_000744 0.967 1.0 145.2 1.0 186.5
picture_000744 0.951 1.0 94.5 94.5 112.0
picture_000744 0.943 1.0 184.8 63.8 232.0
picture_000744 0.896 1.0 198.8 46.8 216.3
picture_000744 0.878 68.5 20.5 139.0 42.6
picture_000744 0.869 1.0 80.0 5.1 102.8
picture_000744 0.847 1.0 227.3 139.0 232.0
picture_000744 0.782 1.0 167.4 3.9 193.4
picture_000744 0.748 1.0 20.2 17.7 52.2
picture_000744 0.723 44.2 1.0 71.6 99.7
picture_000744 0.699 18.3 43.2 49.0 60.2
picture_000744 0.645 1.0 174.7 1.0 194.6
picture_000744 0.564 1.0 232.0 18.5 232.0
picture_000744 0.498 1.0 69.9 1.0 110.2
picture_000744 0.141 1.0 197.1 1.0 222.4
picture_000744 0.136 1.0 58.6 139.0 232.0
picture_000744 0.061 1.0 113.4 1.0 144.9
picture_000744 0.056 139.0 210.0 139.0 232.0
picture_000744 0.051 1.0 231.1 1.0 232.0
picture_000930 0.057 1.0 148.0 22.7 217.1
picture_000952 0.102 176.2 96.6 220.2 156.2
picture_001027 0.464 53.2 217.9 126.1 229.0
picture_001027 0.376 1.0 183.6 45.0 229.0
picture_001027 0.256 1.0 53.9 80.1 173.5
picture_001027 0.210 8.4 176.0 231.2 229.0
picture_001050 0.069 1.0 287.9 178.7 359.0
picture_001065 0.413 13.2 92.3 97.7 134.2
picture_001096 0.079 25.0 41.5 149.8 81.7
picture_001119 0.148 172.9 167.3 228.0 210.0
picture_001119 0.109 30.2 81.2 84.4 123.4
picture_001119 0.080 186.8 150.3 217.5 182.7
picture_001119 0.054 1.0 62.3 142.4 189.2
picture_001119 0.052 103.7 158.3 154.9 188.3
picture_001152 0.087 238.3 150.0 251.0 188.0
picture_001152 0.080 251.0 152.8 251.0 188.0
picture_001152 0.077 126.7 170.0 213.7 188.0
picture_001152 0.057 251.0 1.0 251.0 1.0
