picture_000044 0.979 38.2 576.0 77.9 703.9
picture_000044 0.965 38.5 718.0 72.9 718.0
picture_000044 0.954 11.1 567.1 22.6 624.4
picture_000044 0.953 90.3 652.9 101.2 698.8
picture_000044 0.948 2.7 666.5 13.5 697.7
picture_000044 0.932 85.2 568.3 95.1 623.9
picture_000044 0.905 13.3 711.1 27.4 718.0
picture_000044 0.897 130.0 573.2 169.5 641.2
picture_000044 0.835 99.6 665.7 108.7 691.7
picture_000044 0.826 1.0 629.9 1.0 673.6
picture_000044 0.565 34.5 718.0 47.2 718.0
picture_000044 0.522 11.2 512.2 29.8 635.5
picture_000044 0.319 1.3 550.9 17.1 642.6
picture_000044 0.071 182.0 652.4 182.0 682.7
picture_000044 0.069 1.0 682.2 1.0 706.7
picture_000045 1.000 30.8 112.5 63.4 155.7
picture_000045 1.000 1.0 57.0 57.1 126.8
picture_000045 0.999 42.0 1.0 96.9 37.3
picture_000045 0.999 1.7 32.1 58.8 60.8
picture_000045 0.998 62.7 74.7 74.0 116.6
picture_000045 0.992 1.0 75.1 11.3 94.1
picture_000045 0.991 8.7 41.4 135.2 164.0
picture_000045 0.441 1.0 102.6 1.0 119.3
picture_000045 0.429 85.2 164.0 96.5 164.0
picture_000045 0.247 15.4 1.0 25.7 3.9
picture_000045 0.192 171.0 139.8 171.0 149.4
picture_000046 0.999 1.0 128.8 30.4 159.6
picture_000046 0.997 62.9 121.6 99.2 153.6
picture_000046 0.997 8.9 125.7 130.7 158.6
picture_000046 0.996 1.0 126.3 1.0 163.0
picture_000046 0.995 11.7 163.0 81.8 163.0
picture_000046 0.994 1.0 88.7 41.4 154.0
picture_000046 0.993 1.0 150.5 13.3 163.0
picture_000046 0.983 1.0 158.2 1.0 163.0
picture_000046 0.960 27.4 27.9 54.5 135.4
picture_000046 0.948 1.0 106.9 10.7 163.0
picture_000046 0.588 1.0 28.2 91.6 150.6
picture_000046 0.187 51.9 163.0 163.4 163.0
picture_000046 0.119 1.0 80.9 1.0 138.3
picture_000047 0.999 81.7 312.6 154.4 323.0
picture_000047 0.998 24.2 179.3 53.3 323.0
picture_000047 0.997 76.0 198.5 155.6 323.0
picture_000047 0.997 85.4 249.5 116.6 322.4
picture_000047 0.993 83.9 323.0 120.7 323.0
picture_000047 0.991 59.4 7.8 93.2 323.0
picture_000047 0.989 105.0 323.0 189.9 323.0
picture_000047 0.976 71.1 254.4 86.7 323.0
picture_000047 0.913 92.9 204.2 101.7 317.6
picture_000047 0.905 101.4 298.4 110.3 323.0
picture_000047 0.869 83.3 1.0 142.8 278.8
picture_000047 0.826 1.0 109.6 6.6 244.9
picture_000047 0.805 203.0 63.9 203.0 250.8
picture_000047 0.775 12.4 134.1 131.8 323.0
picture_000047 0.319 1.0 323.0 1.0 323.0
picture_000047 0.277 147.3 1.0 190.7 297.5
picture_000047 0.205 77.5 289.4 88.9 323.0
picture_000047 0.189 142.3 323.0 156.3 323.0
picture_000047 0.074 42.0 79.5 64.3 250.8
picture_000049 0.997 2.7 157.9 16.4 180.0
picture_000049 0.996 33.1 156.5 112.1 184.5
picture_000049 0.996 1.0 132.0 23.8 172.3
picture_000049 0.995 22.6 187.0 50.8 187.0
picture_000049 0.993 12.2 160.7 37.6 187.0
picture_000049 0.985 1.0 185.0 64.9 187.0
picture_000049 0.980 1.0 173.8 124.7 187.0
picture_000049 0.976 1.2 136.5 141.6 176.5
picture_000049 0.968 11.6 187.0 131.5 187.0
picture_000049 0.953 66.8 117.2 107.5 168.7
picture_000049 0.946 1.0 183.0 1.0 187.0
picture_000049 0.942 7.8 74.8 26.4 169.8
picture_000049 0.852 1.0 114.7 1.0 166.3
picture_000049 0.499 1.0 187.0 1.0 187.0
picture_000049 0.066 1.0 84.5 69.2 177.9
picture_000170 0.996 45.5 669.8 69.7 718.7
picture_000170 0.989 10.8 613.3 37.0 683.2
picture_000170 0.982 38.1 527.0 71.4 588.0
picture_000170 0.979 52.4 602.0 179.6 679.0
picture_000170 0.978 1.0 617.3 1.0 685.6
picture_000170 0.976 7.6 488.4 57.0 580.4
picture_000170 0.973 53.2 689.8 80.2 709.7
picture_000170 0.973 1.0 534.0 5.4 597.6
picture_000170 0.968 1.0 712.8 1.0 726.0
picture_000170 0.954 18.1 547.1 40.8 575.8
picture_000170 0.941 57.3 506.9 159.6 590.4
picture_000170 0.876 26.3 442.2 61.3 524.2
picture_000170 0.842 1.0 483.5 1.0 642.7
picture_000170 0.668 1.0 708.0 8.4 726.0
picture_000170 0.276 1.0 429.4 11.7 564.9
picture_000184 0.060 1.0 1.0 87.5 117.0
picture_000184 0.057 85.0 117.0 161.9 117.0
picture_000184 0.053 1.0 1.0 202.0 13.3
picture_000213 0.050 1.0 333.9 161.3 381.0
picture_000361 0.081 6.5 125.9 126.6 192.0
picture_000361 0.062 1.0 192.0 16.0 192.0
picture_000497 0.999 111.8 1.0 173.0 23.1
picture_000497 0.999 71.7 9.7 123.9 197.0
picture_000497 0.999 127.2 1.0 169.8 159.8
picture_000497 0.998 115.7 1.0 173.0 1.0
picture_000497 0.998 169.4 16.2 173.0 126.1
picture_000497 0.997 146.5 126.2 173.0 147.8
picture_000497 0.996 118.9 76.3 136.7 115.5
picture_000497 0.996 134.8 1.0 146.2 1.0
picture_000497 0.995 69.3 221.0 105.2 221.0
picture_000497 0.994 12.9 1.0 67.9 18.8
picture_000497 0.990 44.2 1.0 76.6 1.0
picture_000497 0.987 79.3 1.0 112.2 1.0
picture_000497 0.948 100.1 80.8 119.1 93.8
picture_000497 0.913 158.3 1.0 166.7 1.0
picture_000497 0.779 76.4 1.0 160.6 87.0
picture_000497 0.528 173.0 1.0 173.0 13.4
picture_000497 0.326 173.0 197.5 173.0 221.0
picture_000497 0.111 1.0 143.5 74.6 180.6
picture_000497 0.105 173.0 1.0 173.0 1.0
picture_000499 0.999 140.7 133.3 212.3 205.1
picture_000499 0.998 31.2 123.3 96.2 173.2
picture_000499 0.998 97.5 79.3 245.0 215.4
picture_000499 0.997 104.1 152.5 188.6 185.0
picture_000499 0.997 21.1 127.2 206.0 287.0
picture_000499 0.996 1.0 17.7 182.1 169.6
picture_000499 0.996 1.0 90.9 1.0 164.5
picture_000499 0.994 111.0 89.5 122.3 161.8
picture_000499 0.992 134.9 9.8 208.9 67.2
picture_000499 0.628 11.0 150.2 33.0 171.9
picture_000500 0.998 171.0 512.4 206.2 561.7
picture_000500 0.998 142.0 483.1 154.2 582.5
picture_000500 0.994 168.3 402.7 215.0 555.8
picture_000500 0.993 179.0 395.3 194.4 482.4
picture_000500 0.962 221.5 582.1 232.4 674.0
picture_000500 0.852 116.5 313.8 191.8 661.9
picture_000500 0.717 153.0 586.3 172.5 674.0
picture_000501 0.999 192.2 315.6 231.9 383.9
picture_000501 0.998 281.9 410.7 325.2 435.0
picture_000501 0.997 241.6 373.1 368.6 435.0
picture_000501 0.997 102.5 336.9 143.6 435.0
picture_000501 0.996 124.3 266.6 217.5 332.2
picture_000501 0.996 166.7 240.8 274.0 435.0
picture_000501 0.984 113.4 266.2 122.6 390.3
picture_000501 0.983 112.3 383.3 201.2 435.0
picture_000501 0.953 245.6 373.7 272.4 397.2
picture_000501 0.915 257.4 332.1 273.9 370.4
picture_000501 0.904 208.7 380.8 273.4 435.0
picture_000501 0.625 150.8 404.9 161.5 435.0
picture_000501 0.222 186.7 435.0 221.1 435.0
picture_000501 0.178 174.3 262.1 181.6 336.2
picture_000503 1.000 82.0 201.3 115.4 240.5
picture_000503 0.999 40.6 113.0 73.6 167.8
picture_000503 0.998 10.4 200.0 56.1 227.3
picture_000503 0.998 2.2 108.4 100.0 229.5
picture_000503 0.998 58.5 20.7 87.2 335.0
picture_000503 0.996 44.3 1.0 77.4 174.8
picture_000503 0.995 89.2 24.2 106.4 108.1
picture_000503 0.995 44.6 167.9 171.1 335.0
picture_000503 0.994 73.6 153.9 82.1 202.0
picture_000503 0.987 1.0 184.1 89.5 333.1
picture_000503 0.984 70.9 233.2 81.1 335.0
picture_000503 0.950 1.0 89.9 6.6 335.0
picture_000503 0.939 22.5 1.0 56.5 155.0
picture_000503 0.805 1.0 75.6 1.0 160.5
picture_000503 0.696 107.5 1.0 163.7 117.2
picture_000503 0.659 43.4 164.6 47.6 257.9
picture_000503 0.591 66.9 206.3 73.1 335.0
picture_000504 0.999 88.8 6.9 167.0 115.5
picture_000504 0.999 98.7 1.0 137.5 5.3
picture_000504 0.999 41.4 100.4 119.9 161.0
picture_000504 0.998 116.9 114.0 156.2 160.1
picture_000504 0.997 47.3 1.0 116.6 125.8
picture_000504 0.994 1.0 47.4 102.7 81.8
picture_000504 0.989 75.3 1.0 167.0 41.3
picture_000504 0.977 109.7 1.0 147.7 1.0
picture_000504 0.956 167.0 1.0 167.0 1.0
picture_000504 0.955 8.9 161.0 121.7 161.0
picture_000504 0.941 91.4 161.0 139.4 161.0
picture_000504 0.889 136.1 33.2 160.7 49.9
picture_000504 0.868 1.0 1.0 116.5 1.0
picture_000504 0.742 166.3 161.0 167.0 161.0
picture_000504 0.705 167.0 17.4 167.0 41.7
picture_000504 0.282 167.0 135.9 167.0 161.0
picture_000505 0.994 9.2 146.8 43.4 220.0
picture_000505 0.993 17.8 213.9 64.2 220.0
picture_000505 0.986 1.0 166.8 1.0 208.7
picture_000505 0.981 1.0 220.0 19.6 220.0
picture_000505 0.981 14.7 218.9 59.3 220.0
picture_000505 0.927 1.0 90.3 19.5 170.2
picture_000505 0.914 1.0 213.9 1.0 220.0
picture_000505 0.512 1.0 220.0 1.0 220.0
picture_000505 0.053 3.7 42.6 32.2 201.7
picture_000506 0.997 1.0 60.9 69.4 128.6
picture_000506 0.996 1.0 29.3 79.0 77.2
picture_000506 0.996 25.8 48.3 57.4 93.7
picture_000506 0.995 106.0 96.9 142.0 140.0
picture_000506 0.995 100.7 86.4 127.2 113.5
picture_000506 0.994 34.2 74.4 142.0 94.9
picture_000506 0.994 7.3 1.0 139.1 53.4
picture_000506 0.993 43.4 1.0 72.8 1.0
picture_000506 0.990 142.0 3.2 142.0 30.1
picture_000506 0.973 6.3 91.7 40.5 106.8
picture_000506 0.971 1.0 1.0 1.0 78.3
picture_000506 0.951 121.5 122.4 142.0 140.0
picture_000506 0.916 13.0 1.0 58.8 1.0
picture_000506 0.879 138.1 28.5 142.0 40.0
picture_000506 0.859 17.5 140.0 37.6 140.0
picture_000506 0.859 49.0 101.4 84.7 114.2
picture_000506 0.838 1.0 1.0 1.0 1.0
picture_000506 0.828 1.0 1.0 13.8 1.0
picture_000506 0.750 1.0 57.7 1.0 78.9
picture_000506 0.646 113.7 1.0 142.0 1.0
picture_000506 0.522 1.0 91.6 1.0 117.7
picture_000506 0.455 1.0 140.0 1.0 140.0
picture_000506 0.446 43.8 140.0 66.7 140.0
picture_000506 0.329 118.6 140.0 142.0 140.0
picture_000506 0.307 1.0 40.2 7.0 47.1
picture_000506 0.249 59.5 140.0 100.2 140.0
picture_000508 0.999 114.3 123.0 228.5 163.9
picture_000508 0.998 52.7 45.3 176.5 248.4
picture_000508 0.996 132.8 50.2 279.0 144.7
picture_000508 0.974 132.0 1.0 189.3 1.0
picture_000508 0.968 185.6 135.7 279.0 148.4
picture_000508 0.911 131.8 42.0 142.6 110.4
picture_000508 0.663 94.2 221.0 108.7 248.4
picture_000508 0.062 193.3 1.0 209.6 10.1
picture_000511 0.998 100.7 152.4 133.7 244.0
picture_000511 0.998 80.2 95.5 154.1 151.2
picture_000511 0.997 127.5 51.9 196.0 101.7
picture_000511 0.996 122.2 56.5 151.7 98.0
picture_000511 0.996 49.6 67.9 116.5 185.7
picture_000511 0.995 86.1 185.8 196.0 205.3
picture_000511 0.993 94.8 85.1 196.0 106.9
picture_000511 0.993 86.0 15.4 196.0 136.7
picture_000511 0.981 1.0 166.4 77.9 218.4
picture_000511 0.966 26.7 103.7 196.0 242.9
picture_000511 0.956 57.5 44.7 132.8 56.9
picture_000511 0.502 2.1 106.5 35.9 126.4
picture_000511 0.152 69.0 181.3 90.3 197.1
picture_000511 0.070 1.0 34.9 24.1 80.7
picture_000512 0.999 84.0 79.8 166.3 137.4
picture_000512 0.999 69.5 174.8 129.9 213.0
picture_000512 0.996 106.2 35.6 176.0 95.6
picture_000512 0.994 121.9 74.8 159.0 94.7
picture_000512 0.992 1.4 105.0 176.0 149.1
picture_000512 0.992 14.2 56.6 176.0 111.4
picture_000512 0.987 28.7 41.1 171.4 67.6
picture_000512 0.977 77.1 112.5 176.0 213.0
picture_000512 0.899 63.2 188.7 124.6 198.4
picture_000512 0.807 166.3 213.0 176.0 213.0
picture_000512 0.650 176.0 1.0 176.0 1.0
picture_000512 0.624 1.0 193.5 90.5 213.0
picture_000512 0.583 23.0 1.0 109.5 1.0
picture_000512 0.286 35.4 213.0 127.6 213.0
picture_000512 0.214 164.9 119.3 176.0 128.9
picture_000512 0.202 38.4 3.9 108.4 12.2
picture_000512 0.072 133.7 1.0 167.7 1.0
picture_000536 0.152 1.0 5.3 1.0 119.3
picture_000536 0.098 1.0 106.6 1.0 153.0
picture_000536 0.075 1.0 69.7 14.2 153.0
picture_000546 0.067 293.1 495.8 359.3 562.7
picture_000648 1.000 1.0 220.8 122.2 289.9
picture_000648 1.000 1.4 257.2 46.2 298.9
picture_000648 0.999 1.0 175.5 63.6 202.0
picture_000648 0.997 1.0 199.6 1.0 247.8
picture_000648 0.996 24.7 264.8 148.0 278.9
picture_000648 0.995 1.0 194.0 14.5 210.2
picture_000648 0.965 1.0 318.2 12.7 416.4
picture_000648 0.808 1.0 266.3 50.3 275.9
picture_000648 0.360 1.0 365.9 1.0 375.8
picture_000649 0.998 53.8 249.3 104.1 294.2
picture_000649 0.995 55.8 198.5 108.3 254.3
picture_000649 0.993 118.9 236.3 226.7 295.1
picture_000649 0.993 75.9 246.2 132.1 272.4
picture_000649 0.992 1.0 239.5 52.3 284.9
picture_000649 0.978 1.0 300.9 88.7 301.0
picture_000649 0.906 1.0 174.5 93.4 234.2
picture_000649 0.899 120.8 201.9 176.1 220.9
picture_000649 0.889 2.9 235.9 18.9 276.1
picture_000649 0.776 41.6 99.0 89.7 164.5
picture_000649 0.711 61.9 268.1 87.7 278.3
picture_000649 0.358 8.8 248.3 37.4 265.9
picture_000649 0.087 148.6 140.9 177.2 182.4
picture_000649 0.052 1.0 151.0 1.0 197.8
picture_000650 1.000 1.0 394.5 100.6 416.7
picture_000650 1.000 27.1 476.8 122.4 537.5
picture_000650 0.999 12.5 403.3 166.3 525.6
picture_000650 0.996 14.7 522.4 56.4 532.1
picture_000650 0.923 1.0 556.0 1.0 556.0
picture_000650 0.482 26.1 542.3 67.1 549.0
picture_000650 0.113 16.6 260.5 100.1 400.6
picture_000651 0.993 97.2 117.5 191.1 138.9
picture_000651 0.987 6.2 144.0 231.0 144.0
picture_000651 0.979 183.8 144.0 231.0 144.0
picture_000651 0.971 1.0 144.0 67.6 144.0
picture_000651 0.963 1.0 111.5 19.9 136.0
picture_000651 0.953 1.0 127.6 115.8 143.5
picture_000651 0.939 106.8 144.0 156.6 144.0
picture_000651 0.758 1.0 141.7 1.0 144.0
picture_000651 0.559 231.0 144.0 231.0 144.0
picture_000651 0.497 122.3 126.3 231.0 144.0
picture_000651 0.262 1.0 141.3 172.2 144.0
picture_000651 0.229 13.4 99.6 231.0 131.8
picture_000652 0.996 1.9 1.0 85.0 43.0
picture_000652 0.995 11.2 160.9 96.4 194.6
picture_000652 0.992 1.0 5.4 41.1 111.5
picture_000652 0.989 1.0 100.2 142.0 170.6
picture_000652 0.983 1.0 1.0 1.0 85.6
picture_000652 0.983 1.0 60.4 1.0 99.7
picture_000652 0.981 9.3 1.0 142.0 119.4
picture_000652 0.975 1.0 1.0 35.3 26.1
picture_000652 0.957 19.8 131.2 142.0 228.0
picture_000652 0.956 1.0 85.3 1.0 166.3
picture_000652 0.950 1.0 191.8 1.0 228.0
picture_000652 0.811 1.0 1.0 1.0 1.0
picture_000652 0.787 1.0 1.0 44.6 1.0
picture_000652 0.776 1.0 228.0 1.0 228.0
picture_000652 0.334 1.0 1.0 1.0 15.5
picture_000652 0.261 19.0 1.0 142.0 1.0
picture_000653 0.998 161.4 642.9 212.3 681.0
picture_000653 0.997 204.4 558.2 251.4 681.0
picture_000653 0.990 209.8 597.0 234.4 643.5
picture_000653 0.913 157.3 445.5 304.4 622.6
picture_000653 0.753 132.2 681.0 151.9 681.0
picture_000653 0.697 154.7 594.8 300.3 681.0
picture_000653 0.124 160.8 681.0 213.2 681.0
picture_000656 1.000 65.1 239.0 138.7 259.3
picture_000656 0.999 2.8 262.0 131.1 262.0
picture_000656 0.985 1.0 232.4 1.0 255.7
picture_000656 0.902 43.3 230.3 291.0 258.2
picture_000656 0.843 88.4 262.0 162.9 262.0
picture_000656 0.789 1.0 175.6 258.4 242.6
picture_000656 0.709 164.3 262.0 196.5 262.0
picture_000656 0.099 2.9 262.0 32.4 262.0
picture_000657 0.999 44.4 265.3 182.7 291.0
picture_000657 0.998 75.3 291.0 115.1 291.0
picture_000657 0.998 55.5 226.5 218.0 287.9
picture_000657 0.997 1.0 225.3 58.8 286.2
picture_000657 0.997 1.0 291.0 203.1 291.0
picture_000657 0.994 1.0 291.0 52.2 291.0
picture_000657 0.994 143.5 263.0 226.0 291.0
picture_000657 0.972 1.0 189.5 129.4 271.0
picture_000657 0.946 1.0 193.0 1.0 266.0
picture_000657 0.935 204.6 204.5 219.8 264.1
picture_000657 0.754 1.0 267.3 19.0 291.0
picture_000657 0.480 1.0 291.0 1.0 291.0
picture_000657 0.455 226.0 182.3 226.0 261.1
picture_000657 0.098 216.7 291.0 225.2 291.0
picture_000659 0.997 113.6 347.9 129.4 418.6
picture_000659 0.993 132.8 266.1 176.0 321.3
picture_000659 0.993 113.3 287.2 151.2 485.0
picture_000659 0.990 173.6 400.3 193.9 485.0
picture_000659 0.984 158.2 287.7 211.9 485.0
picture_000659 0.862 157.6 186.8 218.6 376.5
picture_000659 0.815 142.1 371.2 152.8 399.3
picture_000659 0.686 87.0 354.2 93.2 420.5
picture_000659 0.501 60.4 260.5 202.1 485.0
picture_000659 0.372 131.6 367.9 135.6 417.0
picture_000666 1.000 84.7 191.0 217.6 233.3
picture_000666 0.999 13.2 273.8 221.3 343.0
picture_000666 0.999 145.0 84.2 267.0 161.4
picture_000666 0.999 200.1 91.0 228.9 214.6
picture_000666 0.999 71.2 77.4 228.0 275.8
picture_000666 0.998 205.3 172.0 262.9 238.5
picture_000666 0.998 245.7 256.1 267.0 282.7
picture_000666 0.996 179.5 44.0 267.0 343.0
picture_000666 0.993 48.2 233.6 116.5 258.9
picture_000666 0.834 113.2 1.0 167.4 3.7
picture_000666 0.823 111.2 343.0 160.0 343.0
picture_000666 0.782 1.0 70.2 109.5 92.0
picture_000666 0.660 261.8 93.4 267.0 122.5
picture_000666 0.074 21.0 292.0 116.6 315.2
picture_000666 0.057 151.2 219.4 185.3 235.3
picture_000667 0.997 1.0 119.5 49.1 181.7
picture_000667 0.997 20.2 122.7 96.1 153.2
picture_000667 0.997 1.0 165.2 25.5 178.3
picture_000667 0.991 1.0 118.0 140.9 205.7
picture_000667 0.990 1.0 91.2 165.0 109.8
picture_000667 0.987 1.0 144.2 1.0 172.9
picture_000667 0.972 1.0 120.9 115.6 127.4
picture_000667 0.924 1.0 55.7 27.4 102.4
picture_000667 0.897 1.0 148.6 80.6 153.3
picture_000667 0.809 6.2 273.6 36.5 274.0
picture_000667 0.373 1.0 1.0 24.8 1.0
picture_000667 0.268 1.0 133.1 1.0 141.9
picture_000667 0.052 69.8 1.0 122.2 1.0
picture_000674 0.998 67.6 212.9 167.6 294.5
picture_000674 0.997 77.1 293.9 230.4 313.6
picture_000674 0.995 76.0 313.6 253.2 397.2
picture_000674 0.995 65.7 75.4 168.9 192.9
picture_000674 0.988 1.0 317.2 51.0 347.3
picture_000674 0.988 75.3 165.0 123.4 254.6
picture_000674 0.985 130.1 356.0 201.8 392.1
picture_000674 0.978 26.0 261.0 303.3 349.0
picture_000674 0.977 40.3 183.4 76.4 224.7
picture_000674 0.975 73.4 284.3 122.4 306.2
picture_000674 0.955 1.0 277.6 83.9 321.9
picture_000674 0.950 48.9 93.7 151.4 113.6
picture_000674 0.922 78.6 197.2 382.8 320.8
picture_000674 0.842 1.0 274.2 1.0 317.5
picture_000674 0.272 1.0 237.5 2.2 260.6
picture_000674 0.228 44.9 268.7 83.2 287.2
picture_000674 0.214 1.0 176.0 52.0 193.7
picture_000675 0.999 147.9 38.2 199.3 61.7
picture_000675 0.998 26.6 13.3 223.0 71.6
picture_000675 0.998 157.8 64.9 223.0 93.5
picture_000675 0.994 122.7 1.0 205.7 1.0
picture_000675 0.994 3.4 1.0 162.9 1.0
picture_000675 0.987 1.0 114.3 170.1 120.0
picture_000675 0.983 223.0 1.0 223.0 1.0
picture_000675 0.982 37.9 76.3 223.0 96.0
picture_000675 0.970 1.0 1.0 223.0 3.3
picture_000675 0.964 188.8 79.2 223.0 120.0
picture_000675 0.931 1.0 1.0 178.6 21.9
picture_000675 0.926 109.3 120.0 223.0 120.0
picture_000675 0.863 1.0 45.4 223.0 120.0
picture_000675 0.856 223.0 85.8 223.0 106.8
picture_000675 0.666 217.6 1.0 223.0 1.0
picture_000675 0.514 1.0 47.8 147.6 61.9
picture_000675 0.229 223.0 1.0 223.0 4.2
picture_000675 0.060 184.9 1.0 223.0 1.0
picture_000676 0.999 148.2 112.3 208.0 142.0
picture_000676 0.999 140.0 132.7 181.9 142.0
picture_000676 0.997 118.8 142.0 208.0 142.0
picture_000676 0.994 47.1 114.2 109.2 140.9
picture_000676 0.992 139.8 142.0 154.4 142.0
picture_000676 0.991 1.3 117.1 208.0 142.0
picture_000676 0.986 163.8 114.2 172.4 138.6
picture_000676 0.980 89.6 54.9 156.5 129.0
picture_000676 0.965 4.8 87.9 63.0 136.4
picture_000676 0.738 208.0 128.5 208.0 142.0
picture_000676 0.691 42.5 40.9 60.5 122.1
picture_000676 0.523 208.0 142.0 208.0 142.0
picture_000676 0.416 84.0 142.0 98.2 142.0
picture_000676 0.216 1.0 142.0 34.4 142.0
picture_000677 0.999 70.3 100.0 121.7 169.0
picture_000677 0.999 150.9 54.4 161.0 161.4
picture_000677 0.998 1.0 157.3 161.0 169.0
picture_000677 0.996 133.0 169.0 161.0 169.0
picture_000677 0.995 1.0 169.0 27.7 169.0
picture_000677 0.994 89.3 138.1 161.0 169.0
picture_000677 0.992 1.0 169.0 161.0 169.0
picture_000677 0.990 1.0 10.0 1.0 158.3
picture_000677 0.989 161.0 1.0 161.0 147.4
picture_000677 0.988 4.5 1.0 124.8 169.0
picture_000677 0.981 78.1 6.6 161.0 155.6
picture_000677 0.980 112.9 151.7 128.5 169.0
picture_000677 0.973 1.0 155.5 1.0 169.0
picture_000677 0.916 1.0 122.0 161.0 169.0
picture_000677 0.891 16.9 169.0 52.5 169.0
picture_000677 0.861 14.4 1.0 43.9 169.0
picture_000677 0.314 161.0 169.0 161.0 169.0
picture_000678 0.998 82.2 21.1 102.7 79.1
picture_000678 0.998 94.6 1.0 156.2 59.8
picture_000678 0.997 88.0 1.0 134.2 240.6
picture_000678 0.996 99.5 1.0 112.5 104.4
picture_000678 0.995 63.1 19.8 75.9 240.9
picture_000678 0.991 55.1 1.0 69.2 128.6
picture_000678 0.991 50.0 66.9 61.1 151.8
picture_000678 0.986 62.1 1.0 116.2 104.4
picture_000678 0.986 112.5 1.0 134.8 1.0
picture_000678 0.908 1.0 1.0 13.2 14.7
picture_000678 0.904 107.0 1.0 117.4 258.0
picture_000678 0.904 88.4 1.0 129.7 25.4
picture_000678 0.850 125.7 1.0 131.0 112.8
picture_000678 0.841 56.4 1.0 64.5 1.0
picture_000678 0.426 87.8 1.0 95.2 1.0
picture_000678 0.351 141.0 1.0 164.0 1.0
picture_000678 0.103 164.0 1.0 164.0 13.7
picture_000678 0.052 164.0 73.1 164.0 146.2
picture_000680 0.999 97.2 250.2 246.0 364.8
picture_000680 0.999 115.6 211.2 246.0 262.9
picture_000680 0.999 31.3 177.2 190.0 312.0
picture_000680 0.999 189.9 179.4 219.0 292.4
picture_000680 0.996 85.0 251.2 200.9 276.3
picture_000680 0.995 31.0 93.4 135.5 115.5
picture_000680 0.994 163.5 103.6 246.0 220.9
picture_000680 0.993 128.6 81.8 216.5 122.0
picture_000680 0.963 170.3 359.4 246.0 373.3
picture_000680 0.895 186.7 11.9 219.5 42.1
picture_000680 0.849 193.9 419.0 222.5 419.0
picture_000680 0.149 207.1 269.5 232.7 284.3
picture_000680 0.122 1.0 140.3 124.8 181.3
picture_000680 0.105 1.0 318.0 84.2 329.9
picture_000683 1.000 144.4 198.0 214.0 228.0
picture_000683 0.999 196.6 228.0 214.0 228.0
picture_000683 0.999 214.0 228.0 214.0 228.0
picture_000683 0.999 49.9 228.0 165.0 228.0
picture_000683 0.997 106.9 120.3 214.0 223.3
picture_000683 0.996 1.0 224.8 202.8 228.0
picture_000683 0.974 213.2 174.8 214.0 228.0
picture_000683 0.875 141.7 228.0 203.7 228.0
picture_000685 1.000 59.8 126.9 126.2 133.0
picture_000685 0.999 1.0 52.6 1.0 133.0
picture_000685 0.999 24.9 46.8 133.0 82.5
picture_000685 0.998 85.9 83.8 133.0 133.0
picture_000685 0.998 1.0 1.0 33.0 1.0
picture_000685 0.997 1.0 1.0 45.6 18.6
picture_000685 0.997 1.0 12.5 2.3 91.5
picture_000685 0.997 1.0 47.2 62.5 133.0
picture_000685 0.992 83.9 1.0 133.0 1.0
picture_000685 0.988 1.0 1.0 80.8 73.8
picture_000685 0.988 43.8 1.0 100.8 1.0
picture_000685 0.986 1.0 133.0 1.0 133.0
picture_000685 0.965 1.0 1.0 23.4 91.7
picture_000685 0.916 59.0 1.0 133.0 66.9
picture_000685 0.863 1.0 1.0 1.0 36.6
picture_000685 0.595 1.0 129.2 75.8 133.0
picture_000685 0.587 1.0 1.0 1.0 1.0
picture_000688 0.999 246.8 16.3 274.0 89.6
picture_000688 0.999 226.3 66.9 274.0 95.7
picture_000688 0.998 157.9 1.0 245.6 24.9
picture_000688 0.998 78.3 18.1 244.7 166.0
picture_000688 0.997 215.2 1.0 274.0 31.5
picture_000688 0.997 150.5 79.9 263.7 283.0
picture_000688 0.994 220.8 1.0 273.2 1.0
picture_000688 0.990 155.0 1.0 242.0 1.0
picture_000688 0.989 263.9 1.0 274.0 5.4
picture_000688 0.986 274.0 233.8 274.0 283.0
picture_000688 0.905 186.3 1.0 274.0 92.3
picture_000688 0.741 1.0 1.0 274.0 1.7
picture_000688 0.503 34.5 1.0 274.0 47.8
picture_000688 0.419 274.0 13.1 274.0 33.4
picture_000689 0.999 60.1 1.0 158.9 64.2
picture_000689 0.999 49.3 1.0 93.8 32.2
picture_000689 0.999 111.5 33.1 123.5 124.5
picture_000689 0.999 33.4 1.0 105.3 147.0
picture_000689 0.998 167.6 1.0 179.0 50.0
picture_000689 0.998 1.0 1.0 1.0 88.4
picture_000689 0.997 82.9 1.0 100.9 1.0
picture_000689 0.996 1.0 1.0 31.9 1.0
picture_000689 0.990 1.0 1.0 57.0 138.5
picture_000689 0.984 28.6 1.0 39.5 2.0
picture_000689 0.984 1.0 1.0 2.9 57.3
picture_000689 0.942 1.0 1.0 1.0 25.9
picture_000689 0.915 114.2 65.3 131.3 147.0
picture_000689 0.911 100.6 1.0 154.9 1.0
picture_000689 0.729 15.9 1.0 61.6 1.0
picture_000689 0.056 179.0 46.6 179.0 147.0
picture_000689 0.053 1.0 71.0 1.0 147.0
picture_000693 1.000 90.3 120.9 159.5 135.1
picture_000693 0.999 94.6 107.9 328.0 148.7
picture_000693 0.999 92.4 87.6 172.7 162.6
picture_000693 0.999 1.0 126.2 40.5 153.8
picture_000693 0.998 1.0 86.8 74.0 104.1
picture_000693 0.998 13.5 26.1 111.6 100.5
picture_000693 0.995 104.7 188.0 322.4 221.1
picture_000693 0.995 12.4 1.0 256.2 96.0
picture_000693 0.994 16.2 1.0 214.6 1.0
picture_000693 0.987 99.4 227.5 167.1 317.0
picture_000694 1.000 82.4 23.9 121.0 65.3
picture_000694 0.999 100.3 32.0 157.0 120.6
picture_000694 0.998 1.0 13.4 129.8 138.8
picture_000694 0.996 117.9 1.0 152.3 1.0
picture_000694 0.996 1.0 55.8 157.0 86.4
picture_000694 0.995 1.0 140.5 78.2 141.0
picture_000694 0.990 1.0 1.0 76.2 1.0
picture_000694 0.985 1.0 1.0 89.6 51.9
picture_000694 0.974 132.3 141.0 157.0 141.0
picture_000694 0.972 157.0 132.7 157.0 141.0
picture_000694 0.968 113.5 36.3 149.7 54.3
picture_000694 0.906 157.0 1.0 157.0 1.0
picture_000694 0.652 157.0 1.0 157.0 9.0
picture_000694 0.278 157.0 43.3 157.0 59.4
picture_000694 0.276 1.0 1.0 157.0 11.8
picture_000695 0.996 1.0 591.9 17.5 664.5
picture_000695 0.990 1.0 713.0 9.2 713.0
picture_000695 0.988 1.0 668.5 1.0 713.0
picture_000695 0.969 11.5 713.0 51.2 713.0
picture_000695 0.963 1.0 523.7 1.0 663.7
picture_000695 0.960 21.4 471.8 62.4 713.0
picture_000695 0.947 1.0 700.4 1.0 713.0
picture_000695 0.839 1.0 713.0 1.0 713.0
picture_000695 0.148 1.0 414.1 16.4 713.0
picture_000696 1.000 106.1 106.1 169.1 140.1
picture_000696 0.999 91.2 27.3 189.0 91.2
picture_000696 0.999 59.7 66.2 174.8 150.1
picture_000696 0.999 138.8 182.0 189.0 182.0
picture_000696 0.996 48.8 140.8 170.1 153.7
picture_000696 0.992 189.0 1.0 189.0 18.3
picture_000696 0.990 79.3 182.0 165.8 182.0
picture_000696 0.981 1.0 84.3 169.1 101.8
picture_000696 0.874 1.0 148.3 142.8 158.4
picture_000696 0.844 176.9 182.0 189.0 182.0
picture_000696 0.828 1.0 117.2 189.0 182.0
picture_000696 0.667 1.0 1.0 145.6 4.1
picture_000696 0.438 189.0 77.2 189.0 96.4
picture_000696 0.208 94.2 1.0 148.6 7.8
picture_000701 0.999 40.5 1.0 126.0 48.2
picture_000701 0.998 40.7 1.0 65.8 108.0
picture_000701 0.997 1.0 1.0 36.1 48.1
picture_000701 0.997 1.0 25.6 50.5 108.0
picture_000701 0.996 108.5 1.0 126.0 108.0
picture_000701 0.996 1.0 45.3 17.4 102.5
picture_000701 0.994 16.8 1.0 113.7 1.0
picture_000701 0.992 1.0 1.0 1.0 108.0
picture_000701 0.991 126.0 67.3 126.0 108.0
picture_000701 0.991 15.7 8.4 126.0 108.0
picture_000701 0.988 28.8 98.7 66.0 108.0
picture_000701 0.867 1.0 90.0 84.3 108.0
picture_000701 0.518 1.0 1.0 1.0 1.8
picture_000701 0.365 126.0 1.0 126.0 2.1
picture_000701 0.250 104.2 1.0 126.0 2.0
picture_000701 0.245 36.6 1.0 91.1 2.7
picture_000703 0.999 99.3 237.4 175.9 252.1
picture_000703 0.999 86.5 189.2 174.6 267.7
picture_000703 0.999 186.2 152.8 192.0 191.8
picture_000703 0.997 192.0 291.8 192.0 297.0
picture_000703 0.997 12.6 170.9 192.0 181.8
picture_000703 0.995 86.3 278.1 192.0 288.6
picture_000703 0.993 133.2 41.2 192.0 69.8
picture_000703 0.992 1.0 255.5 192.0 297.0
picture_000703 0.967 72.7 297.0 144.9 297.0
picture_000703 0.613 192.0 107.4 192.0 120.1
picture_000703 0.594 1.0 148.4 129.9 162.8
picture_000703 0.537 130.2 178.8 176.3 182.7
picture_000703 0.388 170.2 297.0 192.0 297.0
picture_000703 0.377 1.0 257.0 113.2 262.6
picture_000703 0.053 1.0 142.2 170.0 188.5
picture_000704 0.998 50.1 15.4 129.0 96.1
picture_000704 0.997 1.0 10.2 1.0 119.0
picture_000704 0.996 1.0 1.0 34.4 37.9
picture_000704 0.996 29.4 77.6 70.5 119.0
picture_000704 0.994 1.0 56.7 23.4 119.0
picture_000704 0.994 114.4 1.0 129.0 95.8
picture_000704 0.993 129.0 1.0 129.0 66.9
picture_000704 0.983 129.0 119.0 129.0 119.0
picture_000704 0.978 57.1 1.0 129.0 40.8
picture_000704 0.976 34.0 1.0 96.0 15.7
picture_000704 0.973 1.0 1.0 1.0 44.7
picture_000704 0.968 82.6 119.0 106.9 119.0
picture_000704 0.627 1.0 1.0 69.2 119.0
picture_000704 0.519 129.0 60.7 129.0 119.0
picture_000704 0.513 1.0 119.0 2.5 119.0
picture_000705 1.000 107.2 31.7 161.6 66.0
picture_000705 0.999 1.0 3.9 91.6 49.0
picture_000705 0.999 117.4 47.4 220.0 67.3
picture_000705 0.997 1.0 1.0 177.7 94.3
picture_000705 0.995 1.0 39.5 220.0 54.6
picture_000705 0.994 1.0 63.7 152.1 86.9
picture_000705 0.963 1.0 46.4 220.0 191.0
picture_000705 0.940 60.3 87.8 220.0 97.7
picture_000705 0.268 165.0 113.3 220.0 120.0
picture_000705 0.254 1.0 70.0 1.0 88.1
picture_000705 0.219 175.9 144.2 198.1 154.3
picture_000705 0.108 66.5 1.0 96.4 1.0
picture_000706 0.999 1.0 208.5 66.3 249.4
picture_000706 0.999 1.0 184.6 23.2 236.8
picture_000706 0.999 12.5 215.9 116.2 229.5
picture_000706 0.997 10.1 108.7 125.4 154.7
picture_000706 0.997 1.0 259.0 13.2 312.4
picture_000706 0.991 1.0 138.8 37.4 153.8
picture_000706 0.981 1.0 144.5 1.0 177.4
picture_000706 0.977 1.0 71.8 15.0 196.0
picture_000706 0.784 7.8 9.9 67.6 97.3
picture_000706 0.053 3.5 90.9 176.3 107.2
picture_000707 1.000 1.0 133.6 75.2 215.7
picture_000707 0.999 5.2 121.0 146.4 180.6
picture_000707 0.998 68.0 66.4 202.0 229.0
picture_000707 0.998 1.0 56.6 11.0 158.4
picture_000707 0.998 1.0 156.3 54.4 188.1
picture_000707 0.995 1.0 179.5 15.8 204.4
picture_000707 0.994 1.0 1.0 18.3 64.2
picture_000707 0.992 1.0 19.3 1.0 213.2
picture_000707 0.990 34.9 1.0 202.0 85.9
picture_000707 0.986 1.0 229.0 1.0 229.0
picture_000707 0.971 1.0 182.6 1.0 229.0
picture_000707 0.953 51.8 229.0 202.0 229.0
picture_000707 0.940 1.0 1.0 30.1 154.2
picture_000707 0.708 1.0 62.6 1.0 112.5
picture_000707 0.073 32.3 229.0 94.8 229.0
picture_000709 0.998 1.0 146.1 78.5 170.6
picture_000709 0.995 17.4 171.8 80.0 182.7
picture_000709 0.992 75.0 175.9 165.0 187.7
picture_000709 0.991 1.0 79.0 141.7 88.9
picture_000709 0.991 1.0 98.5 10.8 148.8
picture_000709 0.985 1.0 94.1 165.0 144.2
picture_000709 0.980 1.0 172.5 93.5 209.0
picture_000709 0.980 1.0 154.5 6.0 168.8
picture_000709 0.977 1.0 149.8 1.0 178.2
picture_000709 0.963 1.6 131.9 27.7 144.8
picture_000709 0.935 1.0 99.6 110.1 104.2
picture_000709 0.902 1.0 136.7 95.1 149.5
picture_000709 0.772 40.4 54.0 149.5 60.6
picture_000709 0.662 1.0 97.0 43.2 101.7
picture_000709 0.426 1.0 183.1 80.6 188.0
picture_000709 0.107 10.2 47.2 55.1 51.7
picture_000709 0.097 4.5 253.7 39.0 258.7
picture_000718 0.998 99.5 144.5 130.3 197.0
picture_000718 0.997 10.5 104.5 42.8 146.8
picture_000718 0.994 1.0 123.7 69.3 169.6
picture_000718 0.991 1.0 143.5 1.0 190.1
picture_000718 0.988 1.0 83.1 31.5 99.5
picture_000718 0.983 1.0 178.6 1.0 206.7
picture_000718 0.982 1.0 162.0 74.6 182.5
picture_000718 0.979 1.0 97.9 1.0 128.5
picture_000718 0.971 23.6 143.7 64.7 158.8
picture_000718 0.970 1.0 115.5 2.7 139.7
picture_000718 0.960 47.9 51.9 69.8 66.7
picture_000718 0.928 1.0 139.1 166.0 214.0
picture_000718 0.904 1.0 122.6 69.5 134.5
picture_000718 0.875 112.9 124.2 166.0 156.8
picture_000718 0.867 51.3 56.2 142.8 70.8
picture_000718 0.696 51.2 1.0 84.0 4.2
picture_000718 0.482 1.0 161.3 9.0 205.1
picture_000718 0.365 82.3 190.3 127.2 201.7
picture_000718 0.268 1.0 12.4 88.0 147.6
picture_000718 0.147 91.7 214.0 166.0 214.0
picture_000718 0.126 70.4 193.2 166.0 214.0
picture_000718 0.067 1.0 121.3 1.0 139.1
picture_000718 0.056 1.0 1.0 1.0 8.4
picture_000722 0.998 1.0 164.0 48.0 247.2
picture_000722 0.994 1.0 227.6 45.4 247.0
picture_000722 0.994 1.0 41.6 1.0 158.6
picture_000722 0.992 1.0 1.0 47.9 41.2
picture_000722 0.992 1.0 151.2 13.8 184.2
picture_000722 0.991 1.0 124.6 1.0 283.2
picture_000722 0.986 1.0 153.8 12.8 263.6
picture_000722 0.967 1.0 207.7 12.3 391.0
picture_000722 0.960 12.7 117.9 170.6 276.4
picture_000722 0.590 7.9 200.9 66.0 212.7
picture_000723 1.000 82.8 1.0 151.1 68.4
picture_000723 0.999 66.2 2.2 121.7 243.5
picture_000723 0.998 69.0 37.8 95.9 95.2
picture_000723 0.996 1.0 1.0 1.0 119.9
picture_000723 0.995 29.4 1.0 72.3 251.0
picture_000723 0.992 7.0 1.0 17.4 45.7
picture_000723 0.991 119.5 1.0 192.4 42.7
picture_000723 0.963 1.0 1.0 55.2 59.3
picture_000723 0.959 135.0 41.9 143.1 93.0
picture_000723 0.866 34.8 1.0 46.0 1.0
picture_000723 0.802 119.6 1.0 143.9 1.0
picture_000723 0.520 1.0 79.1 1.0 210.2
picture_000723 0.116 1.0 1.0 1.0 29.8
picture_000724 0.993 323.0 172.9 323.0 334.8
picture_000724 0.992 261.9 156.1 306.8 354.0
picture_000724 0.990 176.7 314.7 296.7 354.0
picture_000724 0.989 297.8 254.1 323.0 354.0
picture_000724 0.950 323.0 300.6 323.0 354.0
picture_000724 0.332 261.7 354.0 303.2 354.0
picture_000726 0.999 14.4 77.3 121.8 176.4
picture_000726 0.998 1.0 91.7 31.8 189.0
picture_000726 0.997 1.0 1.0 37.4 148.7
picture_000726 0.995 1.0 1.0 20.0 49.8
picture_000726 0.993 1.0 106.1 1.0 172.1
picture_000726 0.980 74.4 10.4 202.0 62.7
picture_000726 0.977 61.6 99.3 202.0 189.0
picture_000726 0.971 13.8 189.0 69.0 189.0
picture_000726 0.904 35.8 1.0 71.0 1.0
picture_000726 0.830 47.8 172.1 202.0 189.0
picture_000726 0.720 1.0 1.0 1.0 30.6
picture_000726 0.240 1.0 189.0 1.0 189.0
picture_000727 0.992 270.3 590.9 285.8 646.7
picture_000727 0.975 302.0 531.3 302.0 667.2
picture_000727 0.972 265.9 458.8 289.4 571.4
picture_000727 0.967 261.1 376.7 283.8 676.0
picture_000727 0.935 275.2 676.0 288.5 676.0
picture_000727 0.342 286.7 441.5 302.0 542.7
picture_000727 0.127 302.0 487.7 302.0 580.0
picture_000728 1.000 31.2 129.7 115.9 208.2
picture_000728 0.999 71.9 5.9 168.8 54.4
picture_000728 0.999 1.0 81.6 37.1 154.7
picture_000728 0.999 81.6 165.9 126.8 241.0
picture_000728 0.998 1.0 62.0 98.7 185.8
picture_000728 0.997 51.5 148.0 199.3 174.6
picture_000728 0.994 1.0 71.7 1.0 213.4
picture_000728 0.994 1.0 155.1 8.3 177.6
picture_000728 0.961 68.4 1.0 104.1 1.0
picture_000728 0.950 104.1 241.0 146.9 241.0
picture_000728 0.909 154.6 54.5 213.0 69.3
picture_000728 0.839 1.0 1.0 1.0 1.0
picture_000728 0.798 116.8 142.0 188.6 154.7
picture_000728 0.466 1.0 62.7 1.0 95.3
picture_000728 0.438 1.0 241.0 1.0 241.0
picture_000728 0.403 1.0 114.5 15.1 130.3
picture_000728 0.067 1.0 173.5 1.0 203.2
picture_000728 0.058 1.0 1.0 213.0 241.0
picture_000730 0.999 299.5 476.8 335.0 536.9
picture_000730 0.998 335.0 417.4 335.0 506.9
picture_000730 0.997 220.0 276.9 307.1 511.8
picture_000730 0.995 123.8 570.9 290.3 571.0
picture_000730 0.989 169.1 412.7 335.0 571.0
picture_000730 0.979 298.0 491.5 335.0 507.8
picture_000730 0.900 83.2 366.8 330.6 456.4
picture_000730 0.819 318.0 571.0 335.0 571.0
picture_000731 0.997 203.2 256.2 269.1 311.5
picture_000731 0.997 249.1 58.6 282.0 280.2
picture_000731 0.996 282.0 188.0 282.0 309.3
picture_000731 0.994 205.8 1.0 273.0 336.3
picture_000731 0.986 188.1 117.3 269.4 142.3
picture_000731 0.984 246.1 275.9 282.0 304.2
picture_000731 0.981 143.9 46.0 257.6 169.8
picture_000731 0.958 149.9 310.1 255.2 438.0
picture_000731 0.856 104.4 35.6 262.1 79.8
picture_000731 0.783 282.0 163.4 282.0 204.7
picture_000731 0.120 1.0 141.2 282.0 324.8
picture_000732 0.999 1.0 110.5 23.8 144.0
picture_000732 0.999 144.1 25.3 164.0 120.6
picture_000732 0.999 4.5 21.2 63.9 59.4
picture_000732 0.999 83.9 67.3 164.0 139.8
picture_000732 0.998 1.0 12.8 102.2 96.5
picture_000732 0.998 31.5 1.0 164.0 13.5
picture_000732 0.997 113.3 1.0 135.5 2.0
picture_000732 0.997 135.4 1.0 164.0 32.3
picture_000732 0.997 88.5 1.0 154.8 1.0
picture_000732 0.996 12.0 58.7 93.8 144.0
picture_000732 0.996 1.0 59.3 103.6 77.3
picture_000732 0.993 1.0 1.0 1.0 81.5
picture_000732 0.993 109.2 144.0 138.6 144.0
picture_000732 0.991 1.0 75.3 1.0 114.4
picture_000732 0.984 1.0 77.6 95.7 86.4
picture_000732 0.969 1.0 1.0 46.3 1.0
picture_000732 0.961 1.0 1.0 54.7 30.8
picture_000732 0.933 1.0 1.0 1.0 4.6
picture_000732 0.883 1.0 144.0 2.5 144.0
picture_000732 0.868 1.0 66.2 1.0 79.9
picture_000732 0.833 55.2 1.0 71.9 8.8
picture_000732 0.754 60.5 7.3 164.0 108.6
picture_000732 0.734 141.0 1.0 164.0 1.0
picture_000732 0.423 1.0 1.0 1.0 1.0
picture_000732 0.166 21.9 144.0 120.8 144.0
picture_000732 0.132 50.3 1.0 71.3 1.0
picture_000733 0.999 43.5 1.0 93.3 101.4
picture_000733 0.999 69.4 1.0 209.7 53.3
picture_000733 0.999 23.9 1.0 43.2 67.4
picture_000733 0.999 71.4 102.1 161.3 203.0
picture_000733 0.993 1.0 30.8 102.5 203.0
picture_000733 0.991 1.0 1.0 1.0 116.5
picture_000733 0.830 85.7 1.0 108.9 1.0
picture_000733 0.737 10.7 1.0 23.0 1.0
picture_000733 0.550 1.0 1.0 1.0 30.8
picture_000733 0.372 105.0 1.0 113.5 1.0
picture_000733 0.168 1.0 79.5 1.0 186.4
picture_000733 0.165 89.4 53.3 96.2 88.6
picture_000733 0.107 213.0 70.2 213.0 117.4
picture_000738 0.999 40.4 280.8 108.4 415.0
picture_000738 0.999 39.3 415.0 90.9 415.0
picture_000738 0.999 86.0 311.9 160.8 407.5
picture_000738 0.998 101.6 227.9 202.6 414.2
picture_000738 0.995 6.5 132.2 35.6 415.0
picture_000738 0.995 56.0 1.0 133.2 407.6
picture_000738 0.994 150.8 415.0 176.6 415.0
picture_000738 0.991 120.2 300.9 131.0 377.3
picture_000738 0.961 27.1 415.0 39.1 415.0
picture_000738 0.759 290.0 110.5 290.0 373.9
picture_000738 0.642 124.1 415.0 137.6 415.0
picture_000738 0.449 284.1 405.2 290.0 415.0
picture_000738 0.110 1.0 134.6 1.0 354.9
picture_000738 0.094 1.0 415.0 24.5 415.0
picture_000740 0.999 205.7 150.1 305.0 255.2
picture_000740 0.998 258.8 154.9 305.0 183.8
picture_000740 0.997 214.1 81.6 304.0 102.5
picture_000740 0.994 70.7 96.9 289.5 200.2
picture_000740 0.991 1.0 162.2 305.0 268.2
picture_000740 0.961 121.8 1.0 265.7 1.0
picture_000740 0.707 257.1 342.9 305.0 352.8
picture_000740 0.419 64.4 17.8 279.2 46.7
picture_000740 0.374 163.7 44.5 268.1 50.0
picture_000740 0.261 1.0 168.3 302.1 186.8
picture_000741 0.999 86.2 90.6 193.8 122.6
picture_000741 0.998 48.8 64.8 141.5 105.3
picture_000741 0.998 1.0 93.3 79.6 130.2
picture_000741 0.996 120.9 64.7 171.9 90.2
picture_000741 0.996 81.4 126.2 256.8 201.4
picture_000741 0.994 212.4 24.7 268.0 35.6
picture_000741 0.993 95.8 1.0 191.6 1.0
picture_000741 0.993 114.3 20.1 268.0 89.1
picture_000741 0.989 1.0 63.4 13.6 108.8
picture_000741 0.989 10.8 1.0 180.5 11.0
picture_000741 0.987 1.0 25.9 134.6 97.9
picture_000741 0.984 1.0 26.8 43.0 136.3
picture_000741 0.762 184.8 74.0 214.3 79.7
picture_000741 0.636 1.0 88.4 235.6 152.9
picture_000742 0.999 1.0 74.1 92.7 123.9
picture_000742 0.998 1.0 23.4 1.0 101.4
picture_000742 0.997 1.0 77.8 1.0 131.2
picture_000742 0.995 1.0 105.3 72.2 134.6
picture_000742 0.993 1.0 1.0 158.8 13.3
picture_000742 0.992 38.4 63.6 193.5 162.0
picture_000742 0.992 1.0 1.0 37.0 28.9
picture_000742 0.990 1.0 84.7 30.3 105.3
picture_000742 0.986 1.0 99.7 26.4 117.4
picture_000742 0.980 49.9 18.6 173.9 34.2
picture_000742 0.980 1.0 54.6 13.5 162.0
picture_000742 0.976 60.7 162.0 165.2 162.0
picture_000742 0.973 1.0 162.0 29.0 162.0
picture_000742 0.881 1.0 1.0 46.5 1.0
picture_000742 0.792 1.0 115.8 42.5 125.8
picture_000742 0.677 1.0 1.0 1.0 1.0
picture_000742 0.649 1.0 157.2 1.0 162.0
picture_000742 0.567 63.0 1.0 160.6 1.0
picture_000742 0.129 1.0 1.0 1.0 25.2
picture_000743 1.000 146.7 171.2 212.2 248.1
picture_000743 0.999 38.7 189.1 236.2 224.4
picture_000743 0.998 79.5 172.1 308.0 299.6
picture_000743 0.996 86.6 306.6 190.5 322.0
picture_000743 0.996 44.1 44.9 177.0 222.5
picture_000743 0.996 17.6 145.9 47.7 228.2
picture_000743 0.994 41.5 17.7 228.2 115.6
picture_000743 0.993 132.6 110.2 148.0 181.8
picture_000743 0.134 107.2 74.4 126.9 93.9
picture_000744 0.999 23.0 140.2 75.9 179.6
picture_000744 0.999 8.2 124.9 135.5 185.4
picture_000744 0.998 1.0 182.8 73.8 223.0
picture_000744 0.995 77.7 88.5 139.0 129.2
picture_000744 0.990 40.3 68.3 81.0 88.1
picture_000744 0.989 1.0 216.5 139.0 232.0
picture_000744 0.982 1.0 232.0 78.7 232.0
picture_000744 0.977 1.0 113.0 1.0 137.8
picture_000744 0.974 81.8 16.0 132.8 44.2
picture_000744 0.939 1.0 168.5 139.0 182.4
picture_000744 0.903 1.0 176.3 1.0 200.8
picture_000744 0.861 122.7 100.2 139.0 119.0
picture_000744 0.835 3.3 1.0 64.3 1.0
picture_000744 0.714 1.0 129.3 1.0 144.1
picture_000744 0.682 60.7 135.0 89.3 148.1
picture_000744 0.581 1.0 61.5 139.0 144.9
picture_000744 0.573 1.0 60.9 3.9 72.3
picture_000744 0.543 33.3 1.0 58.9 17.9
picture_000744 0.500 139.0 135.6 139.0 182.2
picture_000744 0.399 1.0 69.8 1.0 97.7
picture_000744 0.318 29.5 175.0 87.9 186.0
picture_000744 0.182 84.2 1.0 137.1 8.1
picture_000744 0.105 1.0 167.9 1.0 183.0
