picture_000044 0.998 13.7 629.6 61.8 671.8
picture_000044 0.998 20.9 569.0 60.3 644.0
picture_000044 0.995 24.2 712.3 60.4 718.0
picture_000044 0.988 2.3 618.4 18.2 658.5
picture_000044 0.974 112.4 671.6 155.5 696.3
picture_000044 0.706 1.0 552.6 1.0 623.9
picture_000044 0.080 29.6 613.8 37.6 650.6
picture_000045 1.000 19.2 68.6 76.3 128.9
picture_000045 1.000 1.0 5.9 46.4 113.8
picture_000045 1.000 48.6 44.2 65.1 152.9
picture_000045 1.000 13.3 90.6 102.3 164.0
picture_000045 0.999 72.2 56.3 93.7 78.0
picture_000045 0.998 50.0 115.7 111.4 126.2
picture_000045 0.997 1.0 133.0 1.8 164.0
picture_000046 1.000 1.0 114.8 76.1 154.6
picture_000046 1.000 8.8 137.9 54.1 163.0
picture_000046 1.000 1.0 153.8 12.3 163.0
picture_000046 0.999 57.5 140.4 167.2 163.0
picture_000046 0.999 50.4 163.0 92.4 163.0
picture_000046 0.999 15.4 26.8 48.8 136.9
picture_000046 0.992 1.0 135.3 1.0 162.5
picture_000046 0.823 45.0 1.0 113.5 156.9
picture_000046 0.821 1.0 83.2 1.0 139.4
picture_000046 0.167 58.9 87.7 170.0 137.5
picture_000047 1.000 58.2 284.5 92.1 323.0
picture_000047 1.000 103.2 181.8 139.0 323.0
picture_000047 1.000 70.4 268.2 134.4 323.0
picture_000047 0.973 1.0 288.1 1.0 323.0
picture_000047 0.913 74.2 253.5 82.2 318.1
picture_000047 0.719 73.0 117.8 80.0 323.0
picture_000047 0.666 203.0 156.7 203.0 276.7
picture_000047 0.550 1.0 154.2 1.0 259.6
picture_000047 0.323 1.0 238.4 1.0 290.9
picture_000049 1.000 1.0 159.3 78.3 182.2
picture_000049 0.999 57.2 123.8 140.1 166.2
picture_000049 0.998 1.0 187.0 89.0 187.0
picture_000049 0.998 1.0 176.7 143.0 187.0
picture_000049 0.995 1.0 127.5 1.0 165.8
picture_000049 0.991 67.4 187.0 143.0 187.0
picture_000049 0.973 41.7 38.3 83.6 184.5
picture_000049 0.929 1.0 176.9 1.0 187.0
picture_000049 0.555 1.0 187.0 1.0 187.0
picture_000049 0.514 1.0 164.4 1.0 177.2
picture_000170 0.999 3.0 592.2 61.8 654.9
picture_000170 0.999 1.0 596.7 18.2 653.3
picture_000170 0.995 1.0 561.5 1.0 596.8
picture_000170 0.988 1.0 450.7 56.9 491.3
picture_000170 0.987 54.3 611.7 94.3 628.8
picture_000170 0.985 34.2 412.3 77.3 656.2
picture_000170 0.980 1.0 399.3 14.4 651.6
picture_000170 0.856 1.0 701.5 8.9 726.0
picture_000170 0.820 1.0 447.5 13.6 461.3
picture_000170 0.351 1.0 726.0 1.0 726.0
picture_000170 0.183 73.2 726.0 138.2 726.0
picture_000497 1.000 104.7 35.1 158.5 106.5
picture_000497 0.999 160.8 1.0 173.0 29.0
picture_000497 0.999 123.2 1.0 173.0 6.8
picture_000497 0.996 140.5 1.0 170.0 2.0
picture_000497 0.996 88.8 32.1 147.1 221.0
picture_000497 0.995 1.0 114.3 69.3 136.1
picture_000497 0.995 97.0 1.0 173.0 45.0
picture_000497 0.992 67.7 218.8 107.9 221.0
picture_000497 0.971 1.2 1.0 72.0 1.0
picture_000497 0.729 1.0 14.3 67.0 54.4
picture_000497 0.355 173.0 21.6 173.0 54.6
picture_000497 0.193 173.0 1.0 173.0 1.0
picture_000497 0.097 173.0 145.5 173.0 180.0
picture_000499 1.000 48.1 192.1 150.0 270.6
picture_000499 1.000 51.0 104.0 150.3 131.9
picture_000499 1.000 137.3 168.6 178.2 229.6
picture_000499 1.000 110.8 149.2 207.6 287.0
picture_000499 0.999 142.4 110.3 223.5 183.5
picture_000499 0.735 88.0 83.1 119.8 95.3
picture_000499 0.125 40.1 1.0 60.4 6.4
picture_000500 1.000 159.4 475.5 204.4 539.6
picture_000500 1.000 121.5 483.7 145.5 547.0
picture_000500 0.998 206.6 409.3 236.4 613.6
picture_000501 1.000 205.2 327.5 289.4 420.3
picture_000501 1.000 233.3 247.9 260.3 342.6
picture_000501 0.999 102.4 354.6 127.1 435.0
picture_000501 0.995 134.4 409.4 165.1 435.0
picture_000501 0.977 281.6 335.8 291.0 423.3
picture_000503 1.000 65.7 153.5 113.7 225.5
picture_000503 1.000 51.9 86.4 89.5 169.9
picture_000503 0.999 99.4 1.0 133.8 164.9
picture_000503 0.998 85.6 173.3 98.7 266.3
picture_000503 0.978 108.2 95.6 120.9 123.8
picture_000503 0.949 64.2 207.1 78.6 226.1
picture_000503 0.907 111.6 90.5 119.1 177.1
picture_000503 0.074 60.4 194.7 78.1 208.2
picture_000504 1.000 103.7 53.8 161.9 120.4
picture_000504 1.000 138.0 9.8 167.0 82.7
picture_000504 0.999 17.6 115.6 132.5 146.2
picture_000504 0.999 1.0 1.0 137.2 51.8
picture_000504 0.999 147.1 74.8 167.0 103.0
picture_000504 0.997 167.0 1.0 167.0 1.0
picture_000504 0.964 167.0 23.1 167.0 50.5
picture_000504 0.857 45.2 1.0 139.4 1.0
picture_000504 0.443 167.0 114.5 167.0 134.1
picture_000504 0.356 167.0 46.0 167.0 66.9
picture_000505 1.000 3.1 182.7 33.3 220.0
picture_000505 0.999 9.5 220.0 45.0 220.0
picture_000505 0.993 8.6 8.5 46.6 203.7
picture_000505 0.758 1.0 220.0 1.0 220.0
picture_000505 0.507 1.0 201.6 1.0 220.0
picture_000505 0.113 1.0 36.1 1.0 196.7
picture_000506 1.000 15.7 42.8 82.5 97.3
picture_000506 1.000 1.0 1.7 31.3 46.0
picture_000506 1.000 1.0 96.5 142.0 120.1
picture_000506 1.000 1.0 1.0 142.0 24.3
picture_000506 1.000 1.0 51.3 142.0 140.0
picture_000506 0.999 1.0 139.8 38.0 140.0
picture_000506 0.999 1.0 139.2 7.9 140.0
picture_000506 0.999 123.7 81.5 142.0 105.8
picture_000506 0.999 65.9 1.0 110.6 1.0
picture_000506 0.993 1.0 85.0 142.0 96.6
picture_000506 0.991 15.4 46.9 27.8 83.6
picture_000506 0.961 1.0 135.5 1.0 140.0
picture_000506 0.947 1.0 76.8 1.0 103.3
picture_000506 0.859 124.3 133.7 142.0 140.0
picture_000506 0.831 1.0 1.0 1.0 1.0
picture_000506 0.678 1.0 1.0 1.0 14.4
picture_000506 0.067 1.0 1.0 25.3 1.0
picture_000508 1.000 157.1 1.0 216.7 94.9
picture_000508 1.000 91.3 1.0 143.9 102.4
picture_000508 1.000 49.1 1.0 208.2 179.3
picture_000508 1.000 223.5 171.0 279.0 276.0
picture_000508 1.000 140.1 84.6 227.9 185.5
picture_000508 0.999 168.7 81.1 274.1 104.3
picture_000508 0.998 174.2 59.4 190.5 157.5
picture_000508 0.829 200.1 81.3 224.4 106.5
picture_000511 1.000 39.0 140.8 87.0 185.4
picture_000511 0.999 132.4 135.7 196.0 189.3
picture_000511 0.999 79.6 95.5 176.3 153.7
picture_000511 0.999 162.9 56.8 196.0 103.6
picture_000511 0.999 113.9 103.8 133.2 145.9
picture_000511 0.998 30.3 132.9 125.7 149.8
picture_000511 0.939 196.0 124.4 196.0 137.4
picture_000512 1.000 168.0 126.4 176.0 160.0
picture_000512 0.999 172.3 143.1 176.0 213.0
picture_000512 0.999 82.6 105.1 176.0 138.7
picture_000512 0.999 151.4 100.6 176.0 186.3
picture_000512 0.999 83.8 179.5 134.5 190.8
picture_000512 0.999 135.3 87.5 163.1 117.7
picture_000512 0.999 1.0 56.1 176.0 114.6
picture_000512 0.996 55.3 1.0 122.1 9.4
picture_000512 0.995 56.7 125.0 176.0 163.5
picture_000512 0.573 1.0 213.0 65.6 213.0
picture_000512 0.311 1.0 118.3 78.4 126.5
picture_000512 0.203 86.2 151.4 128.4 161.3
picture_000512 0.153 176.0 163.1 176.0 176.7
picture_000512 0.100 150.9 1.0 176.0 1.2
picture_000648 1.000 1.0 223.8 78.9 289.3
picture_000648 1.000 5.6 274.0 51.1 342.5
picture_000648 0.999 1.0 238.8 72.1 396.3
picture_000648 0.998 1.0 243.5 14.6 271.9
picture_000648 0.998 1.0 165.3 1.0 189.3
picture_000648 0.106 1.0 184.4 1.0 209.5
picture_000649 1.000 62.5 247.8 123.1 281.6
picture_000649 0.999 4.4 190.1 64.2 228.8
picture_000649 0.998 60.5 213.1 80.0 252.2
picture_000649 0.997 1.0 254.5 59.1 301.0
picture_000649 0.996 35.5 279.8 88.5 294.1
picture_000649 0.258 20.6 224.1 29.2 238.8
picture_000650 0.999 22.4 456.5 134.9 495.9
picture_000650 0.998 1.0 415.8 32.7 468.5
picture_000650 0.997 95.4 394.3 150.7 406.0
picture_000650 0.997 8.6 369.7 125.2 406.8
picture_000650 0.953 1.0 345.8 1.0 386.2
picture_000650 0.357 25.9 437.8 57.7 444.5
picture_000650 0.057 93.1 453.4 140.6 459.3
picture_000651 1.000 95.0 110.8 150.6 136.2
picture_000651 0.998 20.3 129.4 85.3 143.2
picture_000651 0.998 57.2 130.2 231.0 144.0
picture_000651 0.997 163.0 144.0 205.7 144.0
picture_000651 0.912 1.0 144.0 231.0 144.0
picture_000651 0.857 62.4 144.0 77.3 144.0
picture_000651 0.809 188.5 113.8 201.1 133.1
picture_000651 0.324 1.0 80.7 1.0 125.5
picture_000651 0.072 1.0 144.0 7.8 144.0
picture_000652 1.000 4.6 68.3 66.7 134.7
picture_000652 1.000 1.0 106.6 142.0 201.7
picture_000652 0.999 1.0 159.3 5.3 187.0
picture_000652 0.998 1.0 11.7 39.5 33.6
picture_000652 0.998 1.0 2.3 1.0 69.4
picture_000652 0.988 1.0 25.3 13.7 188.4
picture_000652 0.981 9.2 1.0 70.3 24.6
picture_000652 0.981 1.0 45.9 1.0 88.7
picture_000652 0.968 21.4 1.0 113.9 1.0
picture_000652 0.962 1.0 140.2 1.0 198.7
picture_000652 0.815 1.0 228.0 66.3 228.0
picture_000652 0.669 1.0 87.0 1.0 107.4
picture_000652 0.423 1.0 1.0 1.0 1.0
picture_000653 1.000 156.3 491.7 191.2 531.4
picture_000653 0.999 199.3 534.2 255.2 595.2
picture_000653 0.998 259.6 535.0 306.5 555.2
picture_000653 0.892 137.0 518.9 156.1 535.2
picture_000656 1.000 101.1 229.8 142.6 256.3
picture_000656 0.998 145.0 228.1 291.0 255.6
picture_000656 0.997 1.0 221.2 132.7 251.8
picture_000656 0.995 1.0 262.0 291.0 262.0
picture_000656 0.995 93.0 262.0 174.7 262.0
picture_000656 0.993 234.3 225.5 254.6 252.1
picture_000656 0.059 51.6 262.0 67.6 262.0
picture_000657 1.000 53.4 228.5 221.0 281.5
picture_000657 0.999 1.0 274.0 128.0 291.0
picture_000657 0.999 32.8 281.8 50.9 291.0
picture_000657 0.998 103.7 291.0 226.0 291.0
picture_000657 0.998 20.5 291.0 85.0 291.0
picture_000657 0.944 8.2 192.0 20.7 264.7
picture_000657 0.853 1.0 262.2 1.0 284.9
picture_000657 0.620 221.3 224.3 226.0 273.4
picture_000657 0.107 226.0 259.9 226.0 285.6
picture_000659 1.000 127.8 350.0 195.2 463.5
picture_000659 1.000 113.9 358.6 144.5 393.6
picture_000659 1.000 150.1 274.4 169.2 418.3
picture_000659 0.999 182.6 479.1 215.3 485.0
picture_000659 0.999 74.9 251.4 94.9 485.0
picture_000659 0.999 105.7 440.9 139.6 485.0
picture_000659 0.698 114.5 485.0 130.0 485.0
picture_000659 0.244 187.2 389.1 194.7 416.4
picture_000666 1.000 119.5 139.6 267.0 265.5
picture_000666 1.000 72.1 73.0 254.5 211.2
picture_000666 1.000 59.7 259.2 184.3 343.0
picture_000666 0.999 86.4 160.1 167.0 194.4
picture_000666 0.999 1.0 63.5 191.6 134.4
picture_000666 0.775 50.5 327.8 126.2 341.9
picture_000666 0.521 96.8 343.0 172.1 343.0
picture_000666 0.116 170.4 1.0 207.7 1.0
picture_000666 0.101 1.0 198.6 115.3 224.7
picture_000667 1.000 7.6 141.8 79.8 174.2
picture_000667 1.000 1.0 156.2 27.2 207.0
picture_000667 1.000 37.1 59.8 165.0 83.2
picture_000667 0.999 1.0 80.3 165.0 157.0
picture_000667 0.997 1.0 187.1 42.5 212.4
picture_000667 0.967 16.9 136.1 86.6 141.2
picture_000667 0.847 8.7 1.0 57.6 1.0
picture_000667 0.066 16.8 274.0 81.9 274.0
picture_000674 1.000 54.7 216.9 164.9 298.7
picture_000674 1.000 49.4 322.8 145.2 393.6
picture_000674 0.999 56.0 285.6 91.8 333.2
picture_000674 0.994 6.0 373.6 53.6 410.0
picture_000674 0.418 115.1 336.7 135.4 356.2
picture_000674 0.117 1.0 312.0 93.1 393.9
picture_000675 1.000 152.6 80.1 223.0 104.6
picture_000675 1.000 198.9 1.0 223.0 42.3
picture_000675 1.000 68.1 17.3 222.6 74.7
picture_000675 0.999 5.7 86.0 223.0 104.5
picture_000675 0.997 49.2 66.9 217.0 77.3
picture_000675 0.997 1.0 33.0 185.6 53.2
picture_000675 0.996 54.4 1.0 215.3 1.0
picture_000675 0.994 223.0 47.4 223.0 69.2
picture_000675 0.982 195.9 120.0 223.0 120.0
picture_000675 0.977 1.0 97.1 223.0 119.1
picture_000675 0.868 1.0 118.2 180.8 120.0
picture_000675 0.571 223.0 112.8 223.0 120.0
picture_000675 0.352 223.0 1.0 223.0 1.0
picture_000675 0.268 1.0 57.9 223.0 71.8
picture_000675 0.171 1.0 1.0 158.3 5.8
picture_000675 0.109 223.0 27.2 223.0 34.0
picture_000676 1.000 94.9 107.3 208.0 137.5
picture_000676 0.999 129.4 132.1 161.9 142.0
picture_000676 0.999 111.6 142.0 208.0 142.0
picture_000676 0.996 1.0 133.0 208.0 142.0
picture_000676 0.943 141.2 45.6 153.8 121.7
picture_000676 0.928 88.5 142.0 101.5 142.0
picture_000676 0.851 23.3 125.7 45.5 142.0
picture_000676 0.835 157.0 105.6 164.2 133.0
picture_000676 0.195 131.2 142.0 154.0 142.0
picture_000676 0.175 208.0 88.3 208.0 121.5
picture_000677 1.000 58.8 92.0 130.1 162.8
picture_000677 1.000 84.6 57.1 161.0 142.7
picture_000677 1.000 93.1 134.4 161.0 169.0
picture_000677 1.000 161.0 83.0 161.0 155.4
picture_000677 1.000 161.0 132.8 161.0 169.0
picture_000677 0.999 1.0 161.9 161.0 169.0
picture_000677 0.999 1.0 169.0 152.1 169.0
picture_000677 0.998 1.0 160.6 28.6 169.0
picture_000677 0.998 3.2 169.0 41.3 169.0
picture_000677 0.993 1.0 1.0 7.1 136.5
picture_000677 0.990 2.7 1.0 146.9 169.0
picture_000677 0.949 101.5 169.0 124.5 169.0
picture_000677 0.792 161.0 169.0 161.0 169.0
picture_000677 0.529 1.0 167.8 1.0 169.0
picture_000678 1.000 85.7 4.7 111.9 118.9
picture_000678 1.000 91.9 1.0 141.3 38.2
picture_000678 1.000 142.4 1.0 158.1 44.5
picture_000678 0.997 125.4 1.0 133.5 117.3
picture_000678 0.995 25.1 54.4 121.5 230.6
picture_000678 0.989 28.5 1.0 41.5 1.0
picture_000678 0.762 1.0 84.9 4.6 139.3
picture_000678 0.275 69.3 1.0 79.7 2.6
picture_000678 0.152 125.7 88.6 131.5 157.0
picture_000680 1.000 92.2 258.4 246.0 361.7
picture_000680 1.000 143.4 196.9 246.0 310.6
picture_000680 1.000 200.8 200.1 231.5 303.5
picture_000680 1.000 77.0 355.3 163.6 386.5
picture_000680 0.998 201.3 269.8 246.0 291.4
picture_000680 0.954 100.0 103.5 153.7 115.8
picture_000680 0.905 1.0 419.0 128.4 419.0
picture_000680 0.248 187.4 298.5 222.7 312.7
picture_000680 0.135 58.9 345.0 129.2 355.5
picture_000683 1.000 149.9 193.2 212.4 224.6
picture_000683 1.000 1.0 192.1 214.0 223.5
picture_000683 1.000 101.9 228.0 196.7 228.0
picture_000683 0.999 185.3 109.0 214.0 207.5
picture_000683 0.998 214.0 152.1 214.0 208.9
picture_000683 0.998 187.3 228.0 214.0 228.0
picture_000683 0.998 214.0 195.4 214.0 223.6
picture_000683 0.864 214.0 228.0 214.0 228.0
picture_000683 0.374 50.9 40.1 203.9 228.0
picture_000685 1.000 1.0 1.0 117.7 35.6
picture_000685 1.000 1.0 47.2 27.9 127.9
picture_000685 1.000 1.0 3.3 133.0 133.0
picture_000685 0.999 39.7 113.8 133.0 133.0
picture_000685 0.999 1.0 1.0 1.0 53.9
picture_000685 0.999 1.0 133.0 1.0 133.0
picture_000685 0.998 1.0 1.0 43.2 94.3
picture_000685 0.997 1.0 45.4 1.0 133.0
picture_000685 0.997 1.0 1.0 7.9 20.2
picture_000685 0.995 1.0 133.0 43.4 133.0
picture_000685 0.990 1.0 1.0 108.4 9.3
picture_000685 0.988 25.3 1.0 133.0 1.0
picture_000685 0.793 1.0 1.0 1.0 2.0
picture_000685 0.183 1.0 1.0 9.3 133.0
picture_000688 1.000 226.3 49.7 274.0 128.2
picture_000688 1.000 128.3 150.5 253.0 177.9
picture_000688 0.999 228.4 1.0 274.0 1.0
picture_000688 0.999 269.0 1.0 274.0 35.2
picture_000688 0.996 274.0 7.8 274.0 57.7
picture_000688 0.995 270.3 224.2 274.0 283.0
picture_000688 0.902 144.2 1.0 244.4 1.0
picture_000688 0.665 1.0 1.0 274.0 2.1
picture_000688 0.612 1.0 136.8 274.0 166.0
picture_000688 0.055 1.0 234.7 274.0 283.0
picture_000689 1.000 91.3 1.0 120.9 52.3
picture_000689 1.000 36.1 8.4 126.0 92.7
picture_000689 1.000 28.6 1.0 68.0 5.9
picture_000689 1.000 26.4 1.0 156.2 30.1
picture_000689 1.000 1.0 1.0 84.7 147.0
picture_000689 0.999 1.0 37.9 20.7 112.3
picture_000689 0.999 53.8 51.4 74.8 147.0
picture_000689 0.999 1.0 1.0 1.0 74.4
picture_000689 0.998 1.0 52.6 1.0 147.0
picture_000689 0.998 1.0 1.0 5.6 1.0
picture_000689 0.997 135.4 1.0 168.9 1.0
picture_000689 0.992 99.8 1.0 109.2 139.6
picture_000689 0.976 24.7 1.0 40.0 33.9
picture_000689 0.778 1.0 1.0 1.0 1.0
picture_000689 0.746 91.6 1.0 101.7 26.8
picture_000689 0.633 44.6 1.0 117.6 1.0
picture_000689 0.067 179.0 1.0 179.0 1.0
picture_000693 1.000 157.4 75.5 328.0 125.8
picture_000693 1.000 131.8 130.7 163.4 151.9
picture_000693 0.999 20.6 160.9 69.3 200.5
picture_000693 0.999 45.5 104.8 129.2 169.1
picture_000693 0.979 62.4 176.0 152.6 308.2
picture_000693 0.160 136.9 245.3 177.8 251.0
picture_000694 1.000 57.1 1.0 133.8 58.5
picture_000694 1.000 132.8 40.4 157.0 98.3
picture_000694 1.000 1.0 39.5 157.0 97.0
picture_000694 0.999 1.0 107.0 157.0 138.1
picture_000694 0.998 105.4 1.0 157.0 1.0
picture_000694 0.998 1.0 32.0 111.2 57.3
picture_000694 0.996 39.1 141.0 112.4 141.0
picture_000694 0.992 157.0 94.0 157.0 112.0
picture_000694 0.989 144.5 10.4 157.0 28.3
picture_000694 0.988 157.0 119.5 157.0 141.0
picture_000694 0.962 1.0 1.0 82.1 1.0
picture_000695 0.998 1.0 600.4 17.2 673.4
picture_000695 0.992 15.3 576.4 75.3 615.6
picture_000695 0.986 1.0 694.8 1.0 713.0
picture_000695 0.974 1.0 681.9 17.7 698.9
picture_000695 0.968 1.5 477.9 25.2 560.6
picture_000695 0.956 1.0 595.9 1.0 687.3
picture_000695 0.622 1.0 642.2 1.0 663.5
picture_000695 0.337 1.0 713.0 1.0 713.0
picture_000695 0.053 1.0 662.8 1.0 703.1
picture_000696 1.000 129.3 87.9 189.0 164.0
picture_000696 1.000 78.7 28.0 189.0 140.5
picture_000696 1.000 122.1 151.5 189.0 175.8
picture_000696 1.000 146.8 1.0 189.0 98.2
picture_000696 1.000 189.0 37.5 189.0 123.7
picture_000696 1.000 1.0 98.5 174.4 145.3
picture_000696 1.000 161.7 182.0 189.0 182.0
picture_000696 0.999 55.9 47.9 170.7 67.7
picture_000696 0.998 189.0 105.3 189.0 134.1
picture_000696 0.961 18.3 182.0 148.1 182.0
picture_000696 0.948 1.0 83.6 189.0 100.8
picture_000696 0.884 111.0 182.0 174.2 182.0
picture_000696 0.835 161.0 1.0 189.0 1.0
picture_000696 0.750 189.0 1.0 189.0 26.6
picture_000696 0.629 1.0 135.9 189.0 174.9
picture_000701 1.000 65.3 1.0 109.8 88.3
picture_000701 1.000 1.0 1.0 67.9 69.2
picture_000701 1.000 1.0 88.6 23.9 108.0
picture_000701 1.000 1.0 1.0 126.0 1.0
picture_000701 0.999 97.3 108.0 126.0 108.0
picture_000701 0.999 123.5 74.7 126.0 108.0
picture_000701 0.998 17.5 95.0 79.5 108.0
picture_000701 0.992 103.5 1.0 126.0 108.0
picture_000701 0.991 1.0 1.0 1.0 35.4
picture_000701 0.970 8.6 21.8 126.0 108.0
picture_000701 0.968 1.0 1.0 35.7 24.5
picture_000701 0.763 126.0 79.4 126.0 108.0
picture_000701 0.123 1.0 1.0 6.2 108.0
picture_000703 1.000 117.6 250.9 187.2 297.0
picture_000703 1.000 144.3 186.6 192.0 275.1
picture_000703 1.000 95.8 172.2 192.0 211.3
picture_000703 1.000 186.8 263.2 192.0 294.0
picture_000703 1.000 175.6 246.2 192.0 263.2
picture_000703 1.000 1.0 181.1 192.0 275.6
picture_000703 0.999 126.3 297.0 192.0 297.0
picture_000703 0.981 112.4 38.2 189.4 53.6
picture_000703 0.853 1.2 297.0 140.4 297.0
picture_000703 0.237 37.7 216.3 133.8 219.7
picture_000703 0.218 192.0 156.8 192.0 162.5
picture_000704 1.000 15.1 1.0 103.1 95.5
picture_000704 1.000 90.4 111.1 129.0 119.0
picture_000704 1.000 1.0 93.0 42.3 119.0
picture_000704 1.000 88.3 1.0 129.0 119.0
picture_000704 0.999 1.0 1.0 36.4 119.0
picture_000704 0.999 46.1 1.0 129.0 4.8
picture_000704 0.999 129.0 1.0 129.0 74.2
picture_000704 0.995 129.0 48.4 129.0 119.0
picture_000704 0.987 1.0 119.0 56.8 119.0
picture_000705 1.000 1.0 9.3 118.7 153.9
picture_000705 0.999 77.8 37.6 166.4 80.5
picture_000705 0.999 1.0 1.0 220.0 25.3
picture_000705 0.999 220.0 54.8 220.0 95.7
picture_000705 0.999 25.6 20.6 124.5 33.1
picture_000705 0.998 1.0 100.1 220.0 136.4
picture_000705 0.997 84.9 130.4 220.0 154.7
picture_000705 0.997 1.0 86.0 220.0 100.8
picture_000705 0.995 63.5 115.8 90.8 137.5
picture_000705 0.875 1.0 1.0 40.1 1.0
picture_000705 0.149 131.0 1.0 179.0 1.0
picture_000705 0.130 185.4 1.0 206.8 1.0
picture_000705 0.090 1.0 31.7 1.0 47.9
picture_000705 0.052 1.0 88.6 78.3 102.7
picture_000706 1.000 18.4 168.3 110.3 209.2
picture_000706 1.000 1.0 126.3 39.8 141.7
picture_000706 1.000 1.0 261.1 40.1 296.1
picture_000706 0.999 18.0 246.9 74.5 262.5
picture_000706 0.999 1.0 225.7 11.3 237.6
picture_000706 0.964 30.2 84.9 109.6 91.1
picture_000706 0.443 1.0 180.2 195.0 230.3
picture_000706 0.193 11.6 30.1 49.1 44.9
picture_000707 1.000 13.9 127.1 96.1 206.6
picture_000707 1.000 1.0 41.1 1.0 178.4
picture_000707 1.000 1.0 229.0 64.0 229.0
picture_000707 0.999 36.4 1.0 136.3 83.1
picture_000707 0.999 1.0 168.1 169.2 213.3
picture_000707 0.999 1.0 87.6 202.0 131.1
picture_000707 0.998 1.0 116.7 1.0 152.6
picture_000707 0.993 1.0 1.0 1.0 57.1
picture_000707 0.991 1.0 224.7 1.0 229.0
picture_000707 0.489 1.0 198.8 1.0 219.0
picture_000709 1.000 1.0 168.2 80.6 199.2
picture_000709 1.000 5.7 132.4 75.2 163.3
picture_000709 1.000 1.0 119.6 32.0 142.8
picture_000709 0.999 1.0 60.8 89.8 140.6
picture_000709 0.999 1.0 204.2 1.0 224.3
picture_000709 0.999 26.5 142.4 134.1 154.1
picture_000709 0.998 57.3 204.8 102.4 215.0
picture_000709 0.996 1.0 142.1 32.8 152.5
picture_000709 0.146 48.2 26.3 89.7 31.6
picture_000709 0.078 56.3 182.7 110.9 187.4
picture_000718 0.999 10.0 134.6 33.1 214.0
picture_000718 0.999 1.0 178.9 87.2 214.0
picture_000718 0.999 10.4 115.9 74.2 166.4
picture_000718 0.999 38.0 127.7 106.6 145.3
picture_000718 0.998 79.0 45.9 127.6 70.7
picture_000718 0.993 99.5 205.1 166.0 214.0
picture_000718 0.982 4.0 155.0 122.1 168.4
picture_000718 0.893 102.4 90.0 166.0 214.0
picture_000718 0.828 43.0 214.0 68.4 214.0
picture_000718 0.618 81.8 45.1 133.6 52.2
picture_000718 0.412 1.0 66.3 6.8 78.8
picture_000718 0.340 92.7 85.0 166.0 113.6
picture_000718 0.164 70.1 19.9 166.0 157.8
picture_000718 0.153 1.0 78.1 1.0 112.8
picture_000718 0.062 92.8 214.0 166.0 214.0
picture_000718 0.059 44.6 1.0 83.5 47.8
picture_000718 0.056 39.5 1.0 77.8 2.8
picture_000722 1.000 1.8 129.1 57.8 196.0
picture_000722 0.999 1.0 222.6 8.4 340.5
picture_000722 0.997 8.4 165.5 64.3 184.0
picture_000722 0.997 1.0 290.9 13.6 313.9
picture_000722 0.987 1.0 1.0 1.0 20.3
picture_000722 0.632 1.0 106.1 292.0 189.2
picture_000723 1.000 98.3 1.0 174.7 142.6
picture_000723 0.999 43.0 59.5 85.4 144.4
picture_000723 0.999 61.2 1.0 167.5 22.2
picture_000723 0.999 152.5 1.0 189.1 36.1
picture_000723 0.999 102.9 1.0 115.3 89.8
picture_000723 0.998 14.8 34.0 166.2 223.8
picture_000723 0.817 79.6 1.0 93.7 1.0
picture_000723 0.050 1.0 1.0 1.0 12.7
picture_000724 1.000 263.9 266.3 318.0 340.0
picture_000724 1.000 323.0 264.4 323.0 332.8
picture_000724 1.000 260.1 354.0 312.3 354.0
picture_000724 0.999 298.7 269.8 323.0 354.0
picture_000724 0.975 263.4 1.0 316.3 354.0
picture_000724 0.401 323.0 354.0 323.0 354.0
picture_000726 1.000 7.4 58.4 79.8 157.5
picture_000726 1.000 1.0 104.5 190.5 189.0
picture_000726 1.000 1.0 1.0 57.5 15.9
picture_000726 0.999 1.0 75.6 1.0 136.5
picture_000726 0.999 63.4 47.2 202.0 147.9
picture_000726 0.998 13.8 94.7 59.2 119.8
picture_000726 0.997 81.8 189.0 202.0 189.0
picture_000726 0.995 1.0 189.0 1.0 189.0
picture_000726 0.994 1.0 1.0 1.0 20.6
picture_000726 0.966 63.8 1.0 139.6 1.0
picture_000727 1.000 302.0 586.6 302.0 676.0
picture_000727 0.999 245.6 499.8 291.3 604.5
picture_000727 0.996 302.0 534.5 302.0 569.8
picture_000727 0.992 265.3 676.0 291.5 676.0
picture_000727 0.909 235.0 607.8 279.9 646.2
picture_000727 0.788 255.8 601.9 297.2 611.6
picture_000728 1.000 18.2 128.7 103.5 212.9
picture_000728 1.000 1.0 10.7 86.0 176.6
picture_000728 1.000 50.0 19.6 213.0 100.6
picture_000728 1.000 18.7 142.9 48.4 201.3
picture_000728 1.000 1.0 151.5 177.3 184.1
picture_000728 0.999 1.0 49.1 1.3 75.2
picture_000728 0.999 1.0 134.9 1.0 220.1
picture_000728 0.994 1.0 154.3 39.7 241.0
picture_000728 0.984 137.3 212.0 213.0 241.0
picture_000728 0.966 1.0 190.4 5.6 210.3
picture_000728 0.953 1.0 1.0 33.9 1.0
picture_000728 0.943 1.0 1.0 1.0 84.5
picture_000728 0.940 123.2 1.0 209.9 1.0
picture_000728 0.903 1.0 241.0 1.0 241.0
picture_000728 0.890 1.0 216.5 1.0 241.0
picture_000728 0.605 1.0 103.7 1.0 135.0
picture_000728 0.054 158.1 35.6 213.0 62.0
picture_000730 1.000 233.8 455.0 312.1 524.4
picture_000730 1.000 234.1 537.4 304.7 571.0
picture_000730 0.999 152.2 571.0 285.2 571.0
picture_000730 0.998 318.4 396.9 335.0 423.6
picture_000730 0.975 317.8 544.2 335.0 556.6
picture_000730 0.392 269.0 571.0 320.4 571.0
picture_000731 1.000 203.4 280.1 278.0 409.7
picture_000731 1.000 208.9 209.4 278.1 284.0
picture_000731 1.000 282.0 158.9 282.0 332.1
picture_000731 0.999 191.5 1.0 273.8 366.6
picture_000731 0.999 252.2 253.2 282.0 284.0
picture_000731 0.997 148.9 178.0 267.6 239.2
picture_000731 0.447 191.4 270.0 258.8 280.9
picture_000732 1.000 7.3 24.8 119.1 130.2
picture_000732 1.000 50.5 1.0 104.3 37.9
picture_000732 0.999 134.6 73.3 164.0 115.1
picture_000732 0.999 1.0 41.9 97.9 57.8
picture_000732 0.999 1.0 1.0 106.2 1.0
picture_000732 0.999 1.0 24.3 1.0 98.9
picture_000732 0.998 1.0 137.3 18.6 144.0
picture_000732 0.998 89.6 144.0 126.3 144.0
picture_000732 0.996 10.1 37.4 25.4 74.3
picture_000732 0.996 1.0 67.8 164.0 88.4
picture_000732 0.994 111.9 1.0 164.0 1.0
picture_000732 0.993 80.1 49.0 105.7 68.1
picture_000732 0.744 1.0 86.6 1.0 102.2
picture_000732 0.615 1.0 1.0 15.0 1.0
picture_000733 1.000 86.3 80.7 118.0 143.3
picture_000733 1.000 58.3 54.8 213.0 89.9
picture_000733 1.000 1.0 7.5 78.7 38.6
picture_000733 1.000 79.2 1.0 94.0 77.5
picture_000733 0.999 28.4 2.4 111.4 89.9
picture_000733 0.999 62.5 1.0 161.8 32.1
picture_000733 0.999 47.6 1.0 213.0 155.8
picture_000733 0.997 1.0 109.6 41.1 203.0
picture_000733 0.996 1.0 1.0 1.0 5.1
picture_000733 0.985 144.1 1.0 173.0 1.0
picture_000733 0.766 1.0 52.0 1.0 109.8
picture_000733 0.059 109.3 1.0 119.4 1.0
picture_000738 1.000 96.2 328.3 229.5 415.0
picture_000738 1.000 101.8 391.0 209.9 415.0
picture_000738 1.000 57.9 261.8 200.6 386.5
picture_000738 1.000 21.2 260.3 109.9 415.0
picture_000738 1.000 142.1 205.2 184.0 368.0
picture_000738 0.999 123.6 152.4 284.2 415.0
picture_000738 0.997 215.7 415.0 248.6 415.0
picture_000738 0.995 290.0 341.5 290.0 415.0
picture_000738 0.929 1.0 387.0 1.0 415.0
picture_000738 0.907 290.0 149.0 290.0 351.3
picture_000738 0.122 1.0 296.8 1.0 376.1
picture_000738 0.066 143.8 386.1 152.8 415.0
picture_000740 1.000 206.2 153.9 302.0 255.4
picture_000740 1.000 196.0 265.4 295.0 353.3
picture_000740 0.999 299.0 182.2 305.0 207.2
picture_000740 0.999 1.0 175.9 305.0 235.7
picture_000740 0.480 257.1 1.0 305.0 47.5
picture_000740 0.344 85.4 11.2 249.5 17.7
picture_000740 0.299 305.0 191.0 305.0 203.9
picture_000741 1.000 121.4 61.1 200.4 110.7
picture_000741 1.000 11.8 70.4 122.8 94.5
picture_000741 1.000 96.2 71.5 226.7 204.9
picture_000741 0.999 12.0 73.8 76.7 141.5
picture_000741 0.998 1.0 26.6 188.7 139.1
picture_000741 0.916 154.4 49.6 176.2 60.8
picture_000741 0.742 1.0 162.5 71.4 212.4
picture_000742 1.000 1.0 31.3 68.8 102.2
picture_000742 1.000 1.0 96.5 31.9 162.0
picture_000742 0.999 13.5 6.4 117.2 162.0
picture_000742 0.999 1.0 98.2 1.0 149.0
picture_000742 0.999 1.0 1.0 1.0 69.3
picture_000742 0.999 16.0 162.0 113.9 162.0
picture_000742 0.998 1.0 28.0 14.8 59.6
picture_000742 0.996 28.7 28.9 192.3 40.8
picture_000742 0.992 1.0 162.0 1.0 162.0
picture_000742 0.946 27.8 1.0 141.0 1.0
picture_000742 0.827 1.0 1.0 1.0 1.0
picture_000742 0.082 1.0 42.7 1.0 54.6
picture_000743 1.000 185.2 202.5 235.7 266.9
picture_000743 1.000 146.2 156.8 267.9 244.6
picture_000743 1.000 129.2 260.5 217.8 322.0
picture_000743 0.999 120.3 109.5 171.1 147.7
picture_000743 0.999 1.0 117.1 193.7 160.3
picture_000743 0.995 150.5 1.0 216.7 86.1
picture_000743 0.990 171.0 193.4 193.3 226.9
picture_000743 0.273 37.4 114.3 48.4 149.5
picture_000744 1.000 1.0 153.4 38.1 202.5
picture_000744 1.000 20.3 118.2 111.1 173.9
picture_000744 0.999 1.0 94.9 48.9 133.4
picture_000744 0.999 1.0 166.2 139.0 232.0
picture_000744 0.999 1.0 167.2 139.0 182.3
picture_000744 0.998 14.7 85.4 51.5 102.9
picture_000744 0.997 3.6 139.3 83.1 148.7
picture_000744 0.997 29.3 22.3 96.7 31.8
picture_000744 0.992 1.0 232.0 44.2 232.0
picture_000744 0.986 1.0 211.8 1.0 227.4
picture_000744 0.973 112.9 174.1 139.0 184.8
picture_000744 0.972 1.0 226.7 139.0 232.0
picture_000744 0.822 87.1 22.6 115.9 30.8
picture_000744 0.285 1.0 44.6 1.0 67.0
picture_000744 0.206 1.0 232.0 1.0 232.0
picture_000744 0.053 11.2 128.6 29.1 137.0
