picture_000044 0.999 40.4 659.8 82.7 718.0
picture_000044 0.996 37.0 558.0 74.2 619.2
picture_000044 0.996 37.9 718.0 86.8 718.0
picture_000044 0.973 93.6 670.6 107.1 691.8
picture_000044 0.958 1.0 616.3 1.0 654.9
picture_000044 0.945 1.4 554.9 18.0 614.0
picture_000044 0.886 18.2 718.0 33.5 718.0
picture_000044 0.793 103.1 665.4 111.7 686.0
picture_000044 0.065 48.8 609.9 55.0 649.5
picture_000045 1.000 24.2 1.0 76.8 121.4
picture_000045 1.000 50.8 85.0 108.5 155.5
picture_000045 1.000 1.0 16.7 153.3 73.9
picture_000045 0.999 62.8 36.8 104.2 62.4
picture_000045 0.998 71.7 71.6 86.9 97.1
picture_000045 0.998 1.0 164.0 67.3 164.0
picture_000046 1.000 1.0 112.9 54.5 152.3
picture_000046 0.999 1.0 79.3 1.9 142.3
picture_000046 0.999 1.0 163.0 18.0 163.0
picture_000046 0.998 53.7 136.0 125.5 162.4
picture_000046 0.998 28.4 157.6 117.0 163.0
picture_000046 0.993 1.0 70.6 161.8 146.9
picture_000046 0.986 37.3 163.0 75.9 163.0
picture_000046 0.985 1.0 131.4 1.0 156.5
picture_000046 0.985 1.0 31.5 40.6 144.3
picture_000046 0.922 5.7 163.0 52.3 163.0
picture_000046 0.372 61.2 1.0 113.2 163.0
picture_000047 1.000 79.8 296.3 96.4 323.0
picture_000047 0.999 88.6 102.4 127.6 323.0
picture_000047 0.999 73.2 245.2 112.5 321.0
picture_000047 0.999 18.1 114.2 110.1 323.0
picture_000047 0.999 178.0 185.4 203.0 286.6
picture_000047 0.989 1.0 240.3 4.8 309.7
picture_000047 0.977 101.6 1.0 161.0 321.3
picture_000047 0.974 150.5 247.9 158.4 316.4
picture_000047 0.918 203.0 201.1 203.0 276.4
picture_000047 0.170 55.0 323.0 62.2 323.0
picture_000047 0.155 1.0 256.5 1.0 323.0
picture_000047 0.103 170.2 95.5 176.3 261.8
picture_000049 0.999 57.2 162.4 141.0 187.0
picture_000049 0.999 1.0 158.5 25.5 181.8
picture_000049 0.998 30.9 187.0 73.9 187.0
picture_000049 0.995 1.0 127.5 36.5 168.3
picture_000049 0.993 1.0 187.0 23.9 187.0
picture_000049 0.987 1.0 187.0 1.0 187.0
picture_000049 0.690 41.7 187.0 143.0 187.0
picture_000170 0.999 56.8 667.7 88.8 704.8
picture_000170 0.999 1.0 604.6 58.0 657.8
picture_000170 0.999 1.0 647.7 1.0 726.0
picture_000170 0.998 88.0 607.8 167.4 659.6
picture_000170 0.998 11.8 563.6 34.1 603.8
picture_000170 0.997 1.0 550.5 1.0 633.1
picture_000170 0.995 1.0 495.6 1.0 572.9
picture_000170 0.987 1.0 422.8 55.3 557.7
picture_000170 0.566 62.9 411.6 119.5 520.7
picture_000497 1.000 106.7 34.8 153.9 109.0
picture_000497 0.999 94.4 1.0 127.2 1.0
picture_000497 0.999 165.4 76.1 173.0 165.5
picture_000497 0.998 93.1 1.0 171.5 221.0
picture_000497 0.997 1.0 58.2 59.1 97.1
picture_000497 0.997 173.0 10.7 173.0 54.3
picture_000497 0.995 65.7 174.5 108.8 204.6
picture_000497 0.990 61.9 1.0 103.1 1.0
picture_000497 0.985 144.6 1.0 173.0 1.0
picture_000497 0.833 173.0 40.7 173.0 70.6
picture_000497 0.706 157.5 2.3 170.7 15.7
picture_000497 0.665 31.5 153.9 86.5 221.0
picture_000497 0.111 98.9 1.0 173.0 64.8
picture_000499 1.000 1.0 131.6 208.3 264.3
picture_000499 1.000 119.0 141.6 149.1 200.1
picture_000499 1.000 106.1 114.6 207.7 176.2
picture_000499 1.000 104.6 17.6 155.6 78.5
picture_000499 0.999 43.4 19.8 245.0 101.0
picture_000499 0.999 245.0 62.9 245.0 94.3
picture_000499 0.819 1.0 244.6 1.4 276.0
picture_000499 0.191 226.7 105.4 241.5 126.5
picture_000499 0.069 92.4 66.3 118.2 78.0
picture_000500 1.000 207.6 472.6 229.4 543.6
picture_000500 1.000 146.0 408.3 205.3 516.4
picture_000500 0.998 209.2 574.0 235.9 650.1
picture_000500 0.998 125.6 511.2 151.9 613.2
picture_000500 0.993 47.0 471.7 120.2 543.5
picture_000500 0.992 217.9 549.9 228.8 585.7
picture_000500 0.058 138.3 596.9 160.6 658.1
picture_000501 1.000 201.2 331.4 288.0 435.0
picture_000501 1.000 132.1 253.0 269.0 411.7
picture_000501 0.999 345.7 416.0 378.0 435.0
picture_000501 0.998 277.6 435.0 300.8 435.0
picture_000501 0.998 174.6 435.0 219.1 435.0
picture_000501 0.998 360.6 362.4 378.0 405.2
picture_000503 1.000 67.0 150.2 112.8 226.6
picture_000503 1.000 151.6 149.4 178.1 226.1
picture_000503 1.000 49.7 29.7 87.1 151.5
picture_000503 0.999 62.9 142.7 75.8 205.6
picture_000503 0.999 77.5 192.4 195.0 304.7
picture_000503 0.999 132.6 173.1 147.8 267.6
picture_000503 0.998 27.1 122.9 105.9 335.0
picture_000503 0.988 54.1 1.0 86.9 1.0
picture_000503 0.688 1.0 213.9 1.0 231.8
picture_000503 0.121 87.2 56.4 93.4 107.0
picture_000504 1.000 94.0 43.5 167.0 102.1
picture_000504 0.999 102.3 1.0 158.8 21.0
picture_000504 0.999 90.7 76.9 167.0 94.0
picture_000504 0.999 165.6 59.5 167.0 93.0
picture_000504 0.992 1.0 1.0 125.4 1.0
picture_000504 0.958 167.0 114.7 167.0 143.5
picture_000504 0.875 167.0 1.0 167.0 1.0
picture_000504 0.668 58.2 1.0 167.0 161.0
picture_000504 0.373 152.0 157.1 167.0 161.0
picture_000504 0.149 167.0 40.0 167.0 77.1
picture_000505 1.000 1.5 162.9 35.8 220.0
picture_000505 0.999 15.8 214.7 114.2 220.0
picture_000505 0.999 12.1 201.4 130.0 220.0
picture_000505 0.999 1.0 200.0 17.3 220.0
picture_000505 0.973 1.0 118.3 1.0 200.7
picture_000505 0.969 1.0 220.0 1.0 220.0
picture_000505 0.571 1.0 186.4 1.0 220.0
picture_000506 1.000 7.0 40.9 78.1 95.1
picture_000506 1.000 66.6 1.0 136.6 91.4
picture_000506 1.000 1.0 1.0 48.0 57.3
picture_000506 1.000 1.0 132.1 142.0 140.0
picture_000506 0.999 1.0 1.0 22.4 1.0
picture_000506 0.999 61.1 1.0 76.3 53.0
picture_000506 0.994 140.4 1.0 142.0 16.4
picture_000506 0.991 97.1 29.4 120.3 42.6
picture_000506 0.986 1.0 103.1 142.0 140.0
picture_000506 0.966 142.0 138.6 142.0 140.0
picture_000506 0.962 97.1 50.2 142.0 59.7
picture_000506 0.943 1.0 108.8 1.0 130.0
picture_000506 0.858 1.0 1.0 1.0 14.7
picture_000506 0.189 30.1 116.7 42.5 131.3
picture_000506 0.066 1.0 1.3 7.5 13.1
picture_000508 1.000 104.1 33.1 265.0 238.5
picture_000508 1.000 147.6 119.3 221.5 212.8
picture_000508 0.999 203.3 1.0 238.6 181.2
picture_000508 0.999 82.9 76.3 279.0 127.7
picture_000508 0.999 145.2 108.6 165.9 168.9
picture_000508 0.998 154.7 1.0 209.8 31.4
picture_000508 0.998 247.3 186.0 279.0 226.2
picture_000508 0.911 1.0 85.2 1.0 117.9
picture_000508 0.638 1.0 1.0 2.9 92.0
picture_000508 0.517 279.0 180.5 279.0 225.3
picture_000508 0.175 259.6 1.0 279.0 1.0
picture_000508 0.133 1.0 192.4 1.0 223.5
picture_000511 1.000 101.5 97.1 159.6 147.5
picture_000511 1.000 121.9 11.0 167.7 180.7
picture_000511 1.000 77.2 91.0 174.0 226.7
picture_000511 1.000 142.2 135.0 196.0 159.1
picture_000511 1.000 196.0 95.5 196.0 144.3
picture_000511 0.999 6.7 95.2 196.0 139.6
picture_000511 0.999 45.6 39.1 114.7 54.8
picture_000511 0.999 168.5 31.6 196.0 58.1
picture_000511 0.998 1.0 102.5 39.8 136.6
picture_000511 0.998 26.7 159.7 125.6 203.8
picture_000511 0.996 50.6 17.8 196.0 124.3
picture_000511 0.818 118.4 1.0 189.9 18.2
picture_000511 0.743 27.5 155.6 48.4 168.2
picture_000511 0.741 162.3 156.9 178.1 169.3
picture_000511 0.127 1.0 7.9 196.0 48.4
picture_000512 1.000 80.6 82.8 166.9 118.7
picture_000512 1.000 169.4 81.7 176.0 123.9
picture_000512 1.000 116.1 130.0 155.0 162.9
picture_000512 1.000 176.0 7.3 176.0 148.4
picture_000512 0.999 62.5 95.2 176.0 154.5
picture_000512 0.999 128.5 167.2 176.0 197.6
picture_000512 0.996 176.0 202.6 176.0 213.0
picture_000512 0.993 25.2 213.0 107.0 213.0
picture_000512 0.988 94.6 36.9 138.7 44.1
picture_000512 0.877 176.0 48.8 176.0 79.6
picture_000512 0.466 46.4 180.5 112.4 185.6
picture_000512 0.344 1.0 191.7 134.9 198.8
picture_000512 0.075 176.0 150.1 176.0 165.6
picture_000648 1.000 1.0 218.6 126.4 295.9
picture_000648 1.000 1.0 313.8 77.7 368.2
picture_000648 1.000 1.0 161.9 116.6 235.5
picture_000648 1.000 16.2 242.9 91.3 269.9
picture_000648 0.999 1.0 113.4 49.8 227.2
picture_000648 0.979 1.0 284.6 15.9 298.6
picture_000648 0.891 1.0 222.7 1.0 235.0
picture_000648 0.326 1.0 421.0 37.0 421.0
picture_000649 1.000 60.6 226.6 127.4 290.1
picture_000649 0.999 1.0 275.8 188.2 289.9
picture_000649 0.999 1.0 182.7 75.2 276.8
picture_000649 0.999 4.3 166.3 183.9 181.5
picture_000649 0.998 34.3 165.7 95.3 226.3
picture_000649 0.998 77.0 230.2 111.2 245.1
picture_000649 0.997 1.0 226.3 249.0 242.1
picture_000649 0.993 1.0 221.4 249.0 287.4
picture_000649 0.986 1.0 151.7 236.6 195.3
picture_000649 0.960 8.3 149.1 39.2 182.5
picture_000649 0.871 156.9 171.8 180.5 190.7
picture_000649 0.676 2.3 264.9 141.7 271.8
picture_000649 0.575 126.2 120.6 168.1 187.8
picture_000649 0.507 166.9 138.6 209.0 236.8
picture_000649 0.433 99.8 301.0 142.0 301.0
picture_000649 0.076 12.9 206.9 27.6 216.4
picture_000650 0.999 1.0 423.4 119.1 453.4
picture_000650 0.999 82.3 425.9 150.7 450.2
picture_000650 0.999 8.6 462.5 133.5 491.1
picture_000650 0.999 30.1 416.5 203.8 477.4
picture_000650 0.998 36.1 556.0 136.1 556.0
picture_000650 0.994 96.4 377.0 227.3 407.4
picture_000650 0.869 1.0 348.3 189.3 407.4
picture_000650 0.854 22.1 323.6 132.0 359.5
picture_000650 0.661 16.0 492.4 53.8 500.6
picture_000651 0.999 100.3 112.8 181.1 133.2
picture_000651 0.998 1.0 126.9 174.6 141.0
picture_000651 0.996 77.9 74.9 208.7 129.6
picture_000651 0.995 148.3 128.0 231.0 141.8
picture_000651 0.991 123.4 144.0 210.0 144.0
picture_000651 0.990 102.5 112.4 120.3 130.3
picture_000651 0.974 91.3 144.0 110.3 144.0
picture_000651 0.806 1.0 82.7 101.0 129.6
picture_000651 0.179 231.0 139.4 231.0 144.0
picture_000651 0.178 186.3 144.0 219.6 144.0
picture_000651 0.061 1.0 140.3 1.0 144.0
picture_000652 1.000 6.7 71.1 73.3 146.0
picture_000652 0.999 1.0 185.7 3.5 228.0
picture_000652 0.998 9.3 85.0 142.0 116.0
picture_000652 0.998 1.0 56.4 1.0 228.0
picture_000652 0.997 5.7 41.4 72.3 55.3
picture_000652 0.997 1.0 20.9 1.0 67.5
picture_000652 0.995 19.4 1.0 142.0 1.0
picture_000652 0.993 1.0 49.1 1.0 85.4
picture_000652 0.993 1.0 132.8 8.9 153.7
picture_000652 0.972 1.0 1.0 6.3 16.0
picture_000652 0.962 1.0 48.7 96.3 228.0
picture_000652 0.875 1.0 201.0 1.0 228.0
picture_000652 0.475 1.0 1.0 1.0 25.8
picture_000652 0.442 1.0 16.3 142.0 96.5
picture_000653 1.000 192.2 544.2 254.2 652.4
picture_000653 1.000 255.3 614.8 303.8 681.0
picture_000653 0.999 248.8 555.9 280.9 575.9
picture_000653 0.998 129.9 481.2 211.9 525.8
picture_000653 0.998 141.4 601.1 301.5 664.5
picture_000653 0.997 98.6 634.0 161.9 658.4
picture_000653 0.996 19.1 608.2 249.8 679.7
picture_000653 0.928 323.0 553.8 323.0 576.8
picture_000653 0.918 177.3 411.3 240.7 455.2
picture_000653 0.850 257.5 637.5 269.3 659.9
picture_000656 1.000 148.9 222.6 216.8 256.5
picture_000656 1.000 1.0 228.4 162.5 259.0
picture_000656 1.000 49.1 262.0 155.1 262.0
picture_000656 0.999 44.7 176.9 99.6 246.3
picture_000656 0.999 60.6 259.1 94.3 262.0
picture_000656 0.389 1.0 216.8 1.0 246.1
picture_000656 0.379 63.1 262.0 90.5 262.0
picture_000656 0.224 46.5 262.0 61.5 262.0
picture_000657 1.000 96.3 230.4 219.8 283.8
picture_000657 0.999 51.3 291.0 175.7 291.0
picture_000657 0.999 1.0 266.8 226.0 291.0
picture_000657 0.998 1.0 178.9 112.3 268.1
picture_000657 0.998 105.7 128.3 208.0 272.2
picture_000657 0.997 112.5 291.0 141.3 291.0
picture_000657 0.996 148.2 291.0 226.0 291.0
picture_000659 1.000 128.2 348.2 188.8 485.0
picture_000659 1.000 146.9 351.9 165.8 446.8
picture_000659 0.999 142.3 271.1 226.0 407.6
picture_000659 0.999 77.3 332.6 169.0 413.6
picture_000659 0.998 154.7 460.0 173.0 485.0
picture_000659 0.994 112.2 388.0 146.5 485.0
picture_000659 0.992 73.4 126.8 172.2 485.0
picture_000659 0.979 113.3 106.5 146.5 411.2
picture_000659 0.501 92.2 485.0 113.9 485.0
picture_000659 0.439 123.4 264.8 130.3 346.2
picture_000659 0.090 153.6 348.6 161.0 377.5
picture_000666 1.000 115.4 53.9 263.6 343.0
picture_000666 1.000 66.1 235.7 199.9 300.4
picture_000666 1.000 156.8 142.3 230.5 218.9
picture_000666 0.994 92.5 323.5 156.7 343.0
picture_000666 0.989 165.9 1.0 203.2 147.3
picture_000666 0.920 237.2 14.4 257.9 64.4
picture_000666 0.906 31.6 1.0 120.3 40.5
picture_000667 1.000 1.0 138.4 67.6 173.7
picture_000667 1.000 11.4 70.0 106.8 124.2
picture_000667 0.999 1.0 111.5 17.6 136.3
picture_000667 0.999 1.0 172.0 145.8 181.7
picture_000667 0.999 1.0 118.8 165.0 196.4
picture_000667 0.993 23.9 91.4 165.0 102.6
picture_000667 0.958 21.3 241.2 84.5 245.7
picture_000667 0.832 1.0 95.2 1.0 104.6
picture_000674 1.000 51.3 223.2 162.4 300.1
picture_000674 1.000 57.5 102.8 249.2 186.6
picture_000674 1.000 150.6 335.0 267.4 407.4
picture_000674 0.999 61.2 197.2 97.2 237.3
picture_000674 0.999 193.4 244.2 249.2 269.1
picture_000674 0.994 43.0 338.1 114.5 353.9
picture_000674 0.293 132.3 147.0 156.1 162.4
picture_000675 1.000 119.5 20.6 204.1 75.2
picture_000675 0.999 1.0 1.0 223.0 64.9
picture_000675 0.999 40.1 100.0 223.0 120.0
picture_000675 0.999 163.8 1.0 223.0 26.7
picture_000675 0.999 192.9 60.4 223.0 75.1
picture_000675 0.999 100.7 1.0 223.0 1.0
picture_000675 0.999 184.4 42.6 223.0 98.0
picture_000675 0.997 223.0 1.0 223.0 40.4
picture_000675 0.996 29.1 65.4 176.2 76.7
picture_000675 0.995 89.8 19.3 223.0 30.2
picture_000675 0.995 1.0 56.3 216.7 90.1
picture_000675 0.960 1.0 1.0 207.1 12.6
picture_000675 0.877 223.0 85.9 223.0 110.6
picture_000675 0.861 223.0 1.0 223.0 1.0
picture_000675 0.441 215.0 2.3 223.0 7.7
picture_000675 0.113 223.0 104.6 223.0 120.0
picture_000675 0.079 1.0 1.0 155.2 1.0
picture_000676 1.000 83.2 109.9 208.0 138.8
picture_000676 1.000 115.6 82.1 139.8 128.7
picture_000676 0.999 82.3 142.0 146.9 142.0
picture_000676 0.999 135.1 55.3 208.0 123.4
picture_000676 0.999 182.5 142.0 208.0 142.0
picture_000676 0.995 168.3 111.8 179.2 136.5
picture_000676 0.991 133.6 142.0 196.1 142.0
picture_000676 0.947 59.7 142.0 73.3 142.0
picture_000676 0.855 208.0 142.0 208.0 142.0
picture_000676 0.331 160.7 49.6 168.8 114.0
picture_000676 0.123 1.0 105.7 83.2 131.9
picture_000677 1.000 16.1 82.5 161.0 161.8
picture_000677 1.000 133.0 163.6 161.0 169.0
picture_000677 1.000 57.8 169.0 131.4 169.0
picture_000677 1.000 1.0 56.0 64.4 144.1
picture_000677 0.999 161.0 52.4 161.0 146.5
picture_000677 0.999 1.0 169.0 30.4 169.0
picture_000677 0.999 161.0 133.2 161.0 169.0
picture_000677 0.998 153.2 169.0 161.0 169.0
picture_000677 0.996 36.7 1.0 95.5 134.4
picture_000677 0.975 155.9 88.2 161.0 169.0
picture_000677 0.942 161.0 169.0 161.0 169.0
picture_000677 0.094 75.4 1.0 114.4 169.0
picture_000677 0.090 151.0 1.0 161.0 169.0
picture_000678 1.000 64.6 1.0 156.9 103.9
picture_000678 0.999 142.2 9.3 155.9 125.2
picture_000678 0.999 110.4 1.0 145.0 8.2
picture_000678 0.999 119.7 29.5 164.0 95.5
picture_000678 0.998 19.7 12.2 32.7 160.0
picture_000678 0.997 74.7 46.5 106.8 91.7
picture_000678 0.996 96.6 1.0 106.9 27.6
picture_000678 0.961 164.0 1.0 164.0 77.0
picture_000678 0.711 57.5 1.0 69.3 1.0
picture_000680 1.000 164.9 235.0 246.0 335.9
picture_000680 1.000 178.1 403.4 246.0 419.0
picture_000680 1.000 77.1 230.7 246.0 262.0
picture_000680 1.000 14.7 194.4 246.0 316.2
picture_000680 0.999 246.0 349.2 246.0 392.4
picture_000680 0.999 110.3 62.1 180.5 161.4
picture_000680 0.991 158.0 205.3 195.3 228.0
picture_000680 0.971 96.1 108.9 172.8 123.4
picture_000680 0.422 246.0 419.0 246.0 419.0
picture_000680 0.182 140.2 419.0 178.9 419.0
picture_000680 0.075 246.0 175.2 246.0 192.3
picture_000683 1.000 139.5 192.7 214.0 226.7
picture_000683 1.000 177.2 228.0 214.0 228.0
picture_000683 0.999 23.9 225.3 202.8 228.0
picture_000683 0.999 166.3 104.3 214.0 212.3
picture_000683 0.997 1.0 160.1 213.2 213.1
picture_000683 0.992 214.0 193.7 214.0 219.9
picture_000683 0.861 134.8 11.3 202.0 228.0
picture_000683 0.797 214.0 228.0 214.0 228.0
picture_000683 0.113 1.0 228.0 214.0 228.0
picture_000685 1.000 1.0 19.1 29.5 133.0
picture_000685 1.000 1.0 1.0 101.5 133.0
picture_000685 1.000 1.0 1.0 1.0 62.6
picture_000685 0.999 1.0 133.0 1.6 133.0
picture_000685 0.999 1.0 1.0 133.0 1.0
picture_000685 0.997 1.0 1.0 7.6 1.0
picture_000685 0.996 1.0 133.0 112.3 133.0
picture_000685 0.993 1.6 101.2 65.1 133.0
picture_000685 0.788 1.0 1.0 1.0 1.0
picture_000685 0.694 52.0 1.0 133.0 47.6
picture_000688 1.000 229.1 91.2 274.0 166.3
picture_000688 1.000 191.0 1.0 274.0 176.5
picture_000688 0.998 46.0 1.0 253.6 1.0
picture_000688 0.996 268.1 1.0 274.0 22.6
picture_000688 0.993 215.8 1.0 274.0 1.0
picture_000688 0.985 62.3 1.0 264.3 53.0
picture_000688 0.929 274.0 108.5 274.0 134.3
picture_000688 0.371 274.0 3.1 274.0 26.9
picture_000688 0.245 1.0 10.1 274.0 19.4
picture_000689 1.000 1.0 1.0 77.6 46.2
picture_000689 1.000 40.2 9.4 128.7 94.4
picture_000689 1.000 129.4 1.0 179.0 116.3
picture_000689 0.999 74.6 1.0 91.7 86.8
picture_000689 0.999 25.3 1.0 154.5 12.6
picture_000689 0.999 92.5 1.0 179.0 1.0
picture_000689 0.999 53.4 1.0 85.3 34.6
picture_000689 0.999 1.0 51.6 1.0 147.0
picture_000689 0.995 41.2 66.6 59.1 147.0
picture_000689 0.993 179.0 65.8 179.0 147.0
picture_000689 0.963 179.0 1.0 179.0 1.0
picture_000689 0.930 57.7 1.0 71.1 16.6
picture_000689 0.905 144.6 1.0 155.1 12.1
picture_000689 0.327 1.0 1.0 1.0 1.0
picture_000689 0.081 20.7 24.0 27.0 67.1
picture_000689 0.064 1.0 1.0 53.3 1.0
picture_000693 0.999 67.2 50.9 241.2 75.2
picture_000693 0.998 106.8 105.8 172.7 161.6
picture_000693 0.996 1.0 207.7 150.6 228.1
picture_000693 0.985 131.4 89.0 163.7 102.5
picture_000693 0.854 5.2 1.0 163.7 1.0
picture_000694 1.000 83.1 19.6 157.0 93.1
picture_000694 1.000 29.5 69.6 124.5 110.1
picture_000694 0.999 112.6 40.8 154.2 60.9
picture_000694 0.999 1.0 2.4 157.0 43.0
picture_000694 0.999 83.1 8.6 157.0 29.2
picture_000694 0.999 44.2 1.0 122.3 1.0
picture_000694 0.999 104.8 90.0 157.0 141.0
picture_000694 0.998 157.0 17.8 157.0 55.5
picture_000694 0.997 1.0 29.2 157.0 55.4
picture_000694 0.996 115.0 1.0 155.4 1.0
picture_000694 0.987 157.0 90.8 157.0 134.2
picture_000694 0.973 1.0 63.9 89.6 72.8
picture_000694 0.759 1.0 141.0 88.4 141.0
picture_000694 0.470 1.0 14.0 157.0 141.0
picture_000694 0.100 157.0 6.7 157.0 16.5
picture_000695 0.999 1.0 600.3 15.2 677.0
picture_000695 0.989 1.0 645.7 1.0 713.0
picture_000695 0.967 1.0 520.6 1.0 681.8
picture_000695 0.957 1.0 626.9 1.0 653.3
picture_000695 0.853 1.0 713.0 1.0 713.0
picture_000696 1.000 132.9 126.9 189.0 182.0
picture_000696 1.000 134.3 35.7 189.0 121.1
picture_000696 1.000 174.3 27.4 189.0 182.0
picture_000696 1.000 127.8 182.0 187.3 182.0
picture_000696 1.000 45.6 55.8 189.0 182.0
picture_000696 0.998 187.7 99.1 189.0 116.2
picture_000696 0.982 1.0 1.0 175.8 8.8
picture_000696 0.978 89.2 1.0 175.1 1.0
picture_000696 0.489 1.0 44.6 189.0 64.8
picture_000696 0.294 189.0 1.0 189.0 10.8
picture_000696 0.087 189.0 182.0 189.0 182.0
picture_000696 0.071 189.0 173.8 189.0 182.0
picture_000701 1.000 1.0 19.0 43.2 108.0
picture_000701 1.000 32.3 3.3 105.1 99.8
picture_000701 1.000 61.4 56.9 126.0 108.0
picture_000701 1.000 90.6 90.5 126.0 108.0
picture_000701 1.000 126.0 22.4 126.0 108.0
picture_000701 0.999 126.0 1.0 126.0 43.4
picture_000701 0.999 1.0 108.0 76.5 108.0
picture_000701 0.999 1.0 1.0 4.7 39.2
picture_000701 0.998 54.0 1.0 126.0 1.0
picture_000701 0.997 115.8 22.3 126.0 72.7
picture_000701 0.996 1.0 1.0 85.2 1.0
picture_000701 0.988 1.0 69.2 1.0 108.0
picture_000701 0.938 1.0 1.0 126.0 38.8
picture_000703 1.000 192.0 220.0 192.0 292.1
picture_000703 1.000 88.6 253.4 176.1 290.8
picture_000703 0.999 88.0 180.8 192.0 297.0
picture_000703 0.999 187.5 242.2 192.0 261.6
picture_000703 0.999 107.2 188.4 184.6 229.0
picture_000703 0.998 70.8 181.5 192.0 195.2
picture_000703 0.998 192.0 197.2 192.0 215.7
picture_000703 0.981 86.2 169.9 169.1 178.1
picture_000703 0.950 158.5 188.5 192.0 195.1
picture_000703 0.324 99.0 15.4 171.0 59.8
picture_000704 1.000 15.7 1.0 129.0 119.0
picture_000704 1.000 66.7 72.4 112.2 119.0
picture_000704 1.000 123.6 1.0 129.0 119.0
picture_000704 1.000 76.3 1.0 119.2 85.5
picture_000704 0.999 129.0 107.2 129.0 119.0
picture_000704 0.999 129.0 1.0 129.0 70.5
picture_000704 0.998 1.0 1.0 50.2 69.1
picture_000704 0.998 1.0 72.2 33.9 119.0
picture_000704 0.994 127.9 44.5 129.0 95.9
picture_000704 0.989 1.0 1.0 129.0 30.9
picture_000704 0.979 1.0 119.0 91.7 119.0
picture_000704 0.138 129.0 119.0 129.0 119.0
picture_000705 1.000 7.6 1.0 192.0 95.4
picture_000705 1.000 91.5 19.6 151.1 106.5
picture_000705 0.999 119.7 10.7 220.0 55.2
picture_000705 0.999 69.7 44.0 103.9 71.3
picture_000705 0.998 97.9 1.0 220.0 7.9
picture_000705 0.998 141.1 116.8 220.0 136.5
picture_000705 0.996 1.0 1.0 205.8 1.0
picture_000705 0.995 64.5 91.5 220.0 116.4
picture_000705 0.984 181.7 1.0 211.9 1.0
picture_000705 0.977 10.3 32.1 220.0 40.4
picture_000705 0.480 1.0 132.0 97.0 140.7
picture_000706 1.000 1.0 168.9 40.2 213.8
picture_000706 1.000 20.7 140.2 117.0 232.5
picture_000706 1.000 8.9 82.1 75.1 184.5
picture_000706 1.000 1.0 129.6 73.3 142.1
picture_000706 1.000 1.0 178.4 14.5 195.6
picture_000706 1.000 1.0 257.4 73.1 291.1
picture_000706 0.997 1.0 220.0 179.8 286.5
picture_000706 0.222 1.0 222.3 1.0 231.8
picture_000707 1.000 1.0 105.3 100.8 225.9
picture_000707 1.000 1.0 56.0 23.6 177.5
picture_000707 0.999 1.1 1.0 90.5 70.2
picture_000707 0.999 1.0 216.5 90.5 229.0
picture_000707 0.997 1.0 102.4 1.0 142.6
picture_000707 0.885 1.0 15.2 1.0 84.4
picture_000707 0.282 1.0 229.0 1.0 229.0
picture_000709 1.000 43.6 148.1 109.0 191.3
picture_000709 0.999 1.0 156.6 46.5 182.0
picture_000709 0.998 21.9 122.5 124.7 146.8
picture_000709 0.998 1.0 188.0 100.4 235.4
picture_000709 0.998 42.1 165.9 115.5 178.1
picture_000709 0.991 1.0 122.0 1.0 134.1
picture_000709 0.982 1.0 33.3 95.8 81.3
picture_000709 0.980 1.0 67.9 165.0 112.5
picture_000709 0.779 57.1 123.7 165.0 129.3
picture_000709 0.646 36.0 89.7 72.7 93.7
picture_000718 1.000 1.0 95.7 99.0 150.6
picture_000718 1.000 1.0 166.5 83.8 214.0
picture_000718 0.999 94.1 169.8 149.7 188.9
picture_000718 0.999 47.7 103.5 74.0 145.1
picture_000718 0.999 1.0 127.0 1.0 151.3
picture_000718 0.999 1.0 65.4 166.0 175.9
picture_000718 0.998 1.0 70.5 81.4 94.7
picture_000718 0.996 107.0 92.1 166.0 110.6
picture_000718 0.979 62.8 140.4 94.0 151.0
picture_000718 0.975 8.1 41.4 30.9 56.4
picture_000718 0.589 112.7 192.9 166.0 212.9
picture_000718 0.282 1.0 87.9 1.0 108.9
picture_000718 0.220 80.2 1.0 129.4 1.0
picture_000718 0.125 74.9 214.0 108.6 214.0
picture_000718 0.050 61.3 1.0 98.1 1.0
picture_000722 1.000 1.0 84.5 49.3 174.7
picture_000722 0.998 1.0 257.7 22.3 298.0
picture_000722 0.989 1.0 91.0 1.0 110.9
picture_000722 0.981 1.0 1.0 43.7 1.0
picture_000723 1.000 33.9 1.0 57.6 72.0
picture_000723 1.000 64.5 1.0 169.5 75.6
picture_000723 1.000 62.8 78.9 167.3 183.5
picture_000723 0.999 41.4 1.0 88.7 121.4
picture_000723 0.892 83.3 1.0 91.3 4.1
picture_000723 0.258 1.0 86.8 1.0 216.7
picture_000724 1.000 295.6 264.9 323.0 339.2
picture_000724 1.000 250.9 354.0 304.8 354.0
picture_000724 1.000 323.0 269.1 323.0 354.0
picture_000724 0.979 323.0 354.0 323.0 354.0
picture_000726 1.000 1.0 34.2 93.5 180.0
picture_000726 1.000 54.1 182.5 151.7 189.0
picture_000726 1.000 63.1 1.0 175.2 105.6
picture_000726 1.000 1.0 139.7 92.1 189.0
picture_000726 0.999 15.9 77.0 63.1 140.5
picture_000726 0.999 1.0 1.0 42.6 138.5
picture_000726 0.999 1.0 1.0 13.1 55.3
picture_000726 0.999 80.2 133.1 202.0 189.0
picture_000726 0.998 60.0 64.4 161.8 93.3
picture_000726 0.998 1.0 111.4 1.0 189.0
picture_000726 0.997 1.0 61.5 1.0 93.7
picture_000726 0.986 44.6 189.0 109.8 189.0
picture_000726 0.980 58.8 1.0 147.7 1.0
picture_000726 0.833 67.5 1.0 202.0 4.2
picture_000726 0.394 1.0 1.0 1.0 1.0
picture_000726 0.115 1.0 3.8 1.0 47.6
picture_000726 0.086 1.0 103.5 1.0 132.7
picture_000727 1.000 302.0 563.8 302.0 630.7
picture_000727 0.999 302.0 607.4 302.0 676.0
picture_000727 0.997 259.3 441.2 290.5 476.8
picture_000727 0.990 302.0 454.4 302.0 482.2
picture_000727 0.982 230.2 495.2 277.5 558.3
picture_000727 0.645 248.7 459.2 282.3 513.1
picture_000727 0.638 302.0 676.0 302.0 676.0
picture_000727 0.565 302.0 449.5 302.0 563.5
picture_000727 0.205 302.0 533.7 302.0 552.6
picture_000727 0.204 264.5 676.0 292.3 676.0
picture_000727 0.151 299.5 676.0 302.0 676.0
picture_000728 1.000 1.0 131.6 89.3 215.7
picture_000728 1.000 38.6 26.4 85.4 185.8
picture_000728 1.000 1.0 151.3 35.2 204.4
picture_000728 1.000 82.6 106.5 135.7 241.0
picture_000728 1.000 1.0 37.0 123.1 117.1
picture_000728 1.000 124.9 204.9 213.0 232.4
picture_000728 0.999 38.9 114.7 82.9 137.7
picture_000728 0.998 8.5 102.0 210.0 241.0
picture_000728 0.996 1.0 241.0 1.0 241.0
picture_000728 0.989 7.0 1.0 52.3 6.3
picture_000728 0.940 1.0 232.7 1.0 241.0
picture_000728 0.927 1.0 226.7 17.8 241.0
picture_000728 0.892 54.0 241.0 213.0 241.0
picture_000728 0.745 55.9 1.0 213.0 1.0
picture_000730 1.000 228.1 487.7 309.4 535.2
picture_000730 1.000 246.2 426.0 335.0 448.5
picture_000730 0.999 282.5 502.1 332.8 529.7
picture_000730 0.996 330.9 421.9 335.0 443.0
picture_000730 0.988 283.9 571.0 332.4 571.0
picture_000730 0.986 335.0 533.9 335.0 571.0
picture_000730 0.821 84.4 554.3 305.4 570.8
picture_000731 1.000 194.5 282.4 280.5 396.7
picture_000731 1.000 242.1 212.9 282.0 335.2
picture_000731 0.999 189.9 140.0 277.3 217.2
picture_000731 0.999 193.2 190.4 271.8 212.0
picture_000731 0.997 282.0 257.8 282.0 291.9
picture_000731 0.987 47.5 128.4 278.9 162.4
picture_000731 0.954 282.0 140.3 282.0 230.8
picture_000731 0.912 241.9 132.9 279.3 144.3
picture_000731 0.417 227.9 1.0 274.3 1.0
picture_000731 0.185 84.4 291.4 259.1 308.0
picture_000732 1.000 1.0 1.0 96.0 99.0
picture_000732 1.000 32.6 34.4 155.0 144.0
picture_000732 1.000 1.0 84.8 32.1 144.0
picture_000732 0.999 39.6 1.0 164.0 76.6
picture_000732 0.999 36.1 51.0 54.0 110.1
picture_000732 0.999 1.0 17.5 7.2 72.5
picture_000732 0.999 155.8 117.7 164.0 144.0
picture_000732 0.998 7.5 73.1 43.5 93.3
picture_000732 0.998 1.0 1.0 64.9 1.0
picture_000732 0.990 60.8 1.0 164.0 1.0
picture_000732 0.990 85.3 144.0 113.7 144.0
picture_000732 0.954 1.0 9.1 1.0 47.3
picture_000732 0.951 85.7 1.0 115.6 1.0
picture_000732 0.475 1.0 1.0 1.0 1.0
picture_000733 1.000 80.4 1.0 141.3 120.4
picture_000733 1.000 18.4 1.0 213.0 134.6
picture_000733 1.000 1.0 3.4 73.9 92.3
picture_000733 0.999 50.3 5.3 65.2 92.8
picture_000733 0.999 60.8 1.0 152.7 15.4
picture_000733 0.999 158.6 1.0 185.9 1.0
picture_000733 0.999 89.9 30.3 127.7 67.3
picture_000733 0.998 21.0 1.0 102.1 1.0
picture_000733 0.995 18.7 1.0 190.6 43.1
picture_000733 0.876 1.0 1.0 18.8 1.0
picture_000733 0.569 1.0 4.3 1.0 33.5
picture_000733 0.513 211.1 1.0 213.0 1.0
picture_000733 0.087 1.0 125.0 1.0 203.0
picture_000733 0.069 100.4 1.0 120.4 1.0
picture_000738 1.000 89.2 259.3 170.0 382.4
picture_000738 1.000 113.0 391.8 222.0 415.0
picture_000738 0.999 149.3 398.2 180.6 415.0
picture_000738 0.998 1.0 378.9 143.2 415.0
picture_000738 0.996 1.0 134.9 206.1 382.9
picture_000738 0.988 1.0 356.5 1.0 415.0
picture_000738 0.966 1.0 163.1 1.0 353.4
picture_000738 0.934 157.5 183.6 171.3 348.8
picture_000738 0.791 120.8 37.4 145.0 369.0
picture_000738 0.151 120.0 415.0 130.5 415.0
picture_000740 1.000 206.1 199.2 299.9 277.2
picture_000740 1.000 267.4 141.9 305.0 257.7
picture_000740 1.000 140.9 306.1 271.3 326.7
picture_000740 0.999 149.0 76.1 282.5 117.3
picture_000740 0.999 297.6 153.4 305.0 184.5
picture_000740 0.999 136.0 79.7 305.0 196.2
picture_000740 0.968 236.6 1.0 304.7 108.5
picture_000740 0.695 194.1 1.0 278.6 1.0
picture_000740 0.187 305.0 174.6 305.0 184.9
picture_000740 0.142 282.9 377.9 305.0 387.6
picture_000740 0.070 103.8 123.3 253.6 128.3
picture_000741 1.000 179.8 122.4 227.0 146.1
picture_000741 1.000 73.1 58.8 268.0 142.3
picture_000741 0.999 1.0 50.9 177.8 104.0
picture_000741 0.999 20.9 121.0 186.7 202.4
picture_000741 0.999 133.6 1.0 248.4 30.7
picture_000741 0.999 46.7 60.7 104.0 87.7
picture_000741 0.996 117.2 35.3 268.0 48.8
picture_000741 0.995 81.5 1.0 268.0 91.1
picture_000741 0.987 1.0 102.9 148.7 147.7
picture_000741 0.965 129.9 67.8 177.5 72.7
picture_000742 1.000 9.6 38.0 106.8 162.0
picture_000742 1.000 1.0 22.7 68.3 101.6
picture_000742 1.000 1.0 102.1 5.1 162.0
picture_000742 0.999 1.0 47.1 153.7 77.5
picture_000742 0.999 25.8 148.1 190.2 162.0
picture_000742 0.997 1.0 5.6 8.1 27.4
picture_000742 0.996 1.0 162.0 1.0 162.0
picture_000742 0.996 25.1 1.0 195.7 1.0
picture_000742 0.993 1.0 20.4 209.0 53.2
picture_000742 0.979 1.0 53.8 1.0 90.3
picture_000742 0.931 1.0 1.0 1.0 28.6
picture_000742 0.686 7.7 62.8 68.8 69.0
picture_000743 1.000 71.2 233.8 206.3 322.0
picture_000743 1.000 139.7 110.2 271.9 240.2
picture_000743 1.000 180.8 185.5 239.6 222.0
picture_000743 0.999 221.6 19.1 308.0 152.0
picture_000743 0.999 80.6 44.7 269.6 86.9
picture_000743 0.993 229.4 83.0 279.6 119.5
picture_000743 0.992 158.5 1.0 208.1 59.2
picture_000743 0.988 1.0 46.2 308.0 221.4
picture_000743 0.273 192.8 232.6 215.8 249.4
picture_000744 1.000 10.4 151.7 89.4 197.1
picture_000744 1.000 1.0 96.3 139.0 179.5
picture_000744 0.999 1.0 134.9 4.3 210.6
picture_000744 0.999 100.9 63.7 139.0 95.2
picture_000744 0.999 81.2 176.1 139.0 204.8
picture_000744 0.996 1.0 25.5 123.7 35.5
picture_000744 0.994 48.1 154.3 73.0 172.5
picture_000744 0.982 1.0 78.7 139.0 97.1
picture_000744 0.979 1.0 199.3 139.0 220.1
picture_000744 0.973 139.0 136.4 139.0 154.9
picture_000744 0.958 65.1 166.5 108.1 176.0
picture_000744 0.922 1.0 56.8 1.0 90.1
picture_000744 0.902 1.0 3.6 56.0 22.0
picture_000744 0.527 1.0 1.0 5.8 30.3
