picture_000001 0.132 11.9 190.2 67.8 241.7
picture_000001 0.103 1.0 155.7 45.4 209.8
picture_000001 0.073 100.0 20.9 178.6 113.2
picture_000003 0.077 15.9 174.7 209.2 228.9
picture_000003 0.077 5.0 185.8 84.3 242.0
picture_000003 0.075 4.5 242.0 64.9 242.0
picture_000004 0.054 14.4 52.6 32.7 71.5
picture_000014 0.695 184.3 101.0 244.8 140.6
picture_000014 0.386 142.7 114.2 198.6 146.1
picture_000014 0.360 160.9 120.3 223.4 162.1
picture_000014 0.067 218.7 109.5 270.7 143.7
picture_000016 0.085 222.1 486.6 312.0 681.0
picture_000028 0.056 278.1 396.9 334.1 422.0
picture_000032 0.070 200.3 418.0 298.9 460.0
picture_000032 0.067 187.4 283.6 299.1 336.6
picture_000032 0.055 223.2 336.1 312.0 423.2
picture_000033 0.165 11.9 63.1 58.3 79.0
picture_000033 0.137 28.7 44.0 117.7 63.6
picture_000033 0.116 1.0 60.3 16.1 79.0
picture_000033 0.107 23.5 30.2 98.7 46.9
picture_000033 0.087 1.0 56.0 1.0 79.0
picture_000033 0.057 3.5 49.5 42.3 72.3
picture_000033 0.055 14.7 20.6 117.2 39.0
picture_000033 0.052 117.0 48.2 155.1 75.7
picture_000034 0.055 124.4 159.2 221.3 189.9
picture_000039 0.137 120.5 216.2 257.3 296.0
picture_000039 0.091 205.7 197.0 248.7 261.9
picture_000040 0.171 219.3 33.7 324.0 79.4
picture_000040 0.170 162.3 89.7 248.8 141.7
picture_000040 0.075 193.3 119.9 324.0 168.9
picture_000040 0.069 66.3 46.4 228.5 111.4
picture_000040 0.059 54.7 155.4 99.8 200.6
picture_000040 0.058 168.9 37.4 324.0 178.4
picture_000044 0.982 36.4 708.9 70.1 718.0
picture_000044 0.977 6.6 703.5 29.5 718.0
picture_000044 0.974 72.2 698.6 94.0 718.0
picture_000044 0.971 34.4 610.2 78.5 663.6
picture_000044 0.967 86.6 559.3 103.7 640.0
picture_000044 0.966 39.4 649.1 50.3 688.9
picture_000044 0.959 1.0 600.7 21.3 656.4
picture_000044 0.935 15.2 718.0 37.8 718.0
picture_000044 0.909 1.0 607.7 1.0 656.4
picture_000044 0.866 34.0 718.0 61.8 718.0
picture_000044 0.828 182.0 687.0 182.0 718.0
picture_000044 0.729 1.0 718.0 19.5 718.0
picture_000044 0.636 18.9 518.3 45.9 666.0
picture_000044 0.473 98.2 554.9 158.5 631.9
picture_000044 0.392 63.2 656.1 137.0 691.5
picture_000044 0.308 122.4 581.7 182.0 656.4
picture_000044 0.185 82.3 660.0 101.8 709.3
picture_000044 0.147 103.0 666.3 182.0 718.0
picture_000044 0.126 68.6 621.4 84.6 669.1
picture_000044 0.098 77.8 718.0 163.1 718.0
picture_000044 0.096 41.8 717.2 128.8 718.0
picture_000044 0.094 6.7 626.4 18.6 674.0
picture_000044 0.093 82.4 709.8 168.9 718.0
picture_000044 0.068 2.6 688.0 14.4 718.0
picture_000045 0.995 49.5 71.1 106.5 106.9
picture_000045 0.993 12.1 68.4 31.4 95.0
picture_000045 0.993 34.3 140.3 68.5 151.0
picture_000045 0.992 38.8 83.9 87.0 137.1
picture_000045 0.991 1.0 80.1 28.9 106.5
picture_000045 0.990 39.2 129.7 91.7 164.0
picture_000045 0.987 29.8 46.6 71.1 119.2
picture_000045 0.985 92.9 93.3 107.8 123.5
picture_000045 0.984 66.7 43.5 90.6 88.5
picture_000045 0.971 51.9 118.6 68.6 146.5
picture_000045 0.941 8.7 131.4 40.1 161.4
picture_000045 0.938 69.5 164.0 112.0 164.0
picture_000045 0.922 34.5 164.0 65.3 164.0
picture_000045 0.910 1.0 164.0 32.5 164.0
picture_000045 0.899 96.2 38.0 138.4 80.4
picture_000045 0.784 44.3 41.7 132.0 124.8
picture_000045 0.079 106.5 44.8 133.0 58.7
picture_000045 0.076 30.2 46.0 80.0 59.6
picture_000045 0.073 21.4 33.0 39.0 46.7
picture_000045 0.053 10.6 29.5 58.4 40.1
picture_000046 0.968 1.0 138.8 7.9 154.1
picture_000046 0.931 30.7 132.8 67.3 150.3
picture_000046 0.893 1.0 163.0 42.0 163.0
picture_000046 0.876 1.0 154.2 72.2 163.0
picture_000046 0.864 1.0 151.3 1.0 163.0
picture_000046 0.799 1.0 163.0 10.2 163.0
picture_000046 0.688 44.2 133.9 131.6 155.1
picture_000046 0.582 1.0 146.1 17.2 162.3
picture_000046 0.549 1.0 163.0 1.0 163.0
picture_000046 0.084 1.6 124.1 41.6 148.5
picture_000047 0.994 74.4 285.4 120.4 323.0
picture_000047 0.978 104.4 323.0 121.8 323.0
picture_000047 0.975 105.5 215.3 156.1 305.5
picture_000047 0.974 56.7 220.6 111.3 295.3
picture_000047 0.962 59.1 262.2 79.5 295.1
picture_000047 0.945 123.9 321.3 145.1 323.0
picture_000047 0.919 75.7 185.0 106.8 251.1
picture_000047 0.902 76.6 323.0 101.2 323.0
picture_000047 0.672 1.0 245.7 1.0 286.3
picture_000047 0.421 116.2 266.0 143.2 291.8
picture_000047 0.325 1.0 323.0 21.7 323.0
picture_000047 0.304 1.0 212.2 17.0 253.4
picture_000047 0.201 108.0 195.8 168.3 248.3
picture_000047 0.091 12.2 261.0 50.7 323.0
picture_000047 0.062 142.7 276.0 167.2 322.4
picture_000047 0.060 107.3 279.1 155.4 305.9
picture_000049 0.416 8.5 169.3 99.6 187.0
picture_000049 0.389 11.9 153.1 109.2 177.3
picture_000049 0.237 31.0 185.6 81.0 187.0
picture_000049 0.215 16.6 184.1 52.6 187.0
picture_000049 0.075 1.0 187.0 65.4 187.0
picture_000050 0.069 170.0 147.0 235.7 187.0
picture_000051 0.132 179.2 85.7 238.6 113.3
picture_000051 0.131 165.3 97.0 250.0 187.0
picture_000051 0.095 142.4 179.2 215.7 187.0
picture_000051 0.054 180.1 168.5 250.0 187.0
picture_000051 0.051 240.8 42.2 250.0 142.1
picture_000055 0.088 126.0 140.7 216.9 166.5
picture_000055 0.073 62.8 113.0 129.3 138.9
picture_000056 0.112 129.7 23.2 198.4 55.7
picture_000056 0.090 37.2 179.5 133.8 222.5
picture_000056 0.075 158.2 1.0 227.9 49.5
picture_000056 0.065 93.1 30.1 178.3 77.7
picture_000056 0.058 172.6 25.4 238.5 73.9
picture_000058 0.852 77.1 118.7 176.6 154.5
picture_000058 0.796 113.6 146.6 181.5 176.7
picture_000058 0.781 136.8 83.8 203.0 151.6
picture_000058 0.729 142.1 62.7 203.0 108.6
picture_000058 0.721 77.5 177.0 171.3 177.0
picture_000058 0.664 78.9 74.4 180.0 115.6
picture_000058 0.321 78.6 36.4 193.6 93.0
picture_000058 0.125 105.8 8.2 199.3 59.2
picture_000059 0.093 89.6 94.8 144.2 150.4
picture_000059 0.080 129.7 91.5 178.1 151.2
picture_000059 0.057 30.2 111.6 108.0 138.8
picture_000061 0.162 150.2 132.0 239.3 157.9
picture_000061 0.056 1.0 149.2 44.2 165.0
picture_000063 0.111 39.2 95.4 108.9 124.0
picture_000063 0.106 160.8 80.7 187.0 94.4
picture_000063 0.093 54.3 124.0 134.9 124.0
picture_000063 0.088 150.2 87.5 180.8 104.7
picture_000063 0.083 140.7 51.7 181.7 93.3
picture_000063 0.062 1.0 124.0 39.2 124.0
picture_000063 0.061 2.4 123.0 73.7 124.0
picture_000063 0.060 79.8 85.4 113.8 100.9
picture_000063 0.060 71.8 60.8 168.7 124.0
picture_000063 0.050 29.0 64.1 80.5 114.5
picture_000064 0.088 115.9 351.1 181.1 398.5
picture_000065 0.148 1.0 125.9 76.7 134.0
picture_000065 0.070 16.4 50.4 99.0 116.3
picture_000077 0.056 254.3 79.1 274.9 112.7
picture_000088 0.110 440.3 315.7 455.3 383.5
picture_000120 0.087 302.1 405.0 385.7 457.2
picture_000147 0.115 58.4 212.2 275.5 239.2
picture_000147 0.061 139.1 242.0 252.2 242.0
picture_000148 0.051 51.8 28.0 93.2 75.3
picture_000165 0.070 35.8 76.5 91.8 131.7
picture_000165 0.059 61.2 103.0 140.2 163.1
picture_000166 0.060 1.0 674.3 156.3 696.0
picture_000167 0.148 228.4 212.8 321.4 276.7
picture_000167 0.089 234.1 268.9 317.7 344.0
picture_000168 0.246 1.0 9.2 26.9 31.8
picture_000168 0.244 1.0 1.0 9.1 15.9
picture_000168 0.223 1.0 17.2 53.7 41.0
picture_000168 0.195 1.0 33.4 21.8 47.0
picture_000168 0.050 4.5 47.0 33.2 47.0
picture_000170 0.996 39.3 615.1 66.5 656.9
picture_000170 0.996 1.0 608.9 10.1 650.9
picture_000170 0.996 10.3 689.3 48.0 726.0
picture_000170 0.995 1.0 611.0 1.0 651.8
picture_000170 0.988 1.0 636.0 24.1 686.7
picture_000170 0.979 51.9 638.9 118.8 692.1
picture_000170 0.812 1.0 684.4 1.0 726.0
picture_000170 0.517 39.0 726.0 80.5 726.0
picture_000170 0.410 46.9 521.7 74.8 563.7
picture_000172 0.054 134.9 579.5 260.7 685.6
picture_000174 0.056 1.0 197.4 71.5 223.4
picture_000176 0.220 8.3 96.3 57.9 158.5
picture_000176 0.214 37.1 80.2 83.6 130.3
picture_000176 0.201 35.2 34.5 87.5 89.4
picture_000176 0.200 1.0 72.1 21.6 133.5
picture_000176 0.125 99.1 24.2 146.7 63.3
picture_000176 0.116 6.4 59.8 15.4 81.0
picture_000176 0.085 1.0 51.1 55.9 114.7
picture_000176 0.051 14.6 32.0 51.7 78.6
picture_000178 0.076 183.2 220.6 267.0 315.9
picture_000178 0.068 267.0 246.2 267.0 309.2
picture_000178 0.064 194.9 319.4 267.0 355.0
picture_000178 0.058 118.8 273.3 255.5 316.0
picture_000178 0.053 235.0 250.9 267.0 355.0
picture_000182 0.089 101.2 183.4 283.0 206.0
picture_000182 0.054 188.4 62.9 274.7 101.4
picture_000184 0.354 74.5 14.7 196.8 77.9
picture_000184 0.235 44.6 44.3 156.4 100.0
picture_000184 0.187 154.8 62.4 194.5 90.4
picture_000184 0.181 144.6 87.7 182.9 108.2
picture_000184 0.165 60.0 111.3 106.2 117.0
picture_000184 0.155 134.8 43.5 188.4 69.4
picture_000184 0.121 1.0 52.2 60.3 96.6
picture_000184 0.094 1.0 117.0 39.7 117.0
picture_000184 0.093 29.1 107.8 193.1 117.0
picture_000184 0.087 1.0 115.2 12.0 117.0
picture_000184 0.075 82.7 113.6 202.0 117.0
picture_000184 0.075 13.0 83.6 179.1 117.0
picture_000184 0.072 1.0 35.0 107.4 70.2
picture_000184 0.066 59.5 73.8 199.2 89.3
picture_000185 0.338 193.8 233.5 206.9 269.8
picture_000185 0.083 166.9 225.6 208.0 256.1
picture_000185 0.067 13.7 253.2 186.0 276.3
picture_000189 0.726 47.6 76.2 92.9 120.9
picture_000189 0.677 51.4 105.0 109.0 151.7
picture_000189 0.601 62.5 61.2 130.2 106.9
picture_000189 0.358 25.5 52.1 75.9 115.3
picture_000189 0.270 93.7 121.7 177.9 166.2
picture_000189 0.237 92.0 83.2 133.6 122.5
picture_000189 0.116 62.9 127.0 142.9 191.0
picture_000200 0.323 71.7 388.7 128.2 445.9
picture_000212 0.181 1.0 400.7 202.4 447.0
picture_000212 0.142 1.0 447.0 108.6 447.0
picture_000212 0.113 1.0 434.0 165.4 447.0
picture_000212 0.090 1.0 447.0 1.0 447.0
picture_000215 0.058 189.2 106.4 226.5 176.8
picture_000216 0.107 1.0 146.9 1.0 197.4
picture_000216 0.092 130.5 179.4 218.0 200.0
picture_000216 0.092 1.0 166.6 44.1 200.0
picture_000216 0.090 1.0 200.0 105.8 200.0
picture_000216 0.083 63.9 134.0 152.2 200.0
picture_000216 0.076 95.8 200.0 164.1 200.0
picture_000216 0.074 1.0 200.0 12.4 200.0
picture_000217 0.136 1.0 98.9 61.4 161.1
picture_000219 0.139 18.1 239.1 99.5 263.8
picture_000219 0.088 1.0 247.3 55.7 270.1
picture_000219 0.062 23.4 260.2 89.6 278.0
picture_000219 0.052 7.8 119.5 96.8 228.8
picture_000224 0.078 282.9 289.9 385.6 350.4
picture_000224 0.071 314.4 307.3 357.8 359.0
picture_000225 0.057 247.2 424.4 340.6 575.9
picture_000226 0.144 317.6 409.8 407.6 514.8
picture_000226 0.064 374.5 479.1 422.9 559.5
picture_000226 0.062 292.9 498.8 373.8 544.2
picture_000237 0.052 77.5 300.1 185.9 332.3
picture_000239 0.065 56.9 360.5 105.4 457.9
picture_000242 0.092 250.2 218.8 334.4 323.3
picture_000242 0.074 283.9 231.4 320.7 261.9
picture_000242 0.063 276.2 252.8 308.7 341.0
picture_000243 0.054 311.0 27.2 311.0 93.5
picture_000255 0.691 161.3 155.8 244.0 178.2
picture_000255 0.058 1.0 118.6 217.4 170.3
picture_000255 0.055 1.0 62.0 272.0 130.5
picture_000258 0.245 309.8 42.4 379.2 121.7
picture_000261 0.056 303.8 212.3 349.7 266.7
picture_000264 0.179 184.0 136.3 237.6 158.3
picture_000264 0.174 88.4 145.0 126.0 159.1
picture_000264 0.157 1.9 106.9 67.8 160.0
picture_000264 0.153 160.8 191.9 204.1 213.7
picture_000264 0.135 152.1 139.8 256.3 185.6
picture_000264 0.130 1.0 66.6 37.7 120.9
picture_000264 0.091 77.5 157.2 164.9 200.7
picture_000264 0.060 1.0 43.8 53.9 68.8
picture_000265 0.336 158.1 602.0 218.3 622.8
picture_000265 0.279 181.6 616.6 243.5 638.2
picture_000265 0.246 117.5 606.5 190.1 635.5
picture_000265 0.236 186.0 630.3 258.0 655.4
picture_000271 0.120 330.5 270.9 387.0 333.0
picture_000271 0.113 351.4 257.0 387.0 302.9
picture_000271 0.089 306.5 306.8 372.5 375.0
picture_000271 0.071 191.4 292.7 349.3 357.5
picture_000280 0.190 50.3 26.8 85.9 60.8
picture_000280 0.064 304.0 42.6 333.0 72.0
picture_000280 0.053 302.1 31.2 333.0 53.7
picture_000286 0.155 275.6 346.9 336.7 442.1
picture_000286 0.059 318.8 367.0 381.0 406.8
picture_000286 0.054 281.4 441.0 321.1 484.2
picture_000293 0.062 138.6 23.8 185.2 86.2
picture_000294 0.190 349.1 223.4 396.5 259.2
picture_000294 0.177 284.7 233.4 341.7 269.9
picture_000294 0.089 303.6 259.9 389.9 302.4
picture_000300 0.094 1.0 63.0 39.9 90.1
picture_000300 0.072 1.0 27.4 68.9 67.3
picture_000308 0.149 157.1 289.0 216.8 357.4
picture_000308 0.051 199.3 359.0 241.9 406.0
picture_000314 0.624 26.5 74.9 87.0 98.4
picture_000314 0.449 24.0 92.2 87.9 120.8
picture_000314 0.074 1.0 141.5 61.9 163.5
picture_000314 0.067 1.0 153.8 33.8 175.5
picture_000337 0.051 115.5 327.0 237.2 327.0
picture_000338 0.067 241.7 220.1 269.0 257.0
picture_000338 0.052 183.2 196.8 264.7 228.7
picture_000342 0.312 277.5 251.8 303.0 299.0
picture_000342 0.223 244.9 291.6 297.4 321.0
picture_000342 0.197 217.6 238.3 289.9 267.4
picture_000342 0.170 303.0 246.4 303.0 277.5
picture_000343 0.054 144.7 64.1 195.2 96.1
picture_000346 0.144 196.4 232.1 221.3 262.0
picture_000346 0.117 179.1 246.0 221.0 281.2
picture_000346 0.100 197.8 268.0 243.9 303.2
picture_000356 0.086 146.0 549.0 250.2 549.0
picture_000356 0.085 138.0 95.2 208.2 216.0
picture_000357 0.130 93.1 341.4 208.2 392.4
picture_000357 0.128 409.8 133.1 429.7 188.8
picture_000361 0.160 58.8 61.0 124.9 192.0
picture_000361 0.090 114.2 135.5 172.4 173.9
picture_000361 0.069 88.0 165.3 175.0 192.0
picture_000361 0.059 1.0 127.2 10.6 169.0
picture_000361 0.057 98.2 70.7 175.0 161.6
picture_000361 0.050 1.0 171.7 49.6 192.0
picture_000368 0.058 240.3 206.8 280.1 306.1
picture_000371 0.061 178.3 112.3 289.8 168.0
picture_000372 0.187 111.7 220.7 175.4 258.9
picture_000372 0.161 96.7 200.7 150.3 227.7
picture_000372 0.118 73.1 214.0 154.6 246.1
picture_000373 0.074 278.1 339.7 317.1 408.8
picture_000376 0.365 52.6 136.1 88.9 155.7
picture_000376 0.328 69.9 145.5 100.4 162.0
picture_000376 0.204 49.4 123.3 92.7 145.5
picture_000376 0.170 35.8 57.5 100.4 91.2
picture_000376 0.124 72.1 62.7 116.1 104.4
picture_000376 0.053 152.6 109.3 218.4 180.3
picture_000378 0.059 1.0 237.4 89.4 290.0
picture_000382 0.068 307.1 219.3 376.4 299.2
picture_000382 0.059 123.5 300.8 297.6 417.2
picture_000383 0.113 205.5 391.5 287.8 450.4
picture_000383 0.109 173.1 407.4 264.8 483.0
picture_000383 0.055 203.8 425.7 285.8 535.0
picture_000385 0.057 113.7 86.7 223.7 137.3
picture_000385 0.051 21.6 119.1 72.5 166.0
picture_000388 0.519 115.1 363.4 168.8 396.3
picture_000388 0.502 142.7 354.2 204.1 392.6
picture_000388 0.339 147.0 374.3 195.7 410.9
picture_000390 0.081 75.8 407.4 116.3 417.0
picture_000395 0.062 186.8 193.5 258.6 234.0
picture_000395 0.053 177.1 124.7 229.8 169.6
picture_000395 0.053 124.1 1.0 200.4 7.3
picture_000396 0.053 205.2 319.9 311.0 380.0
picture_000398 0.064 24.9 189.5 67.2 360.9
picture_000398 0.063 1.0 192.4 22.6 360.6
picture_000398 0.052 1.0 197.2 7.0 352.7
picture_000400 0.053 177.9 149.0 308.0 220.0
picture_000417 0.259 4.3 255.5 46.1 272.0
picture_000417 0.194 15.3 215.4 56.9 272.0
picture_000417 0.173 41.8 159.8 96.9 236.4
picture_000417 0.144 59.4 236.9 121.6 272.0
picture_000417 0.086 1.0 155.0 84.0 196.6
picture_000417 0.079 1.0 260.6 21.6 272.0
picture_000417 0.074 1.0 228.8 13.5 272.0
picture_000418 0.199 140.1 425.3 181.0 447.4
picture_000432 0.092 269.7 388.7 324.1 438.4
picture_000443 0.176 207.6 425.6 256.9 468.4
picture_000443 0.073 196.8 484.6 250.2 528.8
picture_000443 0.060 192.7 528.7 248.7 566.0
picture_000443 0.054 159.9 500.5 210.2 550.8
picture_000455 0.052 143.7 212.3 207.5 259.9
picture_000461 0.060 147.2 196.5 237.0 249.0
picture_000462 0.051 1.0 263.4 42.0 300.6
picture_000470 0.147 11.0 231.9 89.4 255.7
picture_000471 0.086 105.1 77.1 172.5 123.5
picture_000475 0.055 154.9 130.1 317.3 214.8
picture_000476 0.107 17.2 197.0 86.5 255.0
picture_000476 0.066 65.7 210.2 145.4 242.2
picture_000480 0.710 109.0 92.9 168.5 120.0
picture_000480 0.102 124.3 49.9 147.2 96.2
picture_000480 0.063 134.8 45.4 173.5 98.8
picture_000480 0.050 78.3 57.6 119.7 98.8
picture_000486 0.185 46.1 66.9 200.1 139.1
picture_000486 0.083 113.3 147.1 207.6 191.9
picture_000486 0.082 120.7 108.3 210.0 161.6
picture_000492 0.173 262.3 398.4 308.0 434.0
picture_000492 0.138 211.8 420.2 293.3 434.0
picture_000492 0.137 295.6 417.5 308.0 434.0
picture_000492 0.103 270.3 434.0 308.0 434.0
picture_000492 0.053 109.8 397.4 141.2 420.3
picture_000495 0.086 131.2 118.8 245.8 176.0
picture_000495 0.077 184.7 159.4 233.6 167.2
picture_000495 0.073 148.3 154.8 225.2 184.2
picture_000495 0.051 59.9 147.9 117.4 193.0
picture_000496 0.221 246.1 308.4 289.6 322.9
picture_000496 0.193 309.1 378.8 359.8 403.9
picture_000496 0.113 240.4 326.2 319.1 349.0
picture_000496 0.081 304.7 392.8 373.0 418.8
picture_000496 0.079 331.0 366.8 373.0 383.5
picture_000497 0.849 127.2 43.7 168.7 93.0
picture_000497 0.839 84.6 1.0 135.4 48.4
picture_000497 0.823 157.0 97.5 173.0 171.3
picture_000497 0.756 78.3 60.0 162.0 139.1
picture_000497 0.753 90.1 96.8 151.8 188.6
picture_000497 0.744 139.2 110.4 173.0 214.3
picture_000497 0.736 173.0 62.8 173.0 120.1
picture_000497 0.718 101.1 1.0 170.9 16.7
picture_000497 0.599 173.0 17.5 173.0 67.2
picture_000497 0.374 39.2 118.1 126.0 149.8
picture_000497 0.314 60.0 43.2 126.9 72.7
picture_000497 0.246 122.2 210.5 154.0 221.0
picture_000497 0.159 93.1 221.0 139.0 221.0
picture_000497 0.127 162.5 33.6 173.0 55.8
picture_000497 0.050 17.9 91.4 127.2 124.5
picture_000499 0.996 108.9 116.2 148.9 173.8
picture_000499 0.993 146.7 168.9 194.6 243.2
picture_000499 0.993 143.2 129.4 168.9 161.2
picture_000499 0.991 129.5 237.5 175.2 264.4
picture_000499 0.990 113.7 201.8 165.9 255.8
picture_000499 0.987 129.1 51.4 169.3 115.0
picture_000499 0.985 68.5 157.3 88.8 204.1
picture_000499 0.975 183.0 168.7 209.0 207.3
picture_000499 0.973 144.2 215.0 184.1 232.0
picture_000499 0.971 104.6 150.7 139.1 164.5
picture_000499 0.955 101.1 61.5 133.9 82.7
picture_000499 0.949 111.0 215.0 130.0 240.8
picture_000499 0.935 69.4 65.6 108.3 84.6
picture_000499 0.923 144.1 220.6 192.3 287.0
picture_000499 0.848 75.7 53.8 172.6 162.2
picture_000499 0.828 195.1 273.7 237.4 287.0
picture_000499 0.792 188.2 211.8 245.0 227.7
picture_000499 0.728 117.4 111.1 133.8 126.7
picture_000499 0.724 231.8 189.9 245.0 214.0
picture_000499 0.528 138.4 92.4 244.4 169.0
picture_000499 0.389 142.5 287.0 176.0 287.0
picture_000499 0.115 32.0 213.5 159.8 269.5
picture_000499 0.087 91.0 252.1 119.8 274.7
picture_000499 0.054 172.3 187.1 245.0 274.2
picture_000500 0.986 177.6 617.1 210.7 674.0
picture_000500 0.983 150.7 552.5 171.0 598.8
picture_000500 0.963 187.5 544.4 199.2 580.3
picture_000500 0.833 118.8 555.7 161.7 639.5
picture_000500 0.822 161.5 603.6 184.5 674.0
picture_000500 0.745 97.9 523.9 117.4 581.9
picture_000500 0.616 203.0 618.4 221.3 674.0
picture_000500 0.138 177.7 639.9 193.1 674.0
picture_000500 0.092 248.0 587.1 248.0 635.1
picture_000500 0.058 248.0 459.8 248.0 529.8
picture_000501 0.971 241.9 365.8 267.0 435.0
picture_000501 0.960 245.9 306.9 270.3 365.7
picture_000501 0.948 232.8 410.2 261.6 435.0
picture_000501 0.940 296.9 369.9 320.1 435.0
picture_000501 0.917 247.5 335.8 304.1 435.0
picture_000501 0.885 165.2 329.3 199.3 407.6
picture_000501 0.875 261.1 284.9 310.4 385.3
picture_000501 0.863 184.3 366.4 228.0 435.0
picture_000501 0.847 215.1 291.5 271.6 400.8
picture_000501 0.712 237.6 435.0 280.7 435.0
picture_000501 0.686 195.7 420.5 248.4 435.0
picture_000501 0.543 193.5 337.7 219.0 364.5
picture_000501 0.369 187.7 353.4 210.2 397.0
picture_000501 0.350 212.0 435.0 249.5 435.0
picture_000501 0.328 264.1 430.4 297.9 435.0
picture_000501 0.289 266.3 402.6 295.3 424.4
picture_000501 0.225 225.1 384.4 255.5 423.6
picture_000501 0.155 295.1 435.0 327.0 435.0
picture_000501 0.096 255.7 415.1 300.5 435.0
picture_000503 0.985 85.7 139.7 108.0 191.9
picture_000503 0.983 58.4 189.6 92.0 266.8
picture_000503 0.981 102.3 218.1 129.4 306.6
picture_000503 0.976 66.5 123.1 95.4 148.1
picture_000503 0.968 49.5 109.6 101.6 205.1
picture_000503 0.952 8.4 134.8 43.3 155.0
picture_000503 0.948 57.1 233.2 96.3 316.9
picture_000503 0.934 27.7 230.3 65.9 267.3
picture_000503 0.924 74.6 291.3 108.3 323.6
picture_000503 0.899 37.9 250.4 56.5 299.2
picture_000503 0.887 57.4 183.6 74.4 218.3
picture_000503 0.856 54.6 94.8 68.7 136.3
picture_000503 0.788 53.7 229.5 73.6 268.4
picture_000503 0.480 65.1 173.8 78.7 205.7
picture_000503 0.412 66.1 312.1 102.2 335.0
picture_000503 0.272 70.4 244.1 104.8 283.4
picture_000503 0.171 99.6 237.6 111.9 269.2
picture_000503 0.087 1.0 170.7 21.3 194.9
picture_000504 0.978 111.6 86.3 151.0 126.9
picture_000504 0.961 101.5 130.0 148.7 159.8
picture_000504 0.952 141.5 24.2 167.0 77.0
picture_000504 0.947 80.0 37.5 159.4 69.5
picture_000504 0.932 115.9 43.3 167.0 118.9
picture_000504 0.924 100.5 1.0 167.0 19.1
picture_000504 0.874 107.9 161.0 157.2 161.0
picture_000504 0.854 119.7 152.0 167.0 161.0
picture_000504 0.853 123.1 105.8 167.0 161.0
picture_000504 0.776 167.0 64.3 167.0 127.7
picture_000504 0.771 58.7 39.8 125.3 58.1
picture_000504 0.746 151.5 43.3 167.0 114.1
picture_000504 0.739 164.1 144.4 167.0 161.0
picture_000504 0.733 92.9 1.0 146.8 1.0
picture_000504 0.717 90.1 71.9 160.3 149.9
picture_000504 0.604 167.0 115.1 167.0 139.4
picture_000504 0.512 85.4 146.1 132.8 161.0
picture_000504 0.473 14.7 70.1 132.6 109.2
picture_000504 0.180 142.1 1.0 167.0 1.0
picture_000504 0.173 53.8 109.5 130.1 146.6
picture_000504 0.115 23.5 1.0 141.0 31.6
picture_000504 0.071 68.6 161.0 128.4 161.0
picture_000505 0.853 1.0 194.4 25.8 218.6
picture_000505 0.761 1.0 209.4 14.4 220.0
picture_000505 0.655 87.3 202.6 126.5 220.0
picture_000505 0.623 8.1 210.4 46.4 220.0
picture_000505 0.596 62.7 172.3 119.4 203.3
picture_000505 0.560 91.8 182.8 129.5 209.5
picture_000505 0.436 1.0 200.9 123.1 220.0
picture_000505 0.408 1.0 220.0 15.5 220.0
picture_000505 0.307 29.9 197.2 85.2 211.2
picture_000505 0.265 50.5 220.0 108.7 220.0
picture_000505 0.261 126.0 190.1 130.0 213.4
picture_000505 0.204 1.0 178.8 2.8 204.6
picture_000505 0.102 3.6 116.3 128.9 182.2
picture_000505 0.080 18.2 220.0 49.1 220.0
picture_000505 0.077 103.3 150.3 130.0 178.5
picture_000505 0.076 89.6 82.8 130.0 188.3
picture_000505 0.069 118.5 135.7 130.0 199.6
picture_000506 0.994 1.6 54.3 88.4 82.4
picture_000506 0.989 38.2 72.4 68.3 105.0
picture_000506 0.987 32.6 81.9 129.6 123.5
picture_000506 0.984 87.3 21.3 124.1 66.3
picture_000506 0.983 3.9 111.7 56.3 140.0
picture_000506 0.979 38.0 1.0 139.9 21.4
picture_000506 0.976 1.0 90.0 60.4 118.7
picture_000506 0.976 1.0 1.2 64.5 24.8
picture_000506 0.974 90.3 106.2 120.5 140.0
picture_000506 0.972 1.0 16.5 26.7 75.1
picture_000506 0.962 131.6 27.5 142.0 44.1
picture_000506 0.957 1.0 2.7 1.0 43.3
picture_000506 0.953 1.0 99.1 1.0 140.0
picture_000506 0.931 1.0 24.8 9.3 65.3
picture_000506 0.918 50.0 140.0 90.3 140.0
picture_000506 0.905 54.8 16.3 142.0 81.1
picture_000506 0.904 66.5 96.2 94.1 108.7
picture_000506 0.827 1.0 140.0 46.5 140.0
picture_000506 0.799 1.0 59.2 17.9 109.9
picture_000506 0.797 11.6 1.0 35.4 3.2
picture_000506 0.767 1.0 42.8 44.7 62.7
picture_000506 0.761 85.4 1.0 126.4 1.0
picture_000506 0.753 106.7 118.8 142.0 140.0
picture_000506 0.678 13.6 32.6 45.5 40.3
picture_000506 0.501 83.6 140.0 130.4 140.0
picture_000506 0.451 108.4 43.4 142.0 52.1
picture_000506 0.442 1.0 112.6 1.0 121.7
picture_000506 0.279 1.0 2.5 1.0 12.5
picture_000506 0.233 45.0 123.8 97.2 140.0
picture_000506 0.175 1.0 1.0 1.0 1.0
picture_000506 0.155 1.0 79.0 1.0 91.9
picture_000506 0.133 111.7 107.8 142.0 123.3
picture_000506 0.101 1.0 137.7 1.0 140.0
picture_000506 0.089 86.3 135.6 142.0 140.0
picture_000508 0.986 177.1 61.5 243.6 115.9
picture_000508 0.984 148.8 162.5 205.1 193.6
picture_000508 0.976 109.1 50.4 173.1 73.8
picture_000508 0.971 156.7 127.9 236.0 241.9
picture_000508 0.961 131.0 142.4 186.5 250.8
picture_000508 0.943 121.8 74.8 219.5 181.5
picture_000508 0.928 149.6 122.1 185.4 183.6
picture_000508 0.923 196.8 231.0 252.0 275.9
picture_000508 0.913 145.3 199.3 214.3 276.0
picture_000508 0.882 136.2 1.0 178.4 160.4
picture_000508 0.831 168.2 230.7 201.6 262.9
picture_000508 0.810 93.5 229.2 146.9 246.2
picture_000508 0.723 202.5 113.4 226.8 162.5
picture_000508 0.540 72.3 202.8 132.1 271.8
picture_000508 0.494 189.6 218.5 219.3 271.1
picture_000508 0.126 9.5 177.0 172.4 276.0
picture_000508 0.076 64.4 246.9 170.2 276.0
picture_000508 0.075 71.9 136.8 279.0 184.6
picture_000508 0.059 91.1 167.7 132.9 186.2
picture_000511 0.988 108.0 134.7 178.2 149.3
picture_000511 0.988 75.2 86.3 138.4 100.4
picture_000511 0.987 108.9 106.8 134.4 127.8
picture_000511 0.985 138.5 74.7 196.0 134.5
picture_000511 0.984 99.7 114.0 192.7 173.1
picture_000511 0.983 90.9 42.3 165.9 111.3
picture_000511 0.977 70.8 150.3 149.8 206.5
picture_000511 0.970 48.2 183.7 86.6 204.9
picture_000511 0.944 115.8 218.3 164.1 245.8
picture_000511 0.928 135.3 208.0 196.0 228.6
picture_000511 0.890 139.0 154.4 160.3 177.9
picture_000511 0.782 37.7 87.0 163.1 162.9
picture_000511 0.058 158.0 174.7 189.1 200.1
picture_000512 0.979 116.1 124.3 176.0 167.0
picture_000512 0.965 67.6 98.6 176.0 148.7
picture_000512 0.961 99.8 133.5 176.0 145.9
picture_000512 0.961 94.3 119.7 163.9 130.5
picture_000512 0.955 124.6 88.6 176.0 100.8
picture_000512 0.951 152.5 36.0 176.0 54.4
picture_000512 0.945 109.4 203.7 175.0 213.0
picture_000512 0.936 139.2 100.3 176.0 111.5
picture_000512 0.928 158.8 158.3 176.0 191.2
picture_000512 0.909 85.4 34.3 167.3 43.8
picture_000512 0.908 97.6 213.0 168.1 213.0
picture_000512 0.108 61.1 183.8 114.1 193.7
picture_000512 0.106 68.6 200.3 142.1 213.0
picture_000512 0.071 86.4 49.5 143.5 68.3
picture_000512 0.062 101.9 172.1 140.0 185.6
picture_000517 0.140 19.0 220.5 103.7 245.2
picture_000517 0.090 26.9 235.1 105.3 264.0
picture_000517 0.090 1.0 210.0 69.7 233.4
picture_000520 0.302 201.5 73.9 277.6 93.4
picture_000520 0.174 214.2 162.9 292.4 190.3
picture_000524 0.152 111.5 144.3 193.8 216.6
picture_000524 0.147 229.8 240.0 266.0 240.0
picture_000524 0.136 266.0 165.2 266.0 216.0
picture_000524 0.124 173.5 198.6 266.0 240.0
picture_000524 0.119 195.6 137.0 266.0 220.0
picture_000524 0.114 111.6 240.0 225.4 240.0
picture_000524 0.091 160.6 224.2 244.4 240.0
picture_000527 0.060 204.9 115.4 253.3 170.5
picture_000530 0.162 96.9 208.4 196.3 248.3
picture_000530 0.089 101.2 12.6 173.6 195.0
picture_000530 0.061 1.0 71.1 39.0 179.0
picture_000530 0.052 1.0 42.0 1.0 162.4
picture_000532 0.052 168.4 117.7 261.4 200.7
picture_000535 0.138 20.7 217.6 148.1 253.0
picture_000535 0.089 5.7 253.0 92.5 253.0
picture_000535 0.077 48.8 253.0 158.3 253.0
picture_000535 0.075 42.9 246.6 180.3 253.0
picture_000535 0.070 6.0 209.2 60.8 245.2
picture_000536 0.101 1.0 67.8 78.7 101.5
picture_000536 0.093 1.0 124.2 37.5 153.0
picture_000536 0.090 19.7 1.0 110.7 44.3
picture_000536 0.081 1.0 9.1 25.9 58.3
picture_000536 0.076 39.0 41.0 157.9 135.1
picture_000536 0.066 78.6 118.1 129.8 153.0
picture_000536 0.060 37.6 19.4 96.6 91.5
picture_000536 0.056 1.0 76.0 1.0 120.1
picture_000536 0.051 28.9 153.0 96.0 153.0
picture_000540 0.319 19.7 412.1 83.4 444.0
picture_000540 0.215 1.0 425.9 48.4 451.8
picture_000542 0.357 8.1 151.1 40.0 173.0
picture_000542 0.315 1.0 147.0 28.2 162.7
picture_000545 0.292 269.6 95.6 310.7 124.9
picture_000545 0.135 133.4 40.5 196.2 73.3
picture_000545 0.069 223.0 112.8 317.0 140.7
picture_000545 0.054 101.3 27.1 170.2 95.5
picture_000548 0.162 30.0 384.9 63.3 408.2
picture_000548 0.062 182.8 452.4 218.9 481.6
picture_000551 0.066 170.9 61.9 234.5 109.9
picture_000551 0.065 128.0 97.2 257.6 172.2
picture_000552 0.052 56.3 177.3 132.7 200.3
picture_000552 0.052 130.1 240.3 179.2 282.1
picture_000553 0.129 160.2 123.3 211.9 145.6
picture_000553 0.090 204.3 186.5 242.2 219.8
picture_000553 0.078 172.3 134.2 215.2 159.6
picture_000553 0.069 137.0 99.7 183.6 113.8
picture_000553 0.051 22.4 228.8 138.0 254.8
picture_000557 0.122 8.4 89.4 89.1 159.0
picture_000558 0.250 195.0 48.8 238.0 78.2
picture_000558 0.146 162.9 54.3 220.4 81.3
picture_000558 0.141 212.8 71.0 238.0 86.6
picture_000558 0.085 202.7 33.8 237.4 50.1
picture_000558 0.074 206.1 82.7 236.1 96.3
picture_000558 0.059 129.6 60.7 156.3 80.8
picture_000566 0.074 30.9 232.3 118.2 277.8
picture_000566 0.053 311.0 123.1 345.0 185.4
picture_000579 0.092 356.0 454.8 383.0 514.5
picture_000579 0.079 271.7 454.3 374.4 590.0
picture_000579 0.077 293.3 437.5 376.3 507.0
picture_000579 0.059 291.8 382.2 366.5 476.9
picture_000579 0.051 283.9 409.4 370.6 438.5
picture_000581 0.069 1.0 138.8 29.4 193.6
picture_000581 0.054 1.0 168.4 118.8 214.8
picture_000585 0.237 105.7 165.7 282.0 217.0
picture_000585 0.075 134.0 205.1 271.6 217.0
picture_000586 0.089 261.5 29.3 321.1 53.9
picture_000586 0.071 278.1 50.2 320.7 89.0
picture_000586 0.065 286.9 1.0 337.8 53.1
picture_000586 0.062 289.5 65.3 344.0 129.3
picture_000586 0.061 212.7 22.1 306.4 43.9
picture_000593 0.054 151.0 276.8 243.3 304.1
picture_000595 0.119 264.0 1.0 302.9 1.0
picture_000595 0.085 262.1 17.8 301.3 34.3
picture_000596 0.052 1.0 270.8 68.0 327.8
picture_000605 0.322 14.7 499.7 51.0 600.0
picture_000606 0.087 135.3 136.9 181.8 180.3
picture_000606 0.073 129.0 106.2 166.0 153.6
picture_000609 0.177 123.3 97.1 182.8 192.0
picture_000609 0.143 188.5 199.3 271.0 228.0
picture_000609 0.127 145.8 137.4 223.1 218.5
picture_000609 0.117 192.6 127.6 236.3 207.5
picture_000609 0.087 188.2 228.0 271.0 228.0
picture_000609 0.063 41.7 110.1 161.3 202.8
picture_000611 0.303 52.3 102.7 110.6 133.7
picture_000611 0.267 42.4 124.8 111.3 164.0
picture_000611 0.089 60.9 90.4 164.6 164.0
picture_000611 0.088 5.2 139.9 84.3 158.4
picture_000611 0.077 1.0 157.4 93.7 164.0
picture_000611 0.074 51.5 31.5 126.5 103.2
picture_000611 0.070 1.0 103.7 35.2 164.0
picture_000611 0.064 99.6 27.9 132.8 91.9
picture_000612 0.131 157.4 201.4 191.2 242.3
picture_000612 0.105 149.2 236.1 174.6 270.1
picture_000612 0.066 132.0 225.2 155.8 260.9
picture_000613 0.371 171.4 196.9 196.6 230.6
picture_000613 0.343 166.5 229.4 196.2 261.6
picture_000613 0.327 183.1 210.4 206.1 228.5
picture_000613 0.116 187.6 221.8 206.3 232.1
picture_000615 0.101 27.2 201.6 126.4 271.7
picture_000615 0.071 1.0 175.4 81.1 246.4
picture_000617 0.064 141.8 252.3 206.0 299.5
picture_000617 0.051 97.0 219.8 170.1 276.4
picture_000618 0.059 179.5 448.0 289.0 448.0
picture_000618 0.051 182.6 423.9 289.0 448.0
picture_000619 0.196 57.5 220.0 99.6 258.5
picture_000619 0.121 60.5 264.7 139.1 301.9
picture_000619 0.102 112.4 344.3 223.4 370.0
picture_000619 0.095 99.5 271.5 265.2 354.2
picture_000619 0.070 1.0 352.4 67.3 370.0
picture_000619 0.065 164.8 370.0 323.3 370.0
picture_000619 0.055 25.1 193.4 230.7 370.0
picture_000619 0.054 1.0 269.4 102.4 305.8
picture_000619 0.052 1.0 370.0 38.7 370.0
picture_000619 0.052 204.4 220.9 249.3 264.6
picture_000621 0.330 6.7 113.4 31.8 157.9
picture_000621 0.267 1.0 111.0 13.9 157.9
picture_000621 0.053 1.0 36.5 65.2 135.2
picture_000622 0.051 85.4 517.7 205.0 543.0
picture_000634 0.052 11.5 225.7 74.8 265.2
picture_000635 0.058 286.8 431.9 338.2 468.8
picture_000637 0.407 31.0 26.1 80.7 75.0
picture_000637 0.379 94.1 21.2 194.0 99.6
picture_000637 0.331 60.0 34.1 116.9 104.1
picture_000637 0.282 82.5 116.1 194.0 181.9
picture_000637 0.162 35.3 198.1 109.4 204.0
picture_000637 0.155 84.7 168.5 194.0 204.0
picture_000637 0.147 1.0 118.0 15.9 143.9
picture_000637 0.144 41.2 1.0 106.4 42.2
picture_000637 0.139 1.0 1.0 25.9 55.4
picture_000637 0.125 81.7 204.0 194.0 204.0
picture_000637 0.115 174.8 43.2 194.0 145.3
picture_000637 0.099 41.6 204.0 115.8 204.0
picture_000637 0.090 2.7 80.4 172.7 135.2
picture_000637 0.084 89.6 154.2 144.0 184.9
picture_000637 0.066 154.0 189.3 194.0 204.0
picture_000637 0.055 1.0 1.9 85.2 100.6
picture_000637 0.052 141.2 1.0 194.0 58.6
picture_000638 0.393 114.0 131.3 201.0 194.2
picture_000638 0.321 55.8 69.4 111.5 95.1
picture_000638 0.257 37.9 53.4 114.7 157.2
picture_000638 0.172 198.1 55.8 201.0 163.7
picture_000638 0.170 134.0 204.9 201.0 213.0
picture_000638 0.162 1.0 201.3 107.4 213.0
picture_000638 0.154 112.2 1.0 201.0 111.4
picture_000638 0.140 66.6 185.9 125.6 213.0
picture_000638 0.125 1.0 25.0 64.1 62.2
picture_000638 0.122 127.8 171.5 170.2 200.1
picture_000638 0.114 1.0 39.7 71.0 157.6
picture_000638 0.111 60.3 213.0 145.4 213.0
picture_000638 0.097 152.7 1.0 201.0 16.0
picture_000638 0.065 108.5 98.1 163.8 132.7
picture_000638 0.057 201.0 42.0 201.0 175.6
picture_000638 0.056 33.3 1.0 163.2 105.0
picture_000638 0.054 156.2 213.0 201.0 213.0
picture_000638 0.053 176.9 104.8 201.0 125.3
picture_000638 0.050 201.0 213.0 201.0 213.0
picture_000639 0.096 81.6 48.9 111.9 64.2
picture_000644 0.109 189.6 155.3 258.5 200.0
picture_000644 0.057 170.7 185.5 221.3 200.0
picture_000647 0.643 128.6 142.0 186.6 167.6
picture_000647 0.601 141.6 96.9 187.0 155.7
picture_000647 0.408 150.8 174.9 210.0 184.0
picture_000647 0.136 149.9 154.2 187.5 174.7
picture_000647 0.093 145.9 183.0 185.7 184.0
picture_000647 0.059 213.2 133.0 226.0 159.4
picture_000648 0.974 1.0 233.6 48.3 272.0
picture_000648 0.968 59.3 234.2 103.2 264.3
picture_000648 0.955 1.0 279.0 40.1 341.7
picture_000648 0.924 1.0 249.1 8.3 295.4
picture_000648 0.912 34.9 280.5 114.3 338.8
picture_000648 0.853 1.0 296.7 3.8 323.4
picture_000648 0.809 13.5 252.2 36.5 276.0
picture_000648 0.752 1.0 290.8 44.8 308.0
picture_000648 0.638 1.0 333.8 10.1 358.9
picture_000648 0.532 2.1 358.4 49.6 382.2
picture_000648 0.517 8.1 214.6 52.9 239.7
picture_000648 0.510 1.0 217.6 1.0 237.9
picture_000648 0.508 57.7 192.1 128.3 205.4
picture_000648 0.109 10.4 180.4 70.1 217.2
picture_000648 0.087 1.0 162.3 33.3 192.9
picture_000648 0.083 29.3 363.1 98.1 387.0
picture_000649 0.935 99.3 243.9 181.1 261.7
picture_000649 0.877 105.3 214.7 187.5 237.8
picture_000649 0.844 48.7 276.0 142.0 290.6
picture_000649 0.826 84.1 286.7 162.7 301.0
picture_000649 0.429 87.4 267.3 149.8 280.7
picture_000649 0.268 44.3 263.0 102.4 277.3
picture_000650 0.882 66.9 450.2 116.0 484.1
picture_000650 0.866 18.9 512.4 57.3 534.3
picture_000650 0.718 40.5 551.2 135.5 556.0
picture_000650 0.620 1.0 556.0 83.3 556.0
picture_000650 0.526 53.9 526.3 187.1 556.0
picture_000650 0.445 67.2 556.0 159.0 556.0
picture_000650 0.064 1.0 545.9 75.7 556.0
picture_000651 0.907 93.3 137.4 158.7 144.0
picture_000651 0.906 126.8 129.3 204.7 143.7
picture_000651 0.870 108.9 144.0 199.4 144.0
picture_000651 0.795 46.3 130.4 160.6 144.0
picture_000651 0.694 123.2 139.9 231.0 144.0
picture_000651 0.253 204.5 137.8 231.0 144.0
picture_000651 0.177 114.7 114.7 172.2 138.3
picture_000651 0.057 151.4 115.2 231.0 140.1
picture_000652 0.997 13.7 100.6 47.7 126.8
picture_000652 0.994 1.0 118.8 19.1 144.8
picture_000652 0.994 1.0 123.7 92.7 138.8
picture_000652 0.993 41.5 168.6 92.5 197.4
picture_000652 0.992 1.0 112.3 1.0 144.1
picture_000652 0.990 1.0 179.2 9.9 200.1
picture_000652 0.985 1.0 164.7 23.1 180.4
picture_000652 0.983 67.1 75.6 142.0 117.4
picture_000652 0.982 1.0 62.2 64.1 114.2
picture_000652 0.980 29.7 129.3 142.0 151.4
picture_000652 0.907 14.9 221.3 47.2 228.0
picture_000652 0.837 1.0 1.0 21.9 1.0
picture_000652 0.815 1.0 65.4 1.0 79.2
picture_000652 0.717 1.0 218.2 1.0 228.0
picture_000652 0.626 33.5 206.2 81.7 228.0
picture_000652 0.427 1.0 144.0 1.0 169.0
picture_000652 0.261 31.6 228.0 81.4 228.0
picture_000652 0.150 1.0 15.6 1.9 35.1
picture_000652 0.140 1.0 36.1 1.0 56.7
picture_000653 1.000 167.4 643.9 204.6 681.0
picture_000653 0.997 194.1 681.0 252.9 681.0
picture_000653 0.969 252.8 657.5 267.8 675.8
picture_000653 0.963 141.2 645.3 167.6 664.6
picture_000653 0.957 101.7 672.3 190.2 681.0
picture_000653 0.951 323.0 681.0 323.0 681.0
picture_000653 0.908 163.6 681.0 204.5 681.0
picture_000653 0.518 242.1 681.0 264.6 681.0
picture_000653 0.158 133.3 582.5 205.8 640.0
picture_000653 0.100 96.9 562.3 157.7 606.4
picture_000653 0.080 292.6 558.6 323.0 594.4
picture_000653 0.063 121.8 681.0 136.1 681.0
picture_000656 0.852 70.5 261.6 113.8 262.0
picture_000656 0.805 117.4 234.6 161.5 259.8
picture_000656 0.772 1.8 240.3 127.3 262.0
picture_000656 0.747 115.4 259.4 200.0 262.0
picture_000656 0.582 171.1 255.3 203.8 262.0
picture_000656 0.441 108.8 262.0 161.2 262.0
picture_000656 0.438 95.3 244.9 216.5 262.0
picture_000656 0.212 12.1 262.0 91.1 262.0
picture_000656 0.158 110.5 142.5 166.5 208.8
picture_000656 0.095 97.9 189.1 186.1 256.1
picture_000657 0.989 62.2 266.3 188.3 287.3
picture_000657 0.984 32.4 291.0 179.6 291.0
picture_000657 0.977 48.2 288.9 95.4 291.0
picture_000657 0.955 1.0 277.6 114.0 291.0
picture_000657 0.899 1.0 238.2 141.2 271.4
picture_000657 0.170 131.7 161.6 193.8 196.3
picture_000657 0.147 124.2 182.9 226.0 227.9
picture_000657 0.064 90.0 278.1 170.8 291.0
picture_000657 0.064 126.7 218.5 204.3 263.8
picture_000657 0.057 88.3 169.0 180.3 261.8
picture_000659 0.960 144.7 364.4 194.8 428.2
picture_000659 0.948 110.8 366.9 159.6 436.9
picture_000659 0.945 153.6 333.1 197.6 393.4
picture_000659 0.936 137.6 403.2 168.1 465.1
picture_000659 0.768 142.2 438.1 180.4 479.7
picture_000659 0.669 121.4 319.6 176.9 402.7
picture_000659 0.607 89.2 397.8 134.7 449.8
picture_000659 0.509 168.4 471.1 199.8 485.0
picture_000659 0.115 177.1 378.9 215.6 429.2
picture_000659 0.068 49.8 365.0 117.8 425.8
picture_000666 0.991 162.7 208.5 219.5 256.4
picture_000666 0.983 170.8 145.3 227.4 225.9
picture_000666 0.983 181.9 218.4 245.7 277.7
picture_000666 0.982 101.2 191.9 196.6 247.0
picture_000666 0.979 101.3 243.8 184.6 269.0
picture_000666 0.971 120.6 159.0 182.4 175.0
picture_000666 0.967 156.9 122.9 198.4 192.4
picture_000666 0.965 155.3 279.2 210.7 297.1
picture_000666 0.957 190.0 252.7 255.6 306.7
picture_000666 0.956 201.9 191.4 262.1 259.1
picture_000666 0.954 161.4 236.3 201.9 268.5
picture_000666 0.911 108.6 220.0 220.9 290.1
picture_000666 0.803 234.4 262.1 266.0 289.7
picture_000666 0.783 155.6 322.9 206.3 343.0
picture_000666 0.687 256.6 244.2 267.0 276.9
picture_000666 0.201 141.3 205.7 190.8 224.3
picture_000666 0.147 149.9 343.0 200.1 343.0
picture_000667 0.919 13.7 167.6 43.3 195.2
picture_000667 0.903 1.0 100.0 60.9 115.8
picture_000667 0.902 1.0 125.9 1.0 147.3
picture_000667 0.887 1.0 144.0 8.1 177.2
picture_000667 0.885 10.1 150.7 81.3 181.1
picture_000667 0.857 33.3 184.6 95.9 210.8
picture_000667 0.793 1.0 202.8 52.4 221.9
picture_000667 0.782 1.0 135.4 31.4 155.7
picture_000667 0.737 1.0 131.8 138.5 188.6
picture_000667 0.716 1.0 103.0 52.5 162.5
picture_000667 0.619 1.0 192.9 1.0 221.9
picture_000667 0.611 1.0 227.3 69.1 242.0
picture_000667 0.559 37.2 178.6 127.3 193.8
picture_000667 0.282 53.4 218.8 121.5 246.7
picture_000667 0.200 54.2 197.4 134.0 213.8
picture_000667 0.159 20.4 233.9 72.7 257.1
picture_000670 0.616 289.9 383.8 337.2 420.7
picture_000670 0.398 330.5 403.8 386.0 436.0
picture_000670 0.174 246.0 413.0 297.7 435.7
picture_000670 0.131 225.1 422.9 338.9 479.0
picture_000670 0.091 288.8 431.8 329.7 488.2
picture_000674 0.500 116.3 244.9 172.6 292.8
picture_000674 0.440 142.3 247.8 236.0 301.1
picture_000674 0.397 79.8 321.4 185.3 369.5
picture_000674 0.296 76.6 228.2 195.3 277.8
picture_000674 0.246 78.2 285.1 158.7 342.5
picture_000674 0.198 169.7 311.4 232.5 357.5
picture_000674 0.099 107.1 274.7 229.2 326.7
picture_000675 0.958 93.5 44.4 166.4 83.5
picture_000675 0.955 161.7 89.3 222.3 115.6
picture_000675 0.954 176.7 4.5 223.0 43.8
picture_000675 0.934 196.1 97.6 223.0 120.0
picture_000675 0.929 127.1 94.6 175.7 120.0
picture_000675 0.905 223.0 57.7 223.0 97.9
picture_000675 0.884 39.6 29.3 201.1 74.9
picture_000675 0.864 70.1 70.7 191.9 120.0
picture_000675 0.836 98.0 17.0 209.7 40.4
picture_000675 0.817 122.2 120.0 165.9 120.0
picture_000675 0.794 223.0 1.0 223.0 60.0
picture_000675 0.769 105.1 88.5 193.1 99.8
picture_000675 0.742 117.0 1.0 183.4 17.4
picture_000675 0.659 171.1 71.2 223.0 80.1
picture_000675 0.654 167.0 52.6 223.0 82.7
picture_000675 0.589 7.2 51.4 175.0 100.2
picture_000675 0.568 75.2 34.5 159.7 53.9
picture_000675 0.511 214.7 73.1 223.0 87.1
picture_000675 0.439 150.9 109.4 223.0 120.0
picture_000675 0.319 64.0 109.3 170.4 120.0
picture_000675 0.203 223.0 97.3 223.0 120.0
picture_000675 0.130 223.0 120.0 223.0 120.0
picture_000675 0.129 207.2 1.0 223.0 8.0
picture_000675 0.128 42.6 67.8 70.4 95.5
picture_000675 0.085 44.4 83.0 69.3 109.3
picture_000675 0.065 50.0 67.4 141.4 79.2
picture_000675 0.059 208.9 1.0 223.0 1.0
picture_000676 0.986 139.3 133.8 208.0 142.0
picture_000676 0.963 72.0 114.3 188.5 139.9
picture_000676 0.960 155.3 112.7 208.0 137.0
picture_000676 0.954 108.2 142.0 187.4 142.0
picture_000676 0.929 146.4 142.0 167.5 142.0
picture_000676 0.829 102.4 95.9 161.3 125.8
picture_000676 0.788 185.5 142.0 208.0 142.0
picture_000676 0.739 51.5 142.0 128.5 142.0
picture_000676 0.104 27.0 139.9 149.6 142.0
picture_000676 0.104 161.1 8.4 201.6 31.5
picture_000676 0.071 162.4 49.8 202.3 95.3
picture_000677 0.996 96.8 165.5 142.2 169.0
picture_000677 0.995 30.5 145.5 152.9 169.0
picture_000677 0.994 82.7 169.0 161.0 169.0
picture_000677 0.993 107.0 81.0 146.9 135.5
picture_000677 0.993 112.1 157.5 161.0 169.0
picture_000677 0.987 35.1 112.5 161.0 161.1
picture_000677 0.985 140.2 112.5 161.0 157.9
picture_000677 0.982 161.0 169.0 161.0 169.0
picture_000677 0.978 161.0 106.5 161.0 167.8
picture_000677 0.966 18.0 46.8 72.9 130.8
picture_000677 0.954 1.0 151.6 62.2 169.0
picture_000677 0.943 89.2 23.5 161.0 127.4
picture_000677 0.930 20.9 169.0 77.3 169.0
picture_000677 0.920 161.0 55.0 161.0 114.8
picture_000677 0.826 161.0 152.0 161.0 169.0
picture_000677 0.542 51.4 26.6 123.2 154.0
picture_000677 0.455 136.8 55.1 161.0 133.4
picture_000677 0.331 64.0 109.1 112.4 136.1
picture_000678 0.946 110.0 28.9 151.4 71.1
picture_000678 0.933 97.3 22.7 148.5 41.3
picture_000678 0.917 101.7 64.8 158.4 124.4
picture_000678 0.917 79.6 51.4 138.4 96.2
picture_000678 0.893 89.7 82.5 116.6 128.2
picture_000678 0.869 108.3 45.3 130.9 80.9
picture_000678 0.855 152.6 43.9 164.0 74.3
picture_000678 0.821 124.3 1.0 164.0 1.0
picture_000678 0.818 49.7 24.7 111.8 75.0
picture_000678 0.807 57.3 65.4 101.6 118.5
picture_000678 0.688 6.5 152.2 38.0 195.1
picture_000678 0.630 108.7 82.7 136.8 149.9
picture_000678 0.526 83.6 78.7 125.5 184.4
picture_000678 0.421 64.0 149.4 137.4 185.4
picture_000678 0.218 53.8 208.3 108.8 233.9
picture_000678 0.168 78.4 43.2 105.7 57.8
picture_000678 0.167 1.0 185.1 55.7 210.1
picture_000678 0.140 66.2 100.8 99.6 123.8
picture_000678 0.063 164.0 72.4 164.0 93.1
picture_000680 0.998 195.4 261.6 246.0 342.2
picture_000680 0.997 135.5 240.8 201.4 355.2
picture_000680 0.996 175.2 285.0 216.7 327.0
picture_000680 0.996 156.7 248.8 231.2 277.0
picture_000680 0.996 212.9 314.2 246.0 343.2
picture_000680 0.993 186.7 328.4 211.8 355.6
picture_000680 0.992 202.5 395.2 246.0 419.0
picture_000680 0.983 246.0 269.9 246.0 314.6
picture_000680 0.979 207.9 305.2 246.0 419.0
picture_000680 0.972 143.3 391.7 198.0 414.0
picture_000680 0.969 238.9 419.0 246.0 419.0
picture_000680 0.951 190.7 419.0 217.4 419.0
picture_000680 0.909 105.0 181.5 173.8 206.9
picture_000680 0.820 118.2 402.4 167.1 418.7
picture_000680 0.785 162.3 69.7 217.6 151.9
picture_000680 0.702 202.6 226.9 237.5 243.4
picture_000680 0.484 1.0 330.0 178.0 370.9
picture_000680 0.470 64.3 256.6 236.9 394.2
picture_000680 0.135 215.5 377.9 246.0 400.5
picture_000680 0.122 131.8 419.0 195.6 419.0
picture_000680 0.085 246.0 305.9 246.0 344.2
picture_000680 0.068 181.8 363.7 237.5 384.6
picture_000683 0.931 174.4 201.3 206.4 219.7
picture_000683 0.843 196.7 208.6 214.0 228.0
picture_000683 0.751 99.6 201.8 214.0 225.7
picture_000683 0.615 161.6 228.0 214.0 228.0
picture_000683 0.558 99.4 228.0 170.7 228.0
picture_000683 0.553 214.0 228.0 214.0 228.0
picture_000683 0.317 214.0 209.1 214.0 228.0
picture_000685 0.988 75.2 52.7 121.2 109.5
picture_000685 0.984 13.2 38.7 48.3 71.5
picture_000685 0.979 23.8 118.6 55.8 133.0
picture_000685 0.971 1.0 42.6 34.1 57.0
picture_000685 0.968 4.9 1.0 48.3 59.4
picture_000685 0.967 1.0 49.2 99.2 100.0
picture_000685 0.959 45.3 80.0 95.4 103.1
picture_000685 0.948 18.0 79.0 94.7 133.0
picture_000685 0.940 1.0 132.0 1.0 133.0
picture_000685 0.940 98.6 5.1 133.0 85.7
picture_000685 0.935 1.0 86.2 47.2 133.0
picture_000685 0.915 101.6 79.0 133.0 109.0
picture_000685 0.913 77.5 133.0 133.0 133.0
picture_000685 0.880 36.3 133.0 92.7 133.0
picture_000685 0.848 1.0 74.6 1.0 94.6
picture_000685 0.784 78.7 1.0 133.0 1.0
picture_000685 0.768 1.0 1.0 1.0 1.0
picture_000685 0.743 41.3 1.0 133.0 36.5
picture_000685 0.734 1.0 130.1 74.0 133.0
picture_000685 0.549 28.7 16.0 80.4 58.4
picture_000685 0.262 46.6 128.5 119.6 133.0
picture_000685 0.180 30.0 1.0 72.4 1.0
picture_000685 0.178 73.8 122.1 133.0 133.0
picture_000685 0.176 96.1 42.4 121.7 58.8
picture_000685 0.160 1.0 1.0 8.9 1.0
picture_000685 0.155 1.0 52.6 1.0 64.3
picture_000685 0.121 1.0 1.0 35.9 1.0
picture_000685 0.120 115.1 70.1 133.0 88.8
picture_000685 0.099 90.9 73.4 117.7 86.7
picture_000685 0.074 82.5 33.7 114.8 53.3
picture_000685 0.055 33.0 57.9 73.7 92.7
picture_000688 0.719 168.8 34.5 247.6 67.9
picture_000688 0.612 227.9 1.0 274.0 13.0
picture_000688 0.606 229.0 119.3 274.0 159.5
picture_000688 0.595 219.7 6.0 274.0 106.5
picture_000688 0.560 195.2 122.2 256.6 199.6
picture_000688 0.450 196.6 35.4 261.7 158.8
picture_000688 0.325 274.0 1.0 274.0 60.5
picture_000688 0.284 126.0 14.7 242.4 103.9
picture_000688 0.200 138.7 75.0 244.4 172.4
picture_000688 0.078 236.0 1.0 274.0 3.7
picture_000688 0.062 15.7 257.2 87.4 283.0
picture_000688 0.058 274.0 165.6 274.0 202.5
picture_000689 0.960 57.4 1.0 132.4 71.0
picture_000689 0.955 46.8 44.7 109.5 122.9
picture_000689 0.949 76.3 86.6 135.3 147.0
picture_000689 0.946 39.5 1.0 76.4 38.1
picture_000689 0.937 82.2 45.7 102.2 78.7
picture_000689 0.933 42.6 83.2 87.2 147.0
picture_000689 0.928 1.0 55.0 4.7 89.2
picture_000689 0.915 12.1 1.0 57.8 53.5
picture_000689 0.913 1.0 20.8 82.7 89.7
picture_000689 0.882 105.1 1.0 131.6 49.9
picture_000689 0.847 114.3 80.9 130.5 116.2
picture_000689 0.835 1.0 65.4 38.7 147.0
picture_000689 0.793 139.6 5.4 164.2 118.8
picture_000689 0.787 34.9 1.0 58.3 1.0
picture_000689 0.712 87.1 1.0 102.9 1.6
picture_000689 0.612 1.0 82.6 1.0 141.8
picture_000689 0.603 162.5 112.8 179.0 147.0
picture_000689 0.505 179.0 31.2 179.0 56.0
picture_000689 0.427 143.2 1.0 165.7 1.0
picture_000689 0.302 54.4 1.0 81.8 1.0
picture_000689 0.289 179.0 1.0 179.0 8.1
picture_000689 0.127 1.0 1.0 18.7 1.0
picture_000693 0.813 109.6 75.9 180.2 146.6
picture_000693 0.669 45.9 127.7 153.4 206.2
picture_000693 0.667 54.6 34.7 183.1 128.1
picture_000693 0.590 87.4 144.5 123.5 163.3
picture_000693 0.477 103.1 128.2 275.0 215.2
picture_000693 0.471 22.9 166.8 98.9 206.1
picture_000693 0.468 71.8 158.8 129.9 172.3
picture_000693 0.206 168.2 78.4 238.5 89.0
picture_000693 0.071 140.4 202.3 200.1 257.2
picture_000694 0.982 100.6 1.0 150.1 61.9
picture_000694 0.971 31.2 72.8 95.5 101.9
picture_000694 0.965 77.7 81.9 132.3 141.0
picture_000694 0.960 132.0 74.1 157.0 131.6
picture_000694 0.944 157.0 9.3 157.0 68.9
picture_000694 0.932 77.3 56.4 157.0 99.2
picture_000694 0.932 152.7 13.0 157.0 76.3
picture_000694 0.882 1.0 1.1 121.4 43.9
picture_000694 0.873 157.0 76.4 157.0 141.0
picture_000694 0.831 110.2 123.1 157.0 141.0
picture_000694 0.808 42.3 127.3 111.0 141.0
picture_000694 0.802 96.3 141.0 130.0 141.0
picture_000694 0.772 75.9 1.0 135.0 18.0
picture_000694 0.590 96.4 46.8 127.9 59.8
picture_000694 0.497 1.0 76.7 70.0 90.1
picture_000694 0.469 139.3 1.0 157.0 35.7
picture_000694 0.446 78.1 1.0 157.0 1.0
picture_000694 0.343 130.3 141.0 157.0 141.0
picture_000694 0.340 157.0 1.0 157.0 1.0
picture_000694 0.108 157.0 59.9 157.0 74.4
picture_000694 0.097 16.8 24.4 62.7 40.8
picture_000694 0.066 1.0 35.6 50.5 51.2
picture_000694 0.057 25.1 41.7 76.6 59.1
picture_000694 0.051 43.7 1.0 157.0 2.7
picture_000694 0.050 1.0 137.7 85.2 141.0
picture_000695 0.100 1.5 597.0 43.9 673.0
picture_000695 0.097 11.2 625.3 68.9 693.2
picture_000695 0.071 1.0 642.4 5.3 713.0
picture_000695 0.063 14.8 513.7 146.5 577.4
picture_000695 0.062 11.8 675.3 41.0 707.1
picture_000695 0.060 11.7 713.0 48.4 713.0
picture_000695 0.057 59.5 550.0 170.6 593.9
picture_000696 0.995 173.3 54.4 189.0 78.4
picture_000696 0.994 123.3 123.8 189.0 145.5
picture_000696 0.993 164.1 84.0 189.0 130.2
picture_000696 0.992 157.9 156.2 189.0 182.0
picture_000696 0.990 189.0 122.1 189.0 159.0
picture_000696 0.987 99.6 182.0 157.1 182.0
picture_000696 0.985 140.0 181.1 183.9 182.0
picture_000696 0.983 46.2 165.3 145.3 182.0
picture_000696 0.983 34.0 102.4 146.1 117.2
picture_000696 0.981 99.8 102.6 166.0 182.0
picture_000696 0.969 101.9 25.5 157.2 67.6
picture_000696 0.931 189.0 146.2 189.0 182.0
picture_000696 0.900 131.3 70.6 189.0 156.1
picture_000696 0.843 189.0 182.0 189.0 182.0
picture_000696 0.807 184.9 30.6 189.0 68.4
picture_000696 0.722 174.7 182.0 189.0 182.0
picture_000696 0.650 101.9 140.3 157.8 148.3
picture_000696 0.640 1.0 71.4 172.8 107.5
picture_000696 0.429 189.0 57.0 189.0 87.8
picture_000696 0.259 104.1 133.0 150.8 144.1
picture_000696 0.111 169.9 147.0 189.0 162.1
picture_000696 0.077 1.0 131.3 177.2 162.6
picture_000696 0.059 189.0 88.4 189.0 112.2
picture_000701 0.949 10.0 45.3 126.0 94.1
picture_000701 0.924 15.2 108.0 80.3 108.0
picture_000701 0.913 72.2 2.8 126.0 56.3
picture_000701 0.911 91.0 108.0 126.0 108.0
picture_000701 0.898 1.0 94.5 40.4 108.0
picture_000701 0.864 67.8 56.5 126.0 83.5
picture_000701 0.833 1.0 10.6 74.8 34.5
picture_000701 0.804 33.1 75.4 126.0 108.0
picture_000701 0.783 1.0 22.2 72.4 58.0
picture_000701 0.778 1.0 72.6 70.3 108.0
picture_000701 0.638 2.3 1.0 126.0 23.7
picture_000701 0.563 48.1 1.0 111.1 2.1
picture_000701 0.547 1.0 53.3 15.9 75.1
picture_000701 0.537 50.2 100.1 126.0 108.0
picture_000701 0.482 102.7 37.9 126.0 91.4
picture_000701 0.397 55.0 32.7 102.3 55.2
picture_000701 0.348 126.0 71.3 126.0 108.0
picture_000701 0.241 63.0 73.4 96.7 89.9
picture_000701 0.185 13.9 95.4 95.6 108.0
picture_000701 0.162 1.0 1.0 35.1 1.0
picture_000701 0.127 124.3 1.0 126.0 40.6
picture_000701 0.111 1.0 47.1 55.1 67.9
picture_000703 0.998 143.4 269.9 185.4 294.7
picture_000703 0.997 192.0 284.2 192.0 297.0
picture_000703 0.996 107.4 231.6 165.5 245.2
picture_000703 0.996 180.3 230.5 192.0 279.9
picture_000703 0.995 148.4 297.0 192.0 297.0
picture_000703 0.990 88.0 297.0 150.1 297.0
picture_000703 0.988 91.0 175.2 166.4 247.3
picture_000703 0.980 162.1 261.4 192.0 273.4
picture_000703 0.976 192.0 185.3 192.0 214.1
picture_000703 0.966 183.6 209.9 192.0 225.1
picture_000703 0.945 1.3 210.3 182.2 247.8
picture_000703 0.940 192.0 159.9 192.0 171.9
picture_000703 0.903 111.8 279.7 161.7 286.9
picture_000703 0.892 121.2 205.2 192.0 262.7
picture_000703 0.864 35.3 269.5 148.0 284.1
picture_000703 0.464 73.4 125.8 163.3 170.3
picture_000703 0.302 1.0 253.1 166.4 279.6
picture_000703 0.267 192.0 266.8 192.0 283.7
picture_000703 0.171 112.8 215.5 164.1 230.5
picture_000704 0.863 7.1 102.4 74.2 119.0
picture_000704 0.820 129.0 110.8 129.0 119.0
picture_000704 0.789 31.7 77.7 129.0 119.0
picture_000704 0.774 98.4 38.2 129.0 67.9
picture_000704 0.715 73.9 119.0 129.0 119.0
picture_000704 0.712 83.0 34.3 129.0 107.0
picture_000704 0.700 111.2 49.0 129.0 100.0
picture_000704 0.696 31.3 62.4 86.3 93.1
picture_000704 0.576 9.1 119.0 85.4 119.0
picture_000704 0.569 129.0 20.6 129.0 73.6
picture_000704 0.546 1.0 55.4 81.6 119.0
picture_000704 0.492 1.0 117.0 61.0 119.0
picture_000704 0.419 69.8 54.1 120.3 75.7
picture_000704 0.341 74.0 16.6 122.9 40.6
picture_000704 0.240 1.0 56.8 37.8 85.5
picture_000704 0.193 117.3 1.0 129.0 38.8
picture_000704 0.179 129.0 119.0 129.0 119.0
picture_000704 0.150 14.9 36.9 45.1 65.4
picture_000704 0.140 1.0 12.8 84.6 76.5
picture_000704 0.109 1.0 76.6 26.8 115.7
picture_000704 0.087 52.2 32.8 106.8 96.5
picture_000704 0.077 93.6 87.4 129.0 119.0
picture_000704 0.057 25.9 1.0 129.0 49.0
picture_000705 0.970 112.7 41.6 175.8 73.6
picture_000705 0.948 159.8 32.1 191.5 65.3
picture_000705 0.947 40.7 80.3 101.4 116.8
picture_000705 0.902 135.7 42.9 220.0 85.7
picture_000705 0.883 74.1 54.0 220.0 121.1
picture_000705 0.877 94.3 114.2 155.8 152.5
picture_000705 0.806 110.6 77.0 209.8 95.7
picture_000705 0.403 88.4 86.3 169.1 105.2
picture_000705 0.118 93.6 185.4 190.9 191.0
picture_000705 0.115 99.5 170.6 165.7 190.3
picture_000705 0.079 107.6 152.4 212.4 190.1
picture_000705 0.051 170.1 167.2 220.0 191.0
picture_000706 0.994 1.0 161.4 17.1 198.6
picture_000706 0.988 3.9 173.5 69.7 229.0
picture_000706 0.987 24.4 212.6 56.1 245.3
picture_000706 0.980 1.0 151.3 1.0 195.5
picture_000706 0.976 1.0 160.3 26.4 169.0
picture_000706 0.969 1.0 238.4 23.3 309.1
picture_000706 0.964 33.7 233.2 77.2 298.3
picture_000706 0.959 30.9 200.3 61.0 211.6
picture_000706 0.948 1.0 230.3 15.2 248.2
picture_000706 0.943 1.0 217.6 5.9 243.1
picture_000706 0.932 1.0 200.9 57.3 267.9
picture_000706 0.685 1.0 249.6 3.5 308.9
picture_000706 0.680 24.3 282.6 57.4 311.1
picture_000706 0.429 1.0 247.8 1.1 286.4
picture_000706 0.304 1.0 204.7 1.0 265.1
picture_000707 0.996 15.3 149.4 61.7 227.8
picture_000707 0.995 1.0 158.9 15.9 205.9
picture_000707 0.993 59.5 213.5 137.6 229.0
picture_000707 0.993 2.4 229.0 61.6 229.0
picture_000707 0.990 1.0 182.7 30.7 215.2
picture_000707 0.985 9.1 176.6 97.4 204.1
picture_000707 0.985 1.0 93.8 1.0 147.2
picture_000707 0.982 1.0 95.4 72.0 202.4
picture_000707 0.982 1.0 229.0 1.0 229.0
picture_000707 0.981 18.8 36.6 66.8 99.4
picture_000707 0.981 62.9 229.0 202.0 229.0
picture_000707 0.961 1.0 229.0 7.8 229.0
picture_000707 0.961 68.7 95.4 202.0 142.9
picture_000707 0.867 1.0 120.6 16.3 166.7
picture_000707 0.860 32.8 152.1 143.7 229.0
picture_000707 0.236 1.0 72.8 1.0 110.1
picture_000707 0.076 16.0 193.8 61.5 207.6
picture_000707 0.074 1.0 94.3 41.4 121.2
picture_000709 0.987 24.2 138.9 72.9 175.6
picture_000709 0.984 49.3 175.6 98.8 210.2
picture_000709 0.979 1.0 132.7 38.8 156.3
picture_000709 0.967 12.9 196.6 91.8 222.3
picture_000709 0.940 1.0 120.4 9.9 149.6
picture_000709 0.907 1.0 201.1 30.7 212.9
picture_000709 0.892 1.0 173.8 27.1 203.5
picture_000709 0.853 89.3 190.4 129.1 199.8
picture_000709 0.851 1.0 182.6 1.0 194.4
picture_000709 0.813 1.4 223.5 60.6 231.7
picture_000709 0.746 38.7 234.9 71.6 245.9
picture_000709 0.717 12.6 147.9 29.7 157.7
picture_000709 0.705 38.4 220.0 123.5 249.9
picture_000709 0.678 1.0 198.0 38.6 204.1
picture_000709 0.423 46.6 204.0 104.7 211.3
picture_000709 0.419 1.0 102.6 30.4 118.3
picture_000709 0.353 19.5 150.2 67.8 156.2
picture_000709 0.314 23.0 225.3 45.3 238.0
picture_000718 0.991 1.0 157.5 31.9 185.2
picture_000718 0.988 1.0 92.3 26.5 114.8
picture_000718 0.987 34.1 115.4 83.8 128.9
picture_000718 0.987 1.0 165.0 77.9 178.1
picture_000718 0.987 4.3 192.8 78.2 214.0
picture_000718 0.984 1.0 110.9 57.7 130.8
picture_000718 0.983 47.6 155.3 106.7 176.9
picture_000718 0.977 1.0 136.3 1.0 163.3
picture_000718 0.973 6.6 125.4 97.7 183.3
picture_000718 0.967 1.0 146.7 68.3 156.0
picture_000718 0.956 21.2 169.1 52.3 197.0
picture_000718 0.955 1.0 213.9 37.9 214.0
picture_000718 0.886 73.9 125.9 163.0 153.6
picture_000718 0.878 1.0 175.2 1.0 194.1
picture_000718 0.854 21.0 214.0 80.4 214.0
picture_000718 0.813 71.2 214.0 136.3 214.0
picture_000718 0.524 12.5 102.0 49.2 112.5
picture_000718 0.506 1.0 128.5 41.2 170.2
picture_000718 0.276 89.0 30.5 126.7 70.2
picture_000718 0.170 60.2 52.5 116.8 96.1
picture_000718 0.162 94.3 72.1 122.4 117.6
picture_000718 0.055 1.0 66.1 1.0 83.9
picture_000722 0.766 1.0 89.0 29.1 131.9
picture_000722 0.658 1.5 178.4 29.8 229.0
picture_000722 0.596 14.1 87.1 58.6 245.1
picture_000722 0.527 1.0 126.1 10.4 273.9
picture_000722 0.420 1.0 141.9 1.0 192.5
picture_000722 0.274 30.4 72.2 97.5 158.5
picture_000722 0.258 1.0 121.4 41.2 208.9
picture_000722 0.124 1.0 194.2 1.0 270.9
picture_000722 0.108 1.0 267.2 31.4 372.4
picture_000723 0.953 88.5 1.0 131.3 42.1
picture_000723 0.952 60.4 58.1 85.2 127.4
picture_000723 0.936 46.8 106.9 86.4 194.6
picture_000723 0.931 53.2 1.0 101.8 1.0
picture_000723 0.931 58.6 37.9 110.1 189.5
picture_000723 0.923 64.5 5.5 92.7 67.3
picture_000723 0.892 121.5 73.3 158.7 128.6
picture_000723 0.887 24.2 11.8 65.3 57.0
picture_000723 0.821 90.5 106.4 116.2 202.9
picture_000723 0.773 61.6 5.5 145.8 101.5
picture_000723 0.710 25.9 98.1 56.2 175.1
picture_000723 0.676 1.0 88.3 47.9 149.2
picture_000723 0.609 1.0 79.3 15.3 122.4
picture_000723 0.497 128.9 1.0 183.2 1.0
picture_000723 0.482 52.3 1.0 76.4 43.0
picture_000723 0.182 103.1 80.1 125.7 132.0
picture_000723 0.146 82.8 60.8 121.4 108.4
picture_000723 0.054 36.9 57.9 75.0 91.6
picture_000724 0.888 286.5 309.4 314.2 354.0
picture_000724 0.799 305.7 337.1 323.0 354.0
picture_000724 0.788 278.3 347.2 311.8 354.0
picture_000724 0.658 292.1 257.5 321.7 335.9
picture_000724 0.640 282.7 354.0 315.3 354.0
picture_000724 0.476 246.0 319.0 305.8 352.7
picture_000724 0.427 323.0 318.1 323.0 354.0
picture_000724 0.138 304.9 354.0 323.0 354.0
picture_000724 0.074 109.5 289.1 208.6 354.0
picture_000724 0.056 323.0 354.0 323.0 354.0
picture_000726 0.992 38.2 85.8 106.1 118.2
picture_000726 0.991 60.3 67.3 94.3 147.0
picture_000726 0.987 17.0 123.7 59.4 176.5
picture_000726 0.985 1.0 56.0 46.8 147.0
picture_000726 0.982 1.0 169.3 74.5 189.0
picture_000726 0.982 1.0 51.9 14.9 85.1
picture_000726 0.973 57.8 156.2 143.5 189.0
picture_000726 0.972 1.0 131.2 27.7 189.0
picture_000726 0.970 79.3 113.8 167.8 170.4
picture_000726 0.959 80.4 25.2 117.5 61.0
picture_000726 0.910 1.0 180.8 15.1 189.0
picture_000726 0.908 1.0 84.6 9.4 115.7
picture_000726 0.895 1.0 189.0 50.8 189.0
picture_000726 0.866 53.7 175.3 110.8 189.0
picture_000726 0.848 1.0 31.7 1.0 69.7
picture_000726 0.730 1.0 1.0 24.0 20.4
picture_000726 0.269 88.3 73.2 202.0 120.7
picture_000726 0.234 62.5 189.0 103.5 189.0
picture_000726 0.172 1.0 162.0 8.9 187.4
picture_000726 0.148 1.0 172.0 2.7 189.0
picture_000726 0.098 37.4 155.3 85.1 186.4
picture_000727 0.995 293.4 637.0 302.0 676.0
picture_000727 0.990 267.7 555.5 288.0 618.5
picture_000727 0.985 294.8 554.6 302.0 588.2
picture_000727 0.973 267.0 676.0 284.6 676.0
picture_000727 0.958 291.0 673.3 302.0 676.0
picture_000727 0.772 287.0 676.0 301.5 676.0
picture_000727 0.658 302.0 574.9 302.0 629.7
picture_000727 0.501 255.6 474.9 290.4 569.7
picture_000727 0.330 302.0 625.9 302.0 676.0
picture_000727 0.103 302.0 662.3 302.0 676.0
picture_000727 0.099 299.1 676.0 302.0 676.0
picture_000727 0.072 202.0 613.6 227.3 649.3
picture_000728 0.998 37.1 157.1 68.5 200.3
picture_000728 0.998 69.4 145.0 115.7 213.8
picture_000728 0.998 20.5 115.2 83.6 184.8
picture_000728 0.997 104.1 187.6 158.5 240.0
picture_000728 0.997 44.0 186.3 114.2 241.0
picture_000728 0.996 47.9 236.7 108.4 241.0
picture_000728 0.996 54.6 165.7 80.1 200.9
picture_000728 0.995 73.4 118.5 121.4 133.3
picture_000728 0.994 1.0 119.1 40.4 174.0
picture_000728 0.991 1.0 182.8 47.3 199.4
picture_000728 0.988 1.0 99.6 1.5 140.4
picture_000728 0.987 35.3 241.0 73.2 241.0
picture_000728 0.974 89.9 82.8 109.2 105.6
picture_000728 0.973 1.0 235.8 41.5 241.0
picture_000728 0.963 20.7 223.7 46.6 241.0
picture_000728 0.949 98.9 232.5 188.5 241.0
picture_000728 0.827 62.3 241.0 134.5 241.0
picture_000728 0.359 1.0 241.0 16.3 241.0
picture_000728 0.350 120.4 45.3 165.6 64.5
picture_000728 0.267 22.7 144.2 49.8 166.8
picture_000728 0.189 68.5 101.0 93.7 110.2
picture_000728 0.164 1.0 26.8 27.7 43.3
picture_000728 0.148 1.0 199.6 21.8 211.6
picture_000730 0.950 270.5 521.8 319.2 559.8
picture_000730 0.948 263.8 449.0 318.1 486.9
picture_000730 0.900 195.9 493.2 294.3 549.6
picture_000730 0.873 280.3 458.0 335.0 542.0
picture_000730 0.833 335.0 537.9 335.0 571.0
picture_000730 0.799 335.0 458.6 335.0 540.7
picture_000730 0.763 215.0 562.3 299.3 571.0
picture_000730 0.703 293.5 571.0 335.0 571.0
picture_000730 0.653 300.3 534.2 335.0 571.0
picture_000730 0.405 181.4 437.9 293.2 476.0
picture_000730 0.301 335.0 571.0 335.0 571.0
picture_000730 0.300 255.1 571.0 312.2 571.0
picture_000730 0.276 293.6 399.9 335.0 453.7
picture_000730 0.259 188.1 463.1 303.1 511.1
picture_000730 0.208 268.4 566.6 315.5 571.0
picture_000731 0.915 247.7 215.4 282.0 261.2
picture_000731 0.876 205.7 192.8 260.8 239.1
picture_000731 0.852 225.8 254.9 271.6 294.3
picture_000731 0.809 237.6 273.3 282.0 319.9
picture_000731 0.573 282.0 210.6 282.0 247.8
picture_000731 0.556 254.3 246.7 282.0 272.5
picture_000731 0.521 225.2 151.6 274.6 177.7
picture_000731 0.434 166.3 248.5 255.7 293.1
picture_000731 0.419 149.8 206.8 258.4 254.3
picture_000731 0.366 202.1 271.8 260.4 307.2
picture_000731 0.210 110.9 273.9 205.0 317.4
picture_000731 0.200 137.3 297.3 220.8 342.7
picture_000731 0.083 172.5 300.5 282.0 355.3
picture_000731 0.072 170.6 281.6 231.7 320.0
picture_000732 0.954 16.2 47.5 89.4 94.4
picture_000732 0.949 52.1 1.0 118.7 38.3
picture_000732 0.919 53.8 84.4 119.4 144.0
picture_000732 0.877 32.6 37.3 164.0 83.0
picture_000732 0.848 1.0 120.0 28.3 144.0
picture_000732 0.847 1.0 16.8 27.7 83.8
picture_000732 0.816 1.0 1.0 90.9 67.3
picture_000732 0.759 1.0 91.7 62.5 144.0
picture_000732 0.744 30.4 125.3 120.8 144.0
picture_000732 0.643 1.0 1.0 1.0 49.8
picture_000732 0.624 1.0 142.1 83.7 144.0
picture_000732 0.475 70.3 144.0 116.4 144.0
picture_000732 0.458 1.0 144.0 6.1 144.0
picture_000732 0.440 36.7 66.4 104.9 73.8
picture_000732 0.416 86.4 1.0 128.5 1.0
picture_000732 0.339 1.0 144.0 1.0 144.0
picture_000732 0.279 1.0 24.2 64.6 46.3
picture_000732 0.241 1.0 1.0 1.0 3.0
picture_000732 0.210 144.2 144.0 164.0 144.0
picture_000732 0.205 65.6 89.9 90.3 98.3
picture_000732 0.124 1.0 117.4 1.0 144.0
picture_000732 0.106 86.1 51.2 157.8 64.4
picture_000732 0.105 1.0 21.0 16.6 26.2
picture_000732 0.078 1.0 144.0 46.1 144.0
picture_000732 0.070 1.0 18.2 3.0 57.7
picture_000732 0.070 22.0 34.8 55.5 60.8
picture_000732 0.069 32.1 47.6 65.8 73.1
picture_000733 0.916 116.2 152.6 181.7 183.7
picture_000733 0.877 117.5 130.8 178.9 165.7
picture_000733 0.858 112.2 177.3 175.7 202.8
picture_000733 0.857 35.7 1.0 108.6 56.4
picture_000733 0.818 82.9 29.0 134.2 91.7
picture_000733 0.817 156.1 145.0 202.0 179.1
picture_000733 0.751 71.1 47.0 106.3 117.2
picture_000733 0.692 62.0 1.0 134.0 1.0
picture_000733 0.673 69.4 151.3 146.7 178.3
picture_000733 0.619 111.4 4.5 160.8 102.9
picture_000733 0.507 7.2 94.3 67.8 160.8
picture_000733 0.457 44.6 111.9 75.1 201.4
picture_000733 0.249 106.2 161.6 162.9 174.0
picture_000733 0.114 18.0 76.9 49.7 124.9
picture_000733 0.112 87.6 191.8 154.8 203.0
picture_000738 0.973 29.5 353.7 100.1 408.4
picture_000738 0.959 95.1 340.4 132.5 403.7
picture_000738 0.952 101.2 372.8 183.9 415.0
picture_000738 0.949 93.7 415.0 159.2 415.0
picture_000738 0.933 42.7 415.0 78.8 415.0
picture_000738 0.848 30.2 304.4 156.5 415.0
picture_000738 0.823 180.6 374.4 254.7 415.0
picture_000738 0.813 159.0 265.2 224.0 407.2
picture_000738 0.771 193.8 415.0 223.5 415.0
picture_000738 0.713 21.4 333.1 60.8 392.0
picture_000738 0.482 200.6 415.0 289.9 415.0
picture_000738 0.258 261.2 399.9 290.0 415.0
picture_000738 0.149 108.9 347.8 209.2 397.1
picture_000738 0.122 1.0 394.5 32.6 415.0
picture_000738 0.122 277.3 351.6 290.0 403.7
picture_000740 0.957 243.0 194.9 305.0 240.8
picture_000740 0.910 185.6 245.6 282.2 295.9
picture_000740 0.894 171.2 205.1 292.8 270.2
picture_000740 0.872 268.3 257.5 305.0 294.8
picture_000740 0.821 221.6 284.5 294.3 328.5
picture_000740 0.794 148.1 167.8 267.1 227.3
picture_000740 0.434 215.9 263.6 282.2 276.4
picture_000740 0.379 305.0 203.9 305.0 227.8
picture_000740 0.356 281.9 306.7 305.0 331.8
picture_000741 0.974 122.1 58.3 172.1 77.3
picture_000741 0.969 121.3 95.2 190.1 118.3
picture_000741 0.965 173.5 123.1 216.8 170.8
picture_000741 0.957 217.0 82.9 258.8 122.9
picture_000741 0.947 176.5 111.1 249.9 146.5
picture_000741 0.933 62.1 95.9 156.1 119.9
picture_000741 0.917 89.0 124.4 155.2 149.4
picture_000741 0.791 91.9 115.1 225.9 183.6
picture_000741 0.780 118.5 106.6 149.9 118.0
picture_000741 0.708 92.1 50.7 163.0 58.7
picture_000741 0.639 84.2 64.2 112.8 75.0
picture_000741 0.541 111.1 133.8 161.1 144.0
picture_000741 0.519 209.1 161.3 241.2 178.7
picture_000741 0.507 87.3 148.0 114.7 169.0
picture_000741 0.383 140.3 48.2 197.1 83.1
picture_000741 0.195 103.7 171.7 154.0 184.4
picture_000741 0.182 248.1 82.4 268.0 114.5
picture_000741 0.157 178.1 134.0 224.4 142.0
picture_000741 0.133 199.8 85.3 237.0 111.6
picture_000741 0.063 170.5 94.5 191.5 109.3
picture_000742 0.986 4.2 86.7 32.9 120.3
picture_000742 0.983 13.8 92.3 80.6 130.0
picture_000742 0.983 14.2 95.5 37.8 149.6
picture_000742 0.976 1.0 82.9 17.0 110.6
picture_000742 0.970 1.0 54.7 1.0 89.9
picture_000742 0.962 50.2 81.9 162.7 116.3
picture_000742 0.961 1.0 1.0 45.4 27.1
picture_000742 0.954 1.0 18.4 87.2 44.8
picture_000742 0.949 4.5 38.8 21.8 76.9
picture_000742 0.948 5.8 159.0 64.8 162.0
picture_000742 0.945 1.0 110.8 43.8 131.3
picture_000742 0.895 27.2 131.9 64.8 150.0
picture_000742 0.889 1.0 24.9 71.8 105.2
picture_000742 0.818 1.0 153.6 10.5 162.0
picture_000742 0.758 7.0 90.5 36.4 99.2
picture_000742 0.754 93.6 4.8 132.1 41.2
picture_000742 0.685 68.2 29.8 113.6 54.5
picture_000742 0.614 1.0 134.6 18.9 162.0
picture_000742 0.598 1.0 150.2 50.3 162.0
picture_000742 0.563 20.9 162.0 97.0 162.0
picture_000742 0.423 1.0 11.7 1.0 20.6
picture_000742 0.410 89.0 32.2 157.7 71.7
picture_000742 0.380 16.0 18.6 40.0 56.9
picture_000742 0.370 92.0 55.1 128.6 84.7
picture_000742 0.296 83.5 35.1 135.5 47.4
picture_000742 0.278 136.9 138.7 174.0 155.7
picture_000742 0.229 99.4 149.7 166.5 162.0
picture_000742 0.210 139.2 152.1 185.0 162.0
picture_000742 0.162 13.9 146.6 55.6 153.8
picture_000742 0.151 46.9 56.5 104.7 85.1
picture_000742 0.141 53.7 39.3 94.0 51.7
picture_000742 0.123 1.0 142.8 1.0 153.9
picture_000742 0.074 99.7 162.0 208.3 162.0
picture_000742 0.060 85.8 160.1 202.5 162.0
picture_000743 0.993 176.4 158.6 224.9 217.8
picture_000743 0.990 160.0 191.5 230.9 237.9
picture_000743 0.977 74.6 161.0 186.0 225.3
picture_000743 0.944 272.7 194.9 308.0 253.6
picture_000743 0.939 179.8 267.7 242.3 317.8
picture_000743 0.907 140.4 269.2 199.4 284.2
picture_000743 0.905 158.6 232.0 197.8 260.5
picture_000743 0.894 83.4 207.7 215.6 268.8
picture_000743 0.786 214.4 249.4 294.1 298.3
picture_000743 0.776 114.4 272.0 218.0 322.0
picture_000743 0.725 238.1 255.7 295.9 273.2
picture_000743 0.688 76.5 203.6 131.8 216.7
picture_000743 0.403 161.7 195.6 185.5 225.5
picture_000743 0.367 148.1 322.0 233.3 322.0
picture_000744 0.703 1.0 92.6 111.2 117.9
picture_000744 0.697 76.1 145.2 114.4 182.1
picture_000744 0.674 1.0 130.0 89.0 171.4
picture_000744 0.645 11.2 73.1 62.0 130.2
picture_000744 0.626 1.0 190.5 77.8 206.2
picture_000744 0.606 26.2 159.3 57.1 198.2
picture_000744 0.556 50.7 114.3 137.2 153.7
picture_000744 0.512 31.3 160.5 105.9 203.1
picture_000744 0.504 69.8 211.4 114.6 232.0
picture_000744 0.464 62.5 137.4 102.6 156.2
picture_000744 0.369 1.0 200.4 78.4 222.8
picture_000744 0.353 38.4 185.3 129.1 216.6
picture_000744 0.264 114.5 138.3 139.0 183.7
picture_000744 0.175 49.3 232.0 77.2 232.0
picture_000744 0.147 1.0 181.1 2.7 197.9
picture_000744 0.130 1.0 127.3 1.0 147.1
picture_000744 0.128 1.0 224.2 49.4 232.0
picture_000744 0.123 26.8 85.3 105.6 166.6
picture_000744 0.107 79.1 38.1 128.1 57.6
picture_000744 0.101 15.2 232.0 64.5 232.0
picture_000744 0.094 30.1 32.6 59.3 42.9
picture_000744 0.093 48.2 225.8 90.5 232.0
picture_000744 0.090 1.0 130.2 40.0 147.7
picture_000744 0.089 58.4 206.3 84.5 232.0
picture_000744 0.073 47.2 34.9 75.1 46.7
picture_000744 0.070 94.0 47.4 125.8 73.6
picture_000764 0.068 70.5 721.2 203.9 739.0
picture_000798 0.077 276.1 281.9 330.8 321.1
picture_000810 0.117 211.0 576.7 275.7 620.2
picture_000810 0.104 165.6 577.5 235.0 646.9
picture_000823 0.075 387.0 354.8 387.0 413.8
picture_000823 0.059 331.2 339.3 387.0 373.2
picture_000836 0.128 209.6 560.4 365.3 587.0
picture_000836 0.053 169.1 563.8 249.7 587.0
picture_000863 0.068 236.9 204.0 289.8 258.2
picture_000916 0.169 356.0 163.3 366.0 201.2
picture_000916 0.083 343.7 194.5 365.4 234.3
picture_000922 0.055 339.2 257.5 348.0 392.0
picture_000924 0.102 46.2 67.6 133.6 89.3
picture_000925 0.053 271.0 423.3 359.0 521.6
picture_000928 0.098 91.9 76.8 145.4 140.0
picture_000928 0.058 112.4 121.7 152.5 155.1
picture_000928 0.051 139.7 96.0 184.4 124.3
picture_000930 0.396 116.9 142.4 161.3 180.5
picture_000930 0.375 94.0 132.9 135.1 163.8
picture_000930 0.335 115.9 120.5 159.4 155.1
picture_000930 0.313 133.9 81.0 157.3 118.6
picture_000930 0.285 92.7 100.3 141.4 128.1
picture_000930 0.255 58.8 112.7 104.1 148.9
picture_000930 0.165 93.9 66.0 143.5 111.4
picture_000930 0.110 107.3 78.9 136.4 96.9
picture_000933 0.050 1.0 246.3 8.1 269.0
picture_000935 0.130 174.3 127.0 254.0 232.0
picture_000943 0.253 148.2 96.5 190.4 149.9
picture_000943 0.231 106.1 53.2 185.1 102.9
picture_000943 0.197 81.5 124.1 131.7 183.3
picture_000943 0.179 230.7 44.1 315.0 128.3
picture_000943 0.096 208.9 99.1 315.0 216.0
picture_000943 0.091 120.1 134.7 195.1 176.4
picture_000943 0.080 201.0 125.7 300.7 156.5
picture_000943 0.076 156.9 216.0 229.8 216.0
picture_000943 0.066 146.1 184.7 190.8 216.0
picture_000943 0.065 97.4 1.0 262.5 87.0
picture_000943 0.065 110.5 205.1 198.3 216.0
picture_000943 0.065 122.7 81.0 315.0 155.6
picture_000952 0.152 177.3 138.7 240.2 157.0
picture_000952 0.057 217.5 44.0 264.7 105.0
picture_000955 0.120 275.4 377.7 379.0 419.3
picture_000960 0.063 260.5 221.8 311.9 297.7
picture_000960 0.053 286.3 258.7 343.2 303.3
picture_000965 0.345 173.0 184.2 270.9 245.3
picture_000965 0.188 216.4 149.3 253.8 227.9
picture_000965 0.148 180.9 49.6 236.3 141.4
picture_000965 0.104 111.7 211.1 234.8 254.2
picture_000965 0.090 204.1 57.5 292.9 134.0
picture_000965 0.076 54.6 187.8 189.7 230.7
picture_000965 0.054 181.4 237.8 327.8 290.4
picture_000965 0.054 335.8 77.1 353.0 183.9
picture_000966 0.256 13.6 152.0 76.9 218.9
picture_000973 0.058 207.8 73.6 256.1 133.4
picture_000974 0.451 209.6 233.1 265.4 273.7
picture_000974 0.316 217.1 151.2 278.2 215.1
picture_000974 0.259 186.5 177.5 253.2 221.0
picture_000974 0.238 96.3 34.9 153.9 100.2
picture_000974 0.221 143.2 197.5 249.1 249.7
picture_000974 0.212 132.1 225.0 225.8 274.0
picture_000974 0.199 124.3 74.1 165.6 105.1
picture_000974 0.163 242.2 199.3 284.0 250.6
picture_000974 0.160 140.7 72.1 190.0 129.8
picture_000974 0.155 265.1 223.6 284.0 269.5
picture_000974 0.148 242.0 237.0 284.0 292.0
picture_000974 0.147 284.0 190.5 284.0 256.5
picture_000974 0.113 204.8 212.1 260.0 232.8
picture_000974 0.105 260.1 138.9 284.0 210.1
picture_000974 0.092 131.8 125.4 226.4 197.0
picture_000974 0.050 275.0 198.6 284.0 245.7
picture_000978 0.056 200.7 161.8 244.9 207.6
picture_000980 0.054 192.9 71.8 273.0 250.8
picture_000989 0.054 249.0 114.5 302.0 206.0
picture_001001 0.083 277.6 90.0 301.0 160.4
picture_001001 0.070 236.5 71.9 289.3 107.7
picture_001001 0.063 248.5 103.6 290.1 150.3
picture_001001 0.060 186.3 78.6 273.8 123.0
picture_001007 0.466 97.7 67.7 138.9 89.5
picture_001007 0.407 100.2 73.4 163.6 108.6
picture_001007 0.090 85.2 87.5 138.7 116.7
picture_001007 0.055 247.1 245.4 276.0 327.6
picture_001008 0.112 227.8 209.0 305.8 298.7
picture_001008 0.091 267.2 140.0 324.0 242.7
picture_001008 0.090 274.1 220.0 338.0 321.4
picture_001008 0.068 190.9 61.6 231.5 96.8
picture_001008 0.066 118.6 75.6 207.3 109.9
picture_001008 0.058 184.8 151.8 305.8 233.4
picture_001027 0.164 28.5 229.0 92.0 229.0
picture_001027 0.100 1.0 170.4 64.8 229.0
picture_001027 0.089 43.0 205.3 74.6 229.0
picture_001027 0.086 55.5 192.9 123.7 229.0
picture_001028 0.051 312.1 107.8 347.9 188.8
picture_001043 0.161 174.2 36.5 248.1 87.9
picture_001047 0.088 18.6 232.0 60.2 232.0
picture_001048 0.080 139.0 111.8 182.7 151.9
picture_001049 0.059 193.4 100.3 243.7 153.6
picture_001050 0.065 112.0 343.0 158.3 359.0
picture_001053 0.328 32.5 86.4 69.5 120.1
picture_001053 0.193 43.6 73.9 112.8 103.6
picture_001053 0.166 1.0 111.3 26.8 123.1
picture_001053 0.157 75.2 80.0 137.4 128.2
picture_001053 0.139 81.1 116.2 151.8 137.6
picture_001053 0.120 69.5 112.2 111.5 145.9
picture_001053 0.114 84.1 93.6 172.3 159.9
picture_001053 0.085 1.0 120.7 67.6 151.8
picture_001053 0.063 30.1 137.9 79.1 161.0
picture_001053 0.056 62.3 161.0 133.7 161.0
picture_001053 0.051 96.7 140.7 138.9 157.9
picture_001058 0.060 137.8 124.9 201.2 198.3
picture_001062 0.221 170.5 93.1 249.9 127.6
picture_001062 0.182 191.2 65.7 255.8 105.8
picture_001062 0.141 167.4 108.4 243.0 186.4
picture_001062 0.114 205.8 81.3 256.0 162.3
picture_001062 0.083 71.5 78.1 229.9 113.4
picture_001062 0.081 76.7 98.5 231.1 153.1
picture_001062 0.079 143.3 174.6 218.0 226.7
picture_001062 0.059 219.9 179.7 256.0 224.3
picture_001065 0.357 27.3 79.5 73.7 116.0
picture_001065 0.211 36.5 96.4 79.6 135.4
picture_001065 0.088 8.6 93.6 57.5 135.8
picture_001066 0.304 26.7 235.8 64.5 292.3
picture_001066 0.155 47.9 234.9 100.2 292.6
picture_001066 0.082 23.9 181.5 92.3 258.8
picture_001068 0.222 145.6 41.9 200.2 64.7
picture_001068 0.055 109.5 117.0 188.8 142.5
picture_001071 0.192 139.3 42.7 190.1 97.0
picture_001071 0.140 102.4 49.3 164.9 115.4
picture_001071 0.080 83.0 81.0 158.9 143.6
picture_001084 0.061 70.8 147.6 167.4 262.3
picture_001084 0.059 87.9 183.2 283.1 309.0
picture_001084 0.050 1.0 264.7 96.1 309.0
picture_001086 0.072 309.9 294.1 403.2 380.1
picture_001089 0.198 201.4 74.1 251.1 139.7
picture_001091 0.072 13.9 22.2 85.0 54.0
picture_001091 0.067 1.0 1.0 89.2 20.7
picture_001093 0.200 1.0 19.7 58.9 94.1
picture_001093 0.170 1.0 83.7 20.1 133.7
picture_001093 0.169 28.4 91.1 75.3 123.6
picture_001093 0.106 36.2 1.0 101.5 16.0
picture_001093 0.097 1.0 20.6 9.9 114.4
picture_001093 0.089 9.4 27.2 166.3 102.4
picture_001093 0.089 16.3 61.7 101.9 142.8
picture_001093 0.078 1.0 98.3 59.6 168.0
picture_001093 0.064 232.3 80.9 306.4 116.7
picture_001096 0.307 55.0 5.1 97.1 22.6
picture_001096 0.242 115.7 1.0 179.6 56.6
picture_001096 0.187 93.0 25.3 122.0 68.9
picture_001096 0.080 39.4 1.0 89.5 76.7
picture_001096 0.052 15.6 44.1 48.5 93.2
picture_001100 0.067 143.2 78.8 229.3 148.1
picture_001103 0.069 20.7 110.2 69.4 165.2
picture_001104 0.072 177.7 73.5 253.2 146.5
picture_001105 0.063 1.0 179.9 11.7 265.1
picture_001106 0.150 20.5 293.2 96.2 317.0
picture_001106 0.127 12.0 306.1 62.5 317.0
picture_001106 0.073 64.3 308.4 118.7 317.0
picture_001107 0.073 1.0 247.0 22.9 304.5
picture_001116 0.114 283.2 261.0 375.0 359.0
picture_001119 0.958 168.9 193.8 204.1 208.6
picture_001119 0.929 170.6 210.0 203.7 210.0
picture_001119 0.922 206.7 172.8 228.0 195.2
picture_001119 0.607 206.4 151.1 228.0 175.3
picture_001119 0.426 228.0 210.0 228.0 210.0
picture_001119 0.296 113.8 210.0 182.7 210.0
picture_001119 0.146 58.9 189.9 190.9 207.8
picture_001119 0.133 1.0 184.5 120.8 210.0
picture_001119 0.093 86.9 80.8 119.6 99.2
picture_001119 0.078 87.6 18.2 131.9 45.9
picture_001119 0.075 69.7 204.9 149.2 210.0
picture_001119 0.055 48.5 37.7 110.2 72.6
picture_001123 0.101 1.0 66.5 32.2 137.3
picture_001126 0.118 1.0 98.5 51.0 139.1
picture_001126 0.096 1.0 70.8 55.2 116.4
picture_001126 0.055 166.7 180.2 211.7 192.0
picture_001126 0.050 113.7 188.5 155.2 192.0
picture_001127 0.062 310.6 408.0 387.0 408.0
picture_001128 0.216 75.4 227.1 207.5 305.0
picture_001128 0.120 77.7 285.1 198.5 305.0
picture_001128 0.069 57.5 305.0 191.7 305.0
picture_001128 0.053 218.8 38.4 236.5 60.4
picture_001131 0.262 238.8 66.0 287.7 80.8
picture_001131 0.110 257.9 75.4 306.0 90.7
picture_001131 0.068 225.0 22.6 283.7 37.0
picture_001142 0.199 1.0 93.2 50.4 216.3
picture_001142 0.194 1.0 140.6 3.9 241.2
picture_001142 0.112 34.1 109.7 145.7 244.5
picture_001142 0.064 1.0 193.3 20.6 250.7
picture_001142 0.051 155.6 58.8 266.2 174.7
picture_001152 0.051 131.7 34.0 191.3 72.8
picture_001154 0.171 21.7 158.7 116.1 178.5
picture_001154 0.169 17.8 99.6 85.2 158.0
picture_001156 0.183 104.7 168.5 146.7 222.6
picture_001164 0.918 134.3 78.6 177.5 140.5
picture_001164 0.878 166.5 73.5 196.0 122.4
picture_001164 0.834 115.0 121.8 196.0 160.6
picture_001164 0.804 84.5 60.4 175.5 100.0
picture_001164 0.757 120.3 11.4 159.1 84.1
picture_001164 0.734 71.5 72.4 111.3 119.1
picture_001164 0.627 85.6 154.4 167.2 187.2
picture_001164 0.600 196.0 80.8 196.0 130.9
picture_001164 0.518 140.6 162.4 196.0 192.0
picture_001164 0.479 110.0 181.0 160.6 192.0
picture_001164 0.451 153.0 107.6 175.8 166.7
picture_001164 0.388 109.8 1.9 196.0 36.8
picture_001164 0.160 108.2 91.9 142.8 113.6
picture_001164 0.086 101.8 192.0 196.0 192.0
picture_001167 0.083 128.5 200.2 251.0 276.0
picture_001167 0.078 161.9 255.2 251.0 276.0
picture_001167 0.053 219.3 272.7 251.0 276.0
picture_001169 0.504 200.0 87.4 234.4 110.4
picture_001169 0.310 145.0 189.7 235.9 226.0
picture_001169 0.277 194.8 95.1 251.3 123.3
picture_001169 0.141 211.1 75.3 263.5 97.1
picture_001169 0.104 210.5 204.9 287.0 226.0
picture_001169 0.079 149.6 201.1 172.5 224.0
picture_001169 0.051 148.7 155.4 170.6 207.0
picture_001169 0.050 145.6 100.9 219.3 159.1
picture_001171 0.056 221.6 77.2 250.7 106.9
picture_001173 0.055 31.2 48.5 120.7 168.6
picture_001173 0.054 1.0 145.1 164.0 222.8
picture_001181 0.059 198.9 136.4 258.5 187.9
picture_001182 0.094 333.3 191.8 397.0 248.0
picture_001182 0.059 302.3 195.8 367.1 261.2
picture_001185 0.325 132.4 149.6 225.6 205.7
picture_001185 0.171 177.6 180.1 273.8 243.8
picture_001185 0.069 289.0 229.3 327.9 288.0
picture_001185 0.068 197.1 264.4 280.7 304.0
picture_001185 0.063 100.7 31.3 167.6 79.2
picture_001185 0.053 319.8 201.0 340.0 246.1
picture_001186 0.060 1.0 215.8 24.7 295.0
picture_001191 0.056 89.9 41.3 253.8 146.6
picture_001192 0.127 300.2 132.2 353.0 164.2
picture_001192 0.085 269.1 144.2 332.7 175.6
picture_001198 0.804 194.4 383.7 235.9 397.0
picture_001198 0.703 219.4 393.9 263.0 397.0
picture_001198 0.665 174.1 394.2 214.1 397.0
picture_001198 0.654 92.1 389.1 263.0 397.0
picture_001198 0.492 71.5 393.5 122.3 397.0
picture_001198 0.357 174.4 397.0 263.0 397.0
picture_001198 0.263 125.5 397.0 203.8 397.0
picture_001198 0.122 1.0 247.8 85.5 322.0
picture_001198 0.053 27.1 302.9 109.1 369.3
picture_001201 0.055 33.4 83.5 245.6 152.2
picture_001203 0.664 14.3 149.9 52.8 203.3
picture_001203 0.483 52.0 170.8 85.0 228.0
picture_001203 0.328 1.0 172.9 46.7 228.0
picture_001203 0.275 1.0 158.8 24.1 189.0
picture_001203 0.099 58.2 188.9 182.6 228.0
picture_001203 0.067 19.5 177.7 52.8 194.9
picture_001203 0.056 57.3 155.4 82.6 186.9
picture_001219 0.064 271.7 493.4 433.4 571.6
picture_001225 0.099 158.2 343.7 199.6 367.1
picture_001225 0.098 188.3 336.3 232.1 360.7
picture_001225 0.080 179.0 327.3 248.2 413.4
picture_001237 0.059 298.2 58.7 307.0 86.2
picture_001240 0.190 137.8 118.9 185.0 176.5
picture_001242 0.098 29.8 279.2 65.7 331.1
picture_001242 0.082 83.8 344.3 132.0 353.0
picture_001242 0.077 128.8 325.1 207.7 353.0
picture_001242 0.066 170.7 271.8 213.4 329.3
picture_001242 0.058 61.6 278.4 188.2 343.8
picture_001242 0.052 95.8 190.8 153.2 311.1
picture_001251 0.055 201.0 483.8 267.0 517.8
picture_001257 0.216 341.6 426.2 409.0 462.2
picture_001257 0.143 334.8 381.5 409.0 501.4
picture_001257 0.120 312.8 467.2 396.2 532.5
picture_001257 0.103 215.9 376.5 379.4 502.2
picture_001257 0.102 312.0 439.0 390.7 452.9
picture_001257 0.052 409.0 386.9 409.0 430.7
picture_001259 0.243 239.4 336.8 306.1 418.2
picture_001259 0.087 192.8 340.3 251.0 433.8
picture_001259 0.055 244.7 377.7 311.4 479.2
picture_001260 0.150 356.0 502.1 488.0 542.0
picture_001263 0.095 242.3 587.0 308.0 612.6
picture_001263 0.085 220.8 465.6 289.7 543.9
picture_001263 0.083 268.2 369.9 365.3 440.5
picture_001263 0.078 215.5 514.2 284.3 617.5
picture_001263 0.052 255.0 468.2 359.2 628.8
picture_001267 0.063 220.8 94.1 265.5 117.0
picture_001267 0.057 162.4 150.7 267.1 198.2
picture_001275 0.092 235.9 583.2 286.9 634.2
picture_001275 0.090 262.6 586.2 322.4 630.9
picture_001275 0.051 257.4 629.5 322.0 664.0
picture_001285 0.071 79.1 1.0 128.8 20.6
picture_001285 0.065 1.0 81.2 1.0 109.8
picture_001291 0.133 176.8 342.7 331.5 401.6
picture_001291 0.091 302.3 474.3 378.9 547.8
picture_001291 0.064 246.5 306.4 369.3 372.6
picture_001294 0.408 205.1 149.0 261.4 186.4
picture_001294 0.208 67.2 109.2 141.5 170.4
picture_001294 0.200 267.5 138.8 295.0 163.5
picture_001294 0.159 132.6 154.8 257.8 222.2
picture_001294 0.147 52.7 166.9 120.0 204.0
picture_001294 0.144 125.2 83.8 216.9 182.4
picture_001294 0.129 190.8 231.2 250.1 234.0
picture_001294 0.120 159.2 125.0 229.2 170.5
picture_001294 0.110 83.5 141.9 161.4 234.0
picture_001294 0.107 154.2 186.9 210.3 228.7
picture_001294 0.084 266.6 169.3 295.0 198.2
picture_001294 0.072 241.1 172.0 282.5 199.1
picture_001294 0.070 1.0 114.2 84.1 178.0
picture_001298 0.053 372.5 360.0 431.6 445.1
picture_001314 0.068 1.0 362.0 259.6 362.0
picture_001314 0.051 1.0 355.2 293.4 362.0
picture_001315 0.147 388.7 482.3 432.0 558.0
picture_001315 0.086 398.8 558.0 432.0 558.0
picture_001315 0.080 319.1 515.8 413.2 558.0
picture_001315 0.076 432.0 488.5 432.0 558.0
picture_001315 0.060 249.6 460.2 411.3 523.1
picture_001318 0.927 63.6 294.4 93.3 319.9
picture_001318 0.924 11.2 316.1 88.7 322.0
picture_001318 0.875 47.6 322.0 108.9 322.0
picture_001318 0.852 1.0 322.0 45.8 322.0
picture_001318 0.810 28.3 322.0 62.3 322.0
picture_001320 0.054 351.6 195.4 368.0 284.6
picture_001322 0.053 115.4 75.8 186.5 117.8
picture_001322 0.052 106.7 32.1 182.2 75.0
picture_001323 0.053 75.1 239.4 149.7 286.2
picture_001331 0.086 6.9 272.4 47.6 324.5
picture_001331 0.083 18.0 196.1 57.8 230.5
picture_001331 0.061 36.8 235.8 83.4 289.5
picture_001340 0.132 408.2 497.3 472.8 564.0
picture_001350 0.076 17.9 594.0 80.3 624.0
picture_001354 0.249 188.8 387.2 238.1 454.8
picture_001354 0.101 151.4 450.2 205.4 509.8
picture_001354 0.078 193.0 481.4 255.4 538.6
picture_001354 0.062 154.3 478.9 216.7 559.9
picture_001355 0.367 244.9 219.7 336.4 291.2
picture_001355 0.209 72.6 201.5 117.2 258.7
picture_001355 0.178 1.0 247.7 110.3 300.0
picture_001355 0.110 160.9 277.1 300.3 300.0
picture_001355 0.086 38.5 215.8 165.0 288.6
picture_001355 0.077 62.2 263.5 126.4 300.0
picture_001355 0.068 96.5 239.0 265.6 299.4
picture_001356 0.275 185.5 183.0 244.8 238.0
picture_001356 0.164 140.4 218.8 219.3 281.5
picture_001356 0.131 186.5 223.7 277.7 288.1
picture_001356 0.077 169.7 202.7 217.0 231.1
picture_001357 0.073 476.2 589.4 502.0 631.3
picture_001358 0.092 264.8 548.1 304.4 597.9
picture_001358 0.069 218.8 632.6 287.2 676.0
picture_001358 0.059 285.9 620.7 323.0 676.0
picture_001358 0.052 254.7 676.0 310.0 676.0
picture_001364 0.053 232.5 366.2 317.5 439.8
picture_001371 0.096 242.1 394.2 302.6 422.3
picture_001386 0.055 241.2 432.8 267.7 501.4
picture_001398 0.578 124.6 225.4 189.5 248.3
picture_001398 0.130 78.4 203.6 145.6 230.8
picture_001398 0.128 20.6 250.5 79.1 271.0
picture_001414 0.425 30.0 178.1 104.3 225.8
picture_001417 0.064 252.2 116.3 312.2 242.0
picture_001435 0.144 1.0 199.0 114.4 256.3
picture_001435 0.109 31.6 203.7 226.2 271.0
picture_001435 0.098 27.5 271.0 175.6 271.0
picture_001435 0.097 8.3 264.5 171.8 271.0
picture_001435 0.065 1.0 247.9 147.0 271.0
picture_001437 0.230 120.2 438.6 161.7 472.2
picture_001437 0.068 108.1 466.3 163.5 505.5
picture_001445 0.069 47.8 235.0 108.5 249.4
picture_001447 0.071 344.5 379.0 391.2 422.3
