picture_000004 0.084 34.1 1.0 217.3 64.5
picture_000021 0.102 116.7 315.5 189.5 401.9
picture_000021 0.084 213.6 387.6 267.0 457.4
picture_000021 0.082 101.7 357.9 162.2 414.2
picture_000021 0.050 190.5 468.0 267.0 468.0
picture_000033 0.158 145.8 47.5 185.0 68.0
picture_000033 0.122 1.0 1.0 1.0 11.0
picture_000033 0.100 135.8 30.0 183.8 57.3
picture_000033 0.089 73.0 52.7 185.0 70.9
picture_000033 0.089 1.0 1.0 26.9 31.3
picture_000042 0.407 178.9 1.0 222.0 50.8
picture_000042 0.314 100.0 1.0 202.1 58.0
picture_000042 0.139 222.0 1.0 222.0 52.9
picture_000044 0.974 19.3 643.1 53.7 675.6
picture_000044 0.966 62.3 647.5 105.4 680.2
picture_000044 0.944 38.1 666.3 77.4 700.9
picture_000044 0.919 70.0 667.4 110.8 706.8
picture_000044 0.901 41.2 688.4 82.8 718.0
picture_000044 0.862 6.3 660.3 59.6 695.9
picture_000044 0.821 109.0 657.1 157.2 691.3
picture_000044 0.594 1.0 694.0 27.3 718.0
picture_000044 0.569 1.0 592.1 27.8 649.5
picture_000044 0.305 1.0 633.5 35.1 682.4
picture_000044 0.303 94.7 675.2 121.4 718.0
picture_000044 0.059 15.2 630.0 97.8 679.4
picture_000045 0.996 15.7 74.5 67.9 123.3
picture_000045 0.996 1.0 31.6 38.7 73.4
picture_000045 0.993 3.3 115.1 72.0 145.1
picture_000045 0.992 59.4 142.7 135.3 164.0
picture_000045 0.991 26.3 1.0 64.9 30.2
picture_000045 0.990 1.0 93.2 4.2 146.4
picture_000045 0.981 1.0 74.6 20.4 110.6
picture_000045 0.980 78.6 70.0 121.7 124.0
picture_000045 0.972 86.3 49.5 100.0 90.7
picture_000045 0.968 87.5 117.0 107.5 153.4
picture_000045 0.967 1.0 1.0 28.9 1.0
picture_000045 0.961 1.0 114.7 1.0 154.8
picture_000045 0.958 26.8 154.0 49.0 164.0
picture_000045 0.950 1.0 7.3 1.4 58.4
picture_000045 0.930 49.0 96.6 98.1 164.0
picture_000045 0.925 71.4 96.2 88.0 139.2
picture_000045 0.870 108.2 142.5 156.9 164.0
picture_000045 0.823 29.3 164.0 69.7 164.0
picture_000045 0.810 47.3 1.0 65.3 17.7
picture_000045 0.539 1.0 64.3 1.0 124.2
picture_000045 0.464 134.3 102.5 148.9 116.0
picture_000045 0.396 117.7 33.1 129.7 63.0
picture_000045 0.353 1.0 104.9 11.3 155.7
picture_000045 0.298 12.4 144.9 50.2 154.6
picture_000045 0.280 112.0 24.4 121.3 41.0
picture_000045 0.244 20.2 35.6 157.2 164.0
picture_000045 0.198 1.0 1.0 1.0 1.0
picture_000045 0.190 91.1 161.4 123.1 164.0
picture_000045 0.152 1.0 164.0 20.5 164.0
picture_000045 0.099 14.6 12.7 24.9 39.7
picture_000045 0.094 77.9 164.0 109.3 164.0
picture_000045 0.079 1.0 59.4 32.9 164.0
picture_000045 0.056 58.6 164.0 78.9 164.0
picture_000046 0.998 1.0 37.5 42.4 149.9
picture_000046 0.997 1.0 134.8 44.8 163.0
picture_000046 0.997 1.0 102.0 1.0 158.6
picture_000046 0.994 1.0 163.0 41.1 163.0
picture_000046 0.982 29.7 136.1 170.0 163.0
picture_000046 0.690 10.4 8.2 126.6 141.4
picture_000046 0.633 16.0 163.0 170.0 163.0
picture_000046 0.628 1.0 59.2 1.0 126.7
picture_000046 0.248 1.0 163.0 2.4 163.0
picture_000046 0.211 1.0 102.7 20.4 161.0
picture_000046 0.100 1.0 105.6 107.4 163.0
picture_000046 0.050 148.8 163.0 170.0 163.0
picture_000047 0.996 44.3 161.0 65.9 280.7
picture_000047 0.994 60.8 234.6 80.4 323.0
picture_000047 0.994 109.8 195.4 128.7 285.2
picture_000047 0.992 98.8 143.6 147.7 265.2
picture_000047 0.991 69.7 267.7 109.1 323.0
picture_000047 0.991 65.2 231.4 122.3 274.0
picture_000047 0.989 63.8 89.1 103.5 209.7
picture_000047 0.984 24.2 225.9 65.2 323.0
picture_000047 0.983 49.9 242.6 66.0 280.0
picture_000047 0.980 17.2 134.7 42.8 270.3
picture_000047 0.971 1.0 252.9 18.9 321.1
picture_000047 0.934 27.9 322.2 67.1 323.0
picture_000047 0.927 1.0 205.6 18.6 267.1
picture_000047 0.924 203.0 174.0 203.0 243.7
picture_000047 0.923 81.6 323.0 93.9 323.0
picture_000047 0.849 131.8 138.5 189.0 263.5
picture_000047 0.840 74.6 160.1 97.4 220.8
picture_000047 0.698 63.1 323.0 81.7 323.0
picture_000047 0.633 144.1 287.3 156.4 312.1
picture_000047 0.575 1.0 222.3 1.0 271.5
picture_000047 0.517 1.0 323.0 1.0 323.0
picture_000047 0.499 1.0 142.5 1.0 222.8
picture_000047 0.455 71.7 223.8 189.0 323.0
picture_000047 0.404 1.0 214.7 125.3 320.6
picture_000047 0.385 114.9 277.3 131.5 304.3
picture_000047 0.271 203.0 224.2 203.0 255.3
picture_000047 0.253 148.3 278.9 181.9 323.0
picture_000047 0.155 164.9 255.8 203.0 314.3
picture_000047 0.125 171.7 204.9 203.0 242.6
picture_000047 0.124 96.4 238.0 161.9 263.6
picture_000047 0.062 150.8 323.0 176.4 323.0
picture_000049 0.994 1.0 161.2 1.0 183.9
picture_000049 0.993 1.0 178.9 23.3 187.0
picture_000049 0.992 1.0 169.5 50.8 187.0
picture_000049 0.991 52.8 162.7 103.2 181.1
picture_000049 0.989 10.1 184.4 95.2 187.0
picture_000049 0.982 1.0 187.0 41.5 187.0
picture_000049 0.978 37.9 187.0 124.1 187.0
picture_000049 0.975 26.1 175.5 143.0 187.0
picture_000049 0.960 32.2 150.0 141.8 179.2
picture_000049 0.955 1.0 187.0 1.0 187.0
picture_000049 0.936 62.5 108.5 81.7 166.1
picture_000049 0.897 35.3 127.2 135.2 158.2
picture_000049 0.896 1.0 123.0 1.0 171.7
picture_000049 0.896 1.0 144.0 26.6 182.6
picture_000049 0.785 8.9 119.5 87.0 173.9
picture_000055 0.082 77.7 52.5 232.8 90.2
picture_000058 0.071 19.6 1.0 203.0 87.2
picture_000059 0.062 62.7 224.1 119.7 241.0
picture_000059 0.061 1.0 214.2 87.5 241.0
picture_000061 0.423 48.2 95.1 75.0 133.0
picture_000061 0.301 1.0 69.3 15.2 125.3
picture_000061 0.237 1.0 98.1 16.1 165.0
picture_000061 0.173 36.1 116.9 106.0 149.8
picture_000061 0.168 21.8 72.0 44.6 127.3
picture_000061 0.122 1.0 114.1 63.7 165.0
picture_000061 0.104 1.0 75.0 1.0 141.4
picture_000061 0.086 114.9 98.3 169.1 155.3
picture_000063 0.253 180.7 53.4 248.0 95.8
picture_000063 0.230 1.0 1.0 1.0 90.6
picture_000063 0.192 190.3 1.0 248.0 15.7
picture_000063 0.147 240.7 1.3 248.0 66.9
picture_000063 0.117 1.0 124.0 1.0 124.0
picture_000063 0.110 1.0 64.1 1.0 124.0
picture_000063 0.108 135.4 1.0 230.1 64.0
picture_000063 0.098 1.0 1.0 16.8 103.8
picture_000063 0.085 42.5 122.2 248.0 124.0
picture_000063 0.081 58.5 124.0 150.2 124.0
picture_000063 0.081 1.0 37.5 74.6 106.3
picture_000063 0.066 65.1 87.7 103.7 95.4
picture_000063 0.064 20.1 79.8 248.0 124.0
picture_000063 0.062 62.7 77.7 122.0 91.1
picture_000065 0.767 1.0 88.0 28.6 128.3
picture_000065 0.715 26.1 103.0 137.5 134.0
picture_000065 0.676 33.5 29.7 163.7 115.9
picture_000065 0.338 1.0 55.1 9.2 119.7
picture_000065 0.195 1.0 68.4 1.0 109.6
picture_000065 0.177 1.0 1.0 95.2 101.0
picture_000065 0.060 1.0 134.0 186.0 134.0
picture_000065 0.053 114.3 82.6 186.0 134.0
picture_000073 0.097 146.8 91.8 177.8 154.1
picture_000073 0.097 115.0 109.4 193.2 216.6
picture_000073 0.051 118.1 111.9 160.7 155.1
picture_000081 0.055 46.7 131.3 193.4 184.9
picture_000082 0.068 130.9 81.6 199.0 117.4
picture_000082 0.055 44.9 79.1 193.4 150.0
picture_000103 0.532 87.5 1.0 158.9 153.0
picture_000103 0.388 210.0 76.9 210.0 145.2
picture_000103 0.178 173.4 87.9 210.0 145.8
picture_000103 0.124 195.5 135.5 210.0 157.0
picture_000156 0.089 80.8 118.8 159.8 182.8
picture_000168 0.527 1.0 19.4 43.3 47.0
picture_000168 0.337 1.0 7.2 13.2 38.8
picture_000168 0.129 1.0 39.9 49.6 47.0
picture_000168 0.120 1.0 1.0 43.1 20.6
picture_000168 0.110 2.2 30.6 16.3 47.0
picture_000168 0.092 51.6 10.1 156.0 47.0
picture_000168 0.090 10.9 1.0 18.9 30.5
picture_000168 0.074 140.1 2.2 156.0 33.2
picture_000168 0.059 43.0 32.7 66.4 47.0
picture_000170 0.975 1.0 545.5 1.0 629.6
picture_000170 0.971 1.0 543.2 39.7 678.9
picture_000170 0.916 1.0 458.9 39.7 601.8
picture_000170 0.867 36.7 531.1 137.6 681.1
picture_000170 0.787 1.0 656.1 9.5 726.0
picture_000170 0.301 1.0 479.3 1.0 508.5
picture_000170 0.277 22.3 424.0 94.5 585.1
picture_000176 0.183 101.9 42.9 199.5 107.1
picture_000176 0.135 48.0 122.9 159.9 154.9
picture_000176 0.057 116.3 88.0 213.0 165.0
picture_000176 0.055 101.6 144.4 213.0 165.0
picture_000178 0.110 6.8 33.4 93.5 59.8
picture_000179 0.092 36.4 7.0 212.0 58.8
picture_000179 0.061 1.0 46.2 132.4 83.3
picture_000184 0.928 115.8 79.0 202.0 108.8
picture_000184 0.900 1.0 78.6 136.2 107.6
picture_000184 0.899 20.5 104.1 110.8 117.0
picture_000184 0.891 1.0 95.2 202.0 116.7
picture_000184 0.564 1.0 1.0 20.4 80.3
picture_000184 0.460 1.0 8.4 1.0 89.1
picture_000184 0.359 1.0 19.4 81.9 103.3
picture_000184 0.315 1.0 115.9 32.5 117.0
picture_000184 0.220 1.0 117.0 1.0 117.0
picture_000184 0.211 1.0 1.0 29.2 8.0
picture_000184 0.200 1.0 117.0 176.6 117.0
picture_000184 0.199 1.0 117.0 8.6 117.0
picture_000184 0.191 136.1 105.1 173.7 117.0
picture_000184 0.182 1.0 1.0 1.0 5.6
picture_000184 0.160 1.0 115.0 202.0 117.0
picture_000184 0.151 38.4 117.0 86.1 117.0
picture_000184 0.129 14.1 1.0 76.4 33.6
picture_000184 0.110 109.0 1.0 202.0 1.0
picture_000184 0.106 111.7 19.0 192.2 84.1
picture_000184 0.096 1.0 71.4 36.3 98.8
picture_000184 0.077 1.0 34.3 172.4 69.0
picture_000184 0.076 1.0 112.2 9.2 117.0
picture_000184 0.070 199.7 79.5 202.0 105.2
picture_000184 0.060 194.5 117.0 202.0 117.0
picture_000184 0.058 198.8 102.0 202.0 117.0
picture_000184 0.057 45.9 1.0 128.4 55.6
picture_000184 0.053 193.9 83.2 202.0 117.0
picture_000189 0.258 25.0 37.8 138.6 82.2
picture_000189 0.239 64.8 63.2 200.9 114.6
picture_000189 0.114 67.0 26.3 229.6 47.4
picture_000189 0.106 69.0 100.1 173.6 129.1
picture_000189 0.086 148.0 1.0 219.4 108.7
picture_000189 0.074 4.5 138.6 153.8 171.5
picture_000189 0.066 1.0 78.4 83.7 135.9
picture_000189 0.061 83.4 117.4 127.8 191.0
picture_000189 0.059 4.1 1.0 237.6 17.6
picture_000189 0.058 113.9 1.0 170.2 21.6
picture_000215 0.111 195.8 122.0 224.9 194.1
picture_000215 0.091 189.2 172.7 252.0 213.0
picture_000215 0.071 124.0 130.3 241.0 204.5
picture_000215 0.058 109.1 121.4 146.6 213.0
picture_000216 0.490 1.0 123.3 65.0 200.0
picture_000216 0.354 1.0 47.2 31.1 155.7
picture_000216 0.124 1.0 131.2 209.3 179.4
picture_000216 0.105 1.0 200.0 87.1 200.0
picture_000216 0.099 138.2 180.2 218.0 200.0
picture_000216 0.088 73.7 151.6 174.0 200.0
picture_000216 0.077 1.0 185.9 140.0 200.0
picture_000217 0.060 1.0 40.4 77.9 136.8
picture_000217 0.057 1.0 107.7 2.9 182.7
picture_000219 0.067 1.0 228.3 108.0 257.8
picture_000220 0.053 59.1 1.0 223.0 1.0
picture_000222 0.140 89.3 326.1 140.1 361.1
picture_000222 0.066 83.4 342.4 229.7 375.9
picture_000255 0.232 122.3 103.0 169.8 136.6
picture_000255 0.161 138.7 42.2 191.1 98.9
picture_000255 0.140 195.9 1.0 272.0 33.3
picture_000255 0.137 89.6 80.8 126.9 128.2
picture_000255 0.127 61.7 49.6 109.1 95.4
picture_000255 0.115 1.0 1.0 67.9 56.2
picture_000255 0.087 98.1 1.0 192.5 18.5
picture_000255 0.081 1.0 77.6 76.5 116.4
picture_000255 0.074 60.8 150.8 147.8 169.5
picture_000255 0.069 45.7 80.6 187.5 128.5
picture_000255 0.058 1.0 60.0 155.2 96.4
picture_000255 0.055 84.8 38.7 266.7 128.1
picture_000282 0.060 1.0 1.0 120.8 1.0
picture_000324 0.055 192.9 56.9 246.9 120.3
picture_000324 0.052 233.7 10.3 313.4 36.5
picture_000336 0.062 74.1 171.0 325.0 224.7
picture_000336 0.054 107.2 237.3 325.0 239.0
picture_000337 0.063 1.0 175.6 293.0 287.0
picture_000342 0.053 223.2 104.7 303.0 277.6
picture_000343 0.061 74.8 281.0 250.4 281.0
picture_000343 0.058 58.9 258.2 289.0 278.3
picture_000361 0.591 86.9 192.0 175.0 192.0
picture_000361 0.420 1.0 123.5 66.7 192.0
picture_000361 0.417 50.6 125.0 117.2 192.0
picture_000361 0.402 17.4 192.0 130.8 192.0
picture_000361 0.351 97.0 167.1 175.0 192.0
picture_000361 0.115 1.0 183.0 52.4 192.0
picture_000361 0.105 25.5 188.0 148.6 192.0
picture_000361 0.105 1.0 91.6 175.0 159.0
picture_000361 0.053 175.0 192.0 175.0 192.0
picture_000372 0.095 82.7 120.3 135.4 182.7
picture_000376 0.052 1.0 1.0 150.0 34.5
picture_000385 0.171 109.2 1.0 232.7 166.0
picture_000385 0.159 205.1 96.8 245.5 155.7
picture_000385 0.091 200.9 10.7 273.0 166.0
picture_000385 0.083 172.8 1.0 273.0 1.0
picture_000385 0.077 1.0 18.1 147.1 92.1
picture_000385 0.058 1.0 1.0 192.0 1.0
picture_000389 0.099 22.4 278.0 245.2 278.0
picture_000389 0.092 1.0 278.0 52.7 278.0
picture_000395 0.084 239.3 64.2 323.0 95.9
picture_000395 0.081 1.0 34.0 1.0 90.3
picture_000395 0.072 292.3 56.3 329.0 82.8
picture_000395 0.067 329.0 179.1 329.0 214.5
picture_000395 0.054 171.0 204.4 251.9 234.0
picture_000400 0.137 1.0 125.3 20.3 183.5
picture_000400 0.072 1.0 192.3 1.0 220.0
picture_000408 0.075 53.9 78.1 136.6 157.4
picture_000409 0.112 274.0 149.3 274.0 230.3
picture_000409 0.073 250.9 206.9 274.0 270.7
picture_000452 0.062 113.9 1.0 191.9 24.8
picture_000467 0.104 282.8 446.3 311.5 539.0
picture_000478 0.155 123.3 354.5 198.7 449.5
picture_000478 0.126 95.3 397.4 273.0 465.0
picture_000478 0.051 273.0 376.3 273.0 456.2
picture_000492 0.096 301.8 434.0 308.0 434.0
picture_000492 0.051 300.0 378.1 308.0 425.5
picture_000495 0.093 150.7 1.0 245.0 25.8
picture_000495 0.087 63.4 57.9 196.1 82.8
picture_000495 0.069 186.2 39.2 278.0 77.3
picture_000495 0.065 85.2 81.2 250.7 111.8
picture_000496 0.067 188.1 338.3 235.7 386.3
picture_000497 0.986 70.5 1.0 118.7 54.2
picture_000497 0.975 69.7 1.0 173.0 3.9
picture_000497 0.970 49.8 24.9 115.4 107.1
picture_000497 0.969 145.2 1.0 173.0 19.2
picture_000497 0.963 46.7 118.6 85.3 164.4
picture_000497 0.942 44.1 154.1 93.3 183.1
picture_000497 0.929 108.6 139.5 130.8 202.4
picture_000497 0.901 64.2 117.3 105.9 188.3
picture_000497 0.889 81.7 1.0 173.0 82.2
picture_000497 0.883 13.3 1.0 132.8 1.0
picture_000497 0.873 95.1 1.0 159.5 1.0
picture_000497 0.844 87.2 1.0 129.6 26.3
picture_000497 0.809 173.0 1.0 173.0 33.1
picture_000497 0.777 76.5 30.5 150.5 163.6
picture_000497 0.730 83.1 122.1 153.0 200.8
picture_000497 0.715 173.0 1.0 173.0 1.0
picture_000497 0.713 173.0 49.7 173.0 79.9
picture_000497 0.703 131.1 221.0 149.5 221.0
picture_000497 0.670 39.0 217.8 91.6 221.0
picture_000497 0.455 140.6 49.9 163.0 63.4
picture_000497 0.212 32.9 1.0 112.5 21.7
picture_000497 0.077 79.2 86.1 124.5 135.5
picture_000499 0.997 58.5 133.1 155.5 208.1
picture_000499 0.996 128.8 101.4 239.2 170.0
picture_000499 0.996 90.4 53.8 152.0 97.1
picture_000499 0.994 42.3 73.6 77.1 135.7
picture_000499 0.993 163.5 49.8 211.4 79.0
picture_000499 0.993 1.0 197.9 151.2 232.1
picture_000499 0.993 1.0 72.2 114.0 189.9
picture_000499 0.991 33.6 127.7 88.9 187.9
picture_000499 0.987 48.7 32.3 116.1 60.6
picture_000499 0.885 134.5 87.1 163.5 105.3
picture_000499 0.637 1.0 32.0 245.0 134.3
picture_000499 0.503 18.9 287.0 57.9 287.0
picture_000499 0.388 60.2 11.2 130.4 32.6
picture_000499 0.327 29.0 34.1 69.8 55.0
picture_000499 0.254 143.5 164.7 173.6 182.7
picture_000499 0.208 1.0 219.1 50.0 263.9
picture_000499 0.178 87.7 135.6 134.7 146.2
picture_000499 0.122 1.0 89.3 1.0 244.0
picture_000499 0.108 83.9 185.4 112.8 198.6
picture_000499 0.104 118.8 256.7 163.1 284.7
picture_000499 0.087 1.0 77.0 29.1 93.0
picture_000499 0.077 119.2 201.9 196.4 239.2
picture_000499 0.074 168.0 270.0 212.2 285.7
picture_000499 0.071 127.4 250.0 236.2 272.5
picture_000499 0.067 1.0 170.4 21.1 215.6
picture_000499 0.050 1.0 250.0 21.3 274.1
picture_000500 0.933 155.5 486.5 216.7 540.6
picture_000500 0.924 130.3 400.1 195.7 496.2
picture_000500 0.906 201.7 325.0 248.0 460.2
picture_000500 0.578 248.0 509.9 248.0 561.6
picture_000500 0.145 248.0 384.3 248.0 530.9
picture_000501 0.997 201.6 314.6 293.5 386.4
picture_000501 0.996 178.8 374.2 231.3 401.7
picture_000501 0.995 192.0 235.5 312.1 284.9
picture_000501 0.993 118.6 216.5 232.7 370.1
picture_000501 0.991 93.7 248.6 116.0 376.9
picture_000501 0.986 216.9 341.7 236.3 383.3
picture_000501 0.984 121.6 316.3 237.4 430.2
picture_000501 0.977 269.0 148.1 378.0 326.3
picture_000501 0.976 263.2 326.3 369.3 435.0
picture_000501 0.970 306.7 329.6 328.9 363.4
picture_000501 0.954 216.7 389.7 242.2 410.6
picture_000501 0.819 153.0 150.6 184.4 243.8
picture_000501 0.761 180.7 411.7 224.0 422.6
picture_000501 0.761 145.7 398.5 176.2 422.5
picture_000501 0.748 316.3 293.3 378.0 392.9
picture_000501 0.328 175.3 395.0 195.2 408.9
picture_000501 0.156 378.0 340.5 378.0 414.6
picture_000503 0.996 16.7 162.1 76.4 244.8
picture_000503 0.994 53.9 150.4 107.3 206.9
picture_000503 0.993 1.0 114.1 71.5 173.8
picture_000503 0.991 47.0 62.0 111.1 146.0
picture_000503 0.986 16.4 193.5 37.3 240.8
picture_000503 0.985 25.3 212.9 53.4 335.0
picture_000503 0.980 93.4 86.2 118.1 132.7
picture_000503 0.980 49.8 1.0 105.8 61.0
picture_000503 0.976 1.0 57.8 25.1 125.5
picture_000503 0.946 115.0 132.6 131.5 178.4
picture_000503 0.937 13.1 179.3 26.9 207.5
picture_000503 0.880 1.0 34.6 38.1 81.7
picture_000503 0.795 46.1 222.2 81.9 335.0
picture_000503 0.649 54.3 241.9 70.6 268.1
picture_000503 0.302 136.9 106.6 149.2 138.7
picture_000503 0.234 49.6 259.2 79.8 270.0
picture_000503 0.077 146.8 265.4 162.9 281.4
picture_000504 0.993 17.9 1.0 146.8 1.0
picture_000504 0.992 111.7 1.0 167.0 39.3
picture_000504 0.991 68.0 100.3 167.0 119.0
picture_000504 0.991 41.9 110.0 166.0 147.1
picture_000504 0.990 124.4 146.4 167.0 161.0
picture_000504 0.989 145.3 80.2 167.0 128.3
picture_000504 0.986 39.9 64.5 159.8 77.6
picture_000504 0.984 26.3 57.8 138.5 135.3
picture_000504 0.984 114.0 1.0 167.0 1.0
picture_000504 0.984 1.0 42.4 147.1 75.6
picture_000504 0.976 167.0 1.0 167.0 31.3
picture_000504 0.973 74.0 23.8 167.0 117.5
picture_000504 0.943 167.0 1.0 167.0 1.0
picture_000504 0.938 77.4 85.6 167.0 108.3
picture_000504 0.914 167.0 73.5 167.0 110.3
picture_000504 0.884 119.8 161.0 161.4 161.0
picture_000504 0.818 167.0 52.1 167.0 73.8
picture_000504 0.778 167.0 161.0 167.0 161.0
picture_000504 0.721 167.0 125.4 167.0 139.1
picture_000504 0.711 121.9 1.0 167.0 4.4
picture_000504 0.550 1.0 1.0 160.7 7.6
picture_000504 0.425 43.5 161.0 141.3 161.0
picture_000504 0.354 1.0 1.0 152.7 38.5
picture_000504 0.127 56.6 152.3 133.0 161.0
picture_000505 0.991 1.0 168.5 40.7 219.8
picture_000505 0.980 1.0 192.5 1.0 220.0
picture_000505 0.979 1.0 220.0 26.2 220.0
picture_000505 0.977 8.3 196.3 89.2 220.0
picture_000505 0.975 1.0 139.2 1.0 206.9
picture_000505 0.967 1.0 179.3 15.3 209.6
picture_000505 0.966 14.3 114.9 89.6 170.3
picture_000505 0.951 7.7 157.5 118.2 202.4
picture_000505 0.944 3.1 220.0 106.4 220.0
picture_000505 0.936 1.0 220.0 1.0 220.0
picture_000505 0.233 79.9 177.9 117.8 220.0
picture_000505 0.188 130.0 220.0 130.0 220.0
picture_000505 0.079 129.7 198.6 130.0 220.0
picture_000506 0.998 1.0 37.5 39.4 102.8
picture_000506 0.997 1.0 21.2 1.0 88.6
picture_000506 0.997 1.0 98.4 104.4 137.4
picture_000506 0.997 1.0 124.5 55.3 140.0
picture_000506 0.996 1.0 36.3 102.6 68.5
picture_000506 0.996 1.0 106.8 23.5 140.0
picture_000506 0.996 1.0 1.0 59.5 43.1
picture_000506 0.995 8.6 1.0 92.0 16.4
picture_000506 0.995 25.5 140.0 81.5 140.0
picture_000506 0.995 1.0 77.7 138.3 108.6
picture_000506 0.993 1.0 1.0 19.2 26.5
picture_000506 0.992 1.0 1.0 70.6 1.0
picture_000506 0.989 1.0 118.6 1.0 140.0
picture_000506 0.988 70.4 1.0 142.0 22.5
picture_000506 0.983 26.0 15.9 56.5 36.5
picture_000506 0.971 1.0 1.0 1.0 13.5
picture_000506 0.971 1.0 1.0 1.0 1.0
picture_000506 0.969 91.4 1.0 142.0 1.0
picture_000506 0.961 1.0 71.8 1.0 90.7
picture_000506 0.950 1.0 140.0 1.0 140.0
picture_000506 0.946 55.0 122.5 142.0 131.5
picture_000506 0.937 21.7 1.0 142.0 50.2
picture_000506 0.915 62.2 1.0 142.0 3.0
picture_000506 0.914 1.0 140.0 4.4 140.0
picture_000506 0.912 66.9 140.0 142.0 140.0
picture_000506 0.880 1.0 2.8 86.6 127.8
picture_000506 0.815 1.0 98.3 1.0 116.2
picture_000506 0.784 1.0 125.4 3.3 140.0
picture_000506 0.687 64.0 1.0 104.2 1.0
picture_000506 0.070 44.5 18.1 121.1 35.8
picture_000508 0.986 16.6 1.0 165.7 79.3
picture_000508 0.983 134.1 60.7 235.8 100.8
picture_000508 0.981 192.1 1.0 237.6 105.3
picture_000508 0.979 75.5 276.0 153.9 276.0
picture_000508 0.974 92.5 152.4 174.4 199.7
picture_000508 0.963 158.6 57.6 279.0 168.7
picture_000508 0.961 200.0 153.6 279.0 222.4
picture_000508 0.957 91.0 92.4 226.3 164.6
picture_000508 0.954 55.0 8.2 103.0 91.4
picture_000508 0.951 195.6 1.0 279.0 1.0
picture_000508 0.927 167.9 263.5 238.0 276.0
picture_000508 0.926 219.7 32.5 279.0 126.9
picture_000508 0.904 279.0 7.4 279.0 93.3
picture_000508 0.588 265.5 38.3 279.0 184.9
picture_000508 0.398 279.0 271.9 279.0 276.0
picture_000508 0.271 145.6 1.0 205.7 1.0
picture_000508 0.193 27.4 276.0 49.5 276.0
picture_000508 0.144 40.2 98.5 76.9 121.5
picture_000508 0.106 1.0 1.0 20.8 1.0
picture_000508 0.084 78.0 16.7 175.4 49.8
picture_000508 0.081 1.0 276.0 1.0 276.0
picture_000508 0.074 177.1 1.0 229.9 1.3
picture_000508 0.073 268.1 1.0 279.0 1.0
picture_000508 0.071 256.3 186.4 279.0 216.1
picture_000508 0.058 1.0 199.6 1.0 276.0
picture_000508 0.057 146.1 60.3 171.6 83.7
picture_000511 0.992 34.9 74.8 196.0 97.9
picture_000511 0.990 43.9 202.1 165.4 229.4
picture_000511 0.988 106.8 89.4 196.0 128.8
picture_000511 0.982 58.4 145.0 196.0 170.8
picture_000511 0.977 66.0 16.6 196.0 77.0
picture_000511 0.976 77.3 170.8 132.5 201.6
picture_000511 0.974 161.1 100.9 196.0 126.9
picture_000511 0.974 88.7 38.5 154.2 65.7
picture_000511 0.973 1.0 90.0 196.0 168.0
picture_000511 0.972 75.2 58.6 196.0 82.2
picture_000511 0.971 68.1 1.0 185.8 21.8
picture_000511 0.944 24.8 164.0 146.5 266.3
picture_000511 0.937 196.0 64.4 196.0 89.7
picture_000511 0.772 1.0 240.5 100.6 284.0
picture_000511 0.724 3.7 198.5 86.4 240.2
picture_000511 0.715 162.1 36.1 196.0 55.3
picture_000511 0.697 196.0 81.7 196.0 107.5
picture_000511 0.686 91.1 98.6 145.6 126.4
picture_000511 0.508 174.7 284.0 196.0 284.0
picture_000511 0.462 189.3 17.7 196.0 71.2
picture_000511 0.227 196.0 187.1 196.0 211.8
picture_000511 0.186 20.0 284.0 103.4 284.0
picture_000511 0.130 196.0 26.5 196.0 53.2
picture_000511 0.080 196.0 1.0 196.0 128.0
picture_000511 0.060 196.0 122.9 196.0 162.6
picture_000511 0.055 65.2 269.1 162.0 284.0
picture_000512 0.995 41.2 86.1 176.0 112.5
picture_000512 0.987 118.2 69.7 176.0 96.5
picture_000512 0.987 78.8 97.2 176.0 133.5
picture_000512 0.985 86.5 152.1 176.0 179.4
picture_000512 0.984 76.6 41.5 139.1 68.8
picture_000512 0.984 96.2 159.8 143.1 202.9
picture_000512 0.983 1.0 197.5 115.2 213.0
picture_000512 0.977 45.5 213.0 153.8 213.0
picture_000512 0.975 48.0 1.0 152.8 40.3
picture_000512 0.969 145.5 41.7 176.0 68.9
picture_000512 0.964 67.0 131.3 176.0 148.2
picture_000512 0.938 1.0 146.0 176.0 166.4
picture_000512 0.927 176.0 91.9 176.0 125.0
picture_000512 0.924 1.0 45.4 95.9 84.6
picture_000512 0.855 29.3 153.8 157.8 213.0
picture_000512 0.799 155.0 1.0 176.0 88.0
picture_000512 0.753 157.7 137.7 176.0 156.2
picture_000512 0.752 151.3 92.2 176.0 109.5
picture_000512 0.731 109.5 30.3 170.7 68.3
picture_000512 0.454 137.9 213.0 176.0 213.0
picture_000512 0.423 176.0 50.4 176.0 80.0
picture_000512 0.358 1.0 84.2 109.7 134.4
picture_000512 0.327 93.4 16.3 167.8 179.6
picture_000512 0.174 176.0 42.0 176.0 163.7
picture_000512 0.065 176.0 185.2 176.0 213.0
picture_000514 0.142 192.8 1.0 247.0 28.8
picture_000514 0.093 215.1 7.3 263.0 141.7
picture_000514 0.091 193.5 1.0 263.0 3.9
picture_000514 0.089 166.0 83.1 228.3 112.5
picture_000514 0.087 130.3 1.0 234.4 14.7
picture_000514 0.081 176.1 31.1 227.4 161.8
picture_000514 0.068 263.0 80.0 263.0 123.6
picture_000519 0.318 75.8 179.8 143.8 230.3
picture_000519 0.146 52.7 237.8 138.9 307.4
picture_000520 0.760 205.7 190.5 317.0 230.7
picture_000520 0.652 171.2 98.7 317.0 179.4
picture_000520 0.613 287.7 102.6 317.0 170.4
picture_000520 0.528 152.5 1.8 317.0 22.8
picture_000520 0.461 103.9 89.8 317.0 111.3
picture_000520 0.334 119.0 22.6 317.0 103.4
picture_000520 0.145 310.5 1.0 317.0 1.0
picture_000520 0.132 67.6 180.3 317.0 281.0
picture_000520 0.129 306.3 182.9 317.0 281.0
picture_000520 0.110 317.0 72.9 317.0 129.5
picture_000520 0.080 137.4 1.0 317.0 1.0
picture_000520 0.076 65.3 270.3 317.0 281.0
picture_000524 0.060 168.6 1.0 205.1 240.0
picture_000527 0.080 213.5 231.5 267.9 239.3
picture_000530 0.072 1.0 1.0 156.4 42.4
picture_000536 0.842 1.0 153.0 119.0 153.0
picture_000536 0.752 1.0 57.8 1.0 134.5
picture_000536 0.716 1.0 1.0 108.5 37.2
picture_000536 0.697 1.0 38.4 1.0 75.3
picture_000536 0.660 1.0 94.5 135.9 124.0
picture_000536 0.632 1.0 66.5 40.8 102.8
picture_000536 0.631 1.0 1.0 1.0 57.3
picture_000536 0.585 1.0 143.2 1.0 153.0
picture_000536 0.575 1.0 153.0 28.0 153.0
picture_000536 0.506 1.0 99.0 20.0 153.0
picture_000536 0.343 1.0 58.4 93.7 88.2
picture_000536 0.335 7.3 1.0 45.6 82.4
picture_000536 0.328 1.0 114.9 1.0 153.0
picture_000536 0.316 1.0 1.0 73.8 153.0
picture_000536 0.284 1.0 1.0 21.7 58.1
picture_000536 0.246 1.0 153.0 1.0 153.0
picture_000536 0.177 53.3 105.7 107.8 141.5
picture_000536 0.168 1.0 149.0 55.9 153.0
picture_000536 0.137 17.2 27.4 109.3 71.5
picture_000536 0.088 1.0 82.1 6.6 153.0
picture_000536 0.084 1.0 40.3 186.0 106.1
picture_000536 0.054 1.0 125.2 78.0 153.0
picture_000552 0.057 13.5 376.5 143.9 406.7
picture_000552 0.052 133.3 341.6 283.0 366.9
picture_000553 0.094 1.0 130.1 239.9 199.4
picture_000553 0.079 191.8 239.9 250.7 251.9
picture_000553 0.074 199.8 227.3 257.1 239.7
picture_000553 0.051 91.9 256.0 239.5 256.0
picture_000557 0.110 41.5 116.7 95.6 144.0
picture_000557 0.092 37.8 10.7 118.3 41.5
picture_000557 0.077 147.4 88.7 241.3 115.9
picture_000557 0.072 62.4 48.8 134.8 159.0
picture_000557 0.067 91.5 121.6 215.3 131.8
picture_000557 0.056 7.9 65.7 38.1 96.8
picture_000557 0.051 77.8 106.1 120.9 133.0
picture_000558 0.108 115.6 37.2 134.1 72.9
picture_000558 0.107 122.1 56.9 170.5 83.7
picture_000558 0.104 197.5 49.9 238.0 95.3
picture_000558 0.087 67.2 11.4 133.0 24.7
picture_000558 0.075 147.3 1.0 215.5 1.0
picture_000558 0.073 178.6 74.6 210.5 96.7
picture_000558 0.069 144.7 48.1 206.2 62.1
picture_000558 0.058 172.8 93.2 220.9 100.0
picture_000585 0.051 213.0 87.3 282.0 121.2
picture_000608 0.102 179.7 256.0 230.1 256.0
picture_000608 0.096 34.6 256.0 115.9 256.0
picture_000608 0.074 1.0 163.3 187.8 233.4
picture_000608 0.063 139.1 67.6 180.6 197.0
picture_000608 0.060 1.0 99.5 105.4 213.6
picture_000608 0.057 246.0 234.9 246.0 256.0
picture_000611 0.418 1.0 85.8 79.2 113.7
picture_000611 0.196 111.8 96.8 193.0 133.9
picture_000611 0.118 193.0 150.2 193.0 164.0
picture_000611 0.090 11.1 164.0 193.0 164.0
picture_000611 0.071 1.0 111.0 37.0 130.1
picture_000611 0.063 87.3 83.6 166.5 119.5
picture_000611 0.061 72.3 28.1 193.0 97.6
picture_000613 0.200 207.2 174.7 225.6 235.7
picture_000613 0.200 173.1 157.3 211.1 245.9
picture_000613 0.075 108.4 186.5 161.6 282.3
picture_000613 0.063 148.0 174.9 177.8 224.1
picture_000621 0.068 2.5 1.0 58.8 148.4
picture_000621 0.054 1.0 1.0 1.0 144.9
picture_000621 0.054 29.0 209.0 120.4 209.0
picture_000621 0.050 139.2 209.0 232.0 209.0
picture_000634 0.051 230.9 112.7 259.8 139.8
picture_000637 0.134 1.0 76.2 1.0 164.1
picture_000637 0.107 1.0 201.2 24.7 204.0
picture_000638 0.093 46.3 213.0 148.2 213.0
picture_000645 0.080 137.3 1.0 173.7 1.0
picture_000645 0.071 14.1 1.0 158.9 1.0
picture_000645 0.067 1.0 6.3 95.7 30.1
picture_000645 0.065 69.5 133.8 145.7 157.2
picture_000648 0.991 1.0 239.4 43.2 266.2
picture_000648 0.987 1.0 221.2 148.0 257.2
picture_000648 0.986 1.0 185.5 17.5 235.1
picture_000648 0.981 1.0 285.7 114.7 321.6
picture_000648 0.978 1.0 184.7 147.4 194.5
picture_000648 0.976 1.0 243.9 53.8 303.8
picture_000648 0.973 1.0 244.6 1.0 318.9
picture_000648 0.970 1.0 290.1 41.6 306.9
picture_000648 0.942 1.0 226.1 25.9 249.3
picture_000648 0.902 1.0 223.6 1.0 252.4
picture_000648 0.888 1.0 122.8 67.7 130.6
picture_000648 0.857 1.0 201.8 1.0 220.3
picture_000648 0.847 1.0 163.0 1.0 197.0
picture_000648 0.740 45.6 135.6 148.0 143.9
picture_000648 0.726 1.0 159.4 76.5 230.7
picture_000648 0.360 57.4 421.0 148.0 421.0
picture_000648 0.341 1.0 414.2 52.9 421.0
picture_000648 0.163 18.9 336.4 84.5 348.2
picture_000648 0.097 42.3 62.7 129.3 92.0
picture_000649 0.998 1.0 179.4 56.3 217.9
picture_000649 0.997 40.5 230.3 112.2 255.5
picture_000649 0.996 33.2 243.9 87.3 273.3
picture_000649 0.993 1.0 232.0 8.7 260.4
picture_000649 0.993 49.2 182.1 114.8 211.3
picture_000649 0.989 1.0 145.6 20.4 192.9
picture_000649 0.980 89.8 76.2 162.5 198.3
picture_000649 0.977 75.5 213.9 249.0 248.3
picture_000649 0.976 1.0 78.0 42.4 194.1
picture_000649 0.975 32.0 212.5 138.1 240.4
picture_000649 0.974 50.2 274.9 236.5 289.1
picture_000649 0.971 78.7 255.5 218.3 301.0
picture_000649 0.969 111.4 217.4 151.7 240.7
picture_000649 0.962 13.1 271.3 113.3 295.5
picture_000649 0.956 1.0 244.4 1.0 268.3
picture_000649 0.947 1.0 80.3 4.1 180.8
picture_000649 0.939 1.0 202.5 1.0 223.3
picture_000649 0.902 65.3 286.5 96.1 300.3
picture_000649 0.888 197.0 228.2 248.8 259.3
picture_000649 0.823 67.1 301.0 148.7 301.0
picture_000649 0.819 1.0 139.0 1.0 169.8
picture_000649 0.709 8.5 210.2 59.5 220.8
picture_000649 0.643 147.8 301.0 222.3 301.0
picture_000649 0.498 106.9 156.0 238.2 239.4
picture_000649 0.427 228.1 301.0 249.0 301.0
picture_000649 0.179 1.0 180.3 1.0 205.7
picture_000649 0.168 68.3 176.7 159.0 241.2
picture_000650 0.880 3.3 517.1 99.0 551.4
picture_000650 0.859 51.5 461.9 155.8 548.6
picture_000650 0.756 1.0 335.8 81.4 366.4
picture_000650 0.552 1.0 402.1 85.3 455.7
picture_000650 0.358 1.0 440.6 35.3 531.0
picture_000650 0.198 39.8 534.8 74.6 556.0
picture_000650 0.128 9.1 358.1 142.5 398.9
picture_000651 0.993 118.4 131.8 162.9 144.0
picture_000651 0.985 105.0 123.5 171.3 135.1
picture_000651 0.984 134.7 101.6 159.6 123.3
picture_000651 0.981 151.7 119.1 231.0 132.9
picture_000651 0.979 68.2 120.9 109.4 138.0
picture_000651 0.975 92.2 130.6 140.0 144.0
picture_000651 0.966 217.8 106.0 231.0 124.1
picture_000651 0.963 77.0 115.8 139.5 133.2
picture_000651 0.925 152.9 133.9 200.9 144.0
picture_000651 0.744 71.4 96.2 146.2 124.6
picture_000651 0.676 69.7 136.1 108.2 144.0
picture_000651 0.616 125.7 101.3 195.6 128.5
picture_000651 0.500 71.0 117.6 215.2 141.4
picture_000651 0.431 189.4 98.2 231.0 123.6
picture_000651 0.322 127.1 143.3 203.3 144.0
picture_000651 0.307 10.8 93.2 61.3 130.8
picture_000651 0.224 43.7 116.0 92.6 142.5
picture_000651 0.172 94.9 144.0 166.8 144.0
picture_000651 0.157 206.2 120.0 231.0 144.0
picture_000651 0.066 56.9 139.4 174.7 144.0
picture_000652 0.990 1.0 89.2 94.0 117.2
picture_000652 0.987 1.0 79.2 28.7 121.0
picture_000652 0.983 1.0 118.8 142.0 146.9
picture_000652 0.983 1.0 150.5 23.4 177.8
picture_000652 0.982 1.1 159.5 142.0 183.4
picture_000652 0.981 1.0 1.0 58.5 27.2
picture_000652 0.979 1.0 7.9 2.9 70.1
picture_000652 0.978 1.0 26.4 1.0 65.5
picture_000652 0.963 24.8 46.3 142.0 96.1
picture_000652 0.955 1.0 1.0 123.3 1.0
picture_000652 0.954 1.0 1.0 5.8 1.0
picture_000652 0.949 1.0 1.0 142.0 47.7
picture_000652 0.946 1.0 1.3 23.4 70.8
picture_000652 0.946 1.0 1.0 1.0 1.0
picture_000652 0.937 1.0 188.9 58.9 228.0
picture_000652 0.850 15.2 228.0 105.7 228.0
picture_000652 0.803 1.0 159.0 1.0 198.5
picture_000652 0.717 1.0 102.1 1.0 162.6
picture_000652 0.608 1.0 226.3 33.2 228.0
picture_000652 0.485 1.0 208.9 142.0 228.0
picture_000652 0.231 1.0 191.4 1.0 228.0
picture_000652 0.108 1.0 105.3 16.0 201.8
picture_000653 0.856 208.0 581.4 263.0 639.2
picture_000653 0.836 185.6 558.4 237.0 597.1
picture_000653 0.561 209.5 497.1 271.9 553.4
picture_000653 0.549 177.6 635.8 227.0 681.0
picture_000653 0.162 47.9 524.1 217.5 598.1
picture_000653 0.120 51.5 604.6 217.5 668.9
picture_000653 0.072 126.7 608.4 166.9 638.0
picture_000656 0.999 42.0 243.4 117.2 262.0
picture_000656 0.999 19.7 201.7 96.1 243.3
picture_000656 0.998 116.3 212.6 142.9 242.1
picture_000656 0.998 1.0 225.0 1.0 251.7
picture_000656 0.996 1.0 204.0 1.0 237.4
picture_000656 0.996 38.3 262.0 104.9 262.0
picture_000656 0.995 124.5 199.1 264.6 246.3
picture_000656 0.994 1.0 262.0 39.6 262.0
picture_000656 0.993 1.0 246.5 54.3 262.0
picture_000656 0.993 105.6 262.0 198.7 262.0
picture_000656 0.992 196.3 217.0 233.4 246.9
picture_000656 0.989 149.3 257.9 199.0 262.0
picture_000656 0.983 168.6 233.2 188.9 252.2
picture_000656 0.960 119.5 146.4 185.7 238.1
picture_000656 0.954 277.6 223.6 291.0 248.0
picture_000656 0.946 1.0 201.9 32.6 234.8
picture_000656 0.845 51.2 181.4 153.8 262.0
picture_000656 0.708 187.1 255.0 279.0 262.0
picture_000656 0.487 28.7 70.6 125.7 195.1
picture_000656 0.413 1.0 114.4 188.8 240.5
picture_000656 0.080 40.6 221.0 68.5 262.0
picture_000657 0.999 1.0 236.1 91.2 270.8
picture_000657 0.999 1.0 201.0 29.3 253.9
picture_000657 0.999 1.0 255.6 1.0 278.6
picture_000657 0.995 1.0 291.0 40.1 291.0
picture_000657 0.995 1.0 287.2 13.4 291.0
picture_000657 0.995 125.8 236.5 159.2 270.0
picture_000657 0.986 70.1 238.6 226.0 291.0
picture_000657 0.983 29.8 185.9 140.4 260.1
picture_000657 0.961 121.8 203.8 162.3 258.1
picture_000657 0.960 188.4 245.6 226.0 291.0
picture_000657 0.953 97.2 291.0 181.7 291.0
picture_000657 0.921 174.9 195.4 226.0 269.5
picture_000657 0.910 1.0 201.5 1.0 249.3
picture_000657 0.910 12.2 168.6 162.8 202.5
picture_000657 0.807 93.8 90.1 223.0 230.9
picture_000657 0.762 89.3 258.2 182.7 279.4
picture_000657 0.613 76.6 291.0 123.0 291.0
picture_000657 0.611 118.1 178.5 226.0 189.4
picture_000657 0.469 30.6 217.1 192.2 229.0
picture_000657 0.306 43.8 199.0 85.0 232.4
picture_000657 0.237 92.8 138.8 128.6 172.5
picture_000657 0.203 226.0 211.8 226.0 270.1
picture_000657 0.194 75.2 255.0 125.6 272.7
picture_000657 0.131 28.3 286.2 59.1 291.0
picture_000657 0.125 43.8 149.0 118.0 187.5
picture_000657 0.111 1.0 270.1 1.0 291.0
picture_000657 0.087 81.1 270.2 97.9 291.0
picture_000657 0.056 174.0 283.0 225.5 291.0
picture_000659 0.973 153.8 368.6 189.4 462.9
picture_000659 0.952 128.4 337.7 186.2 411.0
picture_000659 0.933 157.2 337.7 222.4 390.5
picture_000659 0.876 226.0 388.6 226.0 456.3
picture_000659 0.687 176.0 426.3 193.4 485.0
picture_000659 0.663 139.7 465.8 168.7 485.0
picture_000659 0.531 126.0 382.0 162.8 485.0
picture_000659 0.481 144.9 415.1 173.8 485.0
picture_000659 0.317 201.9 485.0 226.0 485.0
picture_000659 0.229 75.6 337.1 127.9 382.9
picture_000659 0.159 155.6 485.0 181.8 485.0
picture_000659 0.148 56.6 373.9 127.0 455.4
picture_000659 0.114 221.2 437.6 226.0 467.0
picture_000666 0.992 147.5 236.1 238.3 274.2
picture_000666 0.992 175.4 189.1 265.6 243.0
picture_000666 0.988 122.9 199.6 199.6 274.8
picture_000666 0.987 127.4 246.4 170.7 301.3
picture_000666 0.984 200.0 110.6 267.0 163.9
picture_000666 0.984 220.5 180.9 267.0 215.5
picture_000666 0.984 104.6 187.6 178.9 231.0
picture_000666 0.983 160.6 191.5 208.6 228.1
picture_000666 0.970 267.0 198.4 267.0 243.8
picture_000666 0.928 162.2 71.3 267.0 219.8
picture_000666 0.925 133.9 143.6 186.0 164.1
picture_000666 0.920 267.0 249.1 267.0 284.9
picture_000666 0.901 69.7 141.8 267.0 263.7
picture_000666 0.420 214.6 169.3 267.0 314.4
picture_000666 0.073 85.9 212.4 158.6 239.1
picture_000666 0.066 38.4 1.0 178.3 1.0
picture_000666 0.056 259.4 295.8 267.0 321.5
picture_000667 0.974 1.0 102.2 36.1 129.9
picture_000667 0.968 1.0 76.6 100.9 90.8
picture_000667 0.963 1.0 160.0 119.6 187.2
picture_000667 0.962 1.0 140.7 58.3 179.9
picture_000667 0.961 23.1 130.8 93.7 141.7
picture_000667 0.944 1.0 86.5 72.2 122.0
picture_000667 0.937 1.0 116.1 1.0 139.5
picture_000667 0.935 1.0 36.4 36.7 64.4
picture_000667 0.907 1.0 217.5 165.0 225.4
picture_000667 0.899 1.0 93.6 122.0 99.0
picture_000667 0.868 1.0 47.0 1.0 90.1
picture_000667 0.852 1.0 157.4 60.8 229.4
picture_000667 0.838 1.0 174.1 109.2 179.5
picture_000667 0.802 27.8 106.3 165.0 122.7
picture_000667 0.705 1.0 180.2 165.0 186.1
picture_000667 0.356 44.9 30.1 165.0 49.8
picture_000667 0.311 1.0 147.1 1.0 155.8
picture_000667 0.166 15.6 274.0 55.0 274.0
picture_000667 0.116 1.0 30.9 37.7 39.6
picture_000667 0.105 1.0 92.5 1.0 113.0
picture_000667 0.083 23.6 68.5 129.3 73.5
picture_000667 0.076 1.0 162.7 142.7 267.1
picture_000670 0.072 201.2 420.8 386.0 549.3
picture_000674 0.955 82.0 239.7 157.7 294.6
picture_000674 0.926 78.1 312.5 149.4 357.4
picture_000674 0.910 84.7 157.7 183.5 221.7
picture_000674 0.890 73.9 286.1 188.0 322.6
picture_000674 0.836 203.8 232.2 246.4 287.3
picture_000674 0.777 87.1 176.8 211.0 284.5
picture_000674 0.752 4.2 263.5 108.7 296.0
picture_000674 0.187 138.4 214.1 269.8 264.6
picture_000674 0.126 145.7 268.2 195.0 302.6
picture_000675 0.973 50.9 1.0 223.0 35.7
picture_000675 0.963 1.0 54.4 223.0 80.9
picture_000675 0.963 104.9 24.6 223.0 75.7
picture_000675 0.957 128.5 1.0 223.0 1.0
picture_000675 0.936 202.3 40.4 223.0 86.9
picture_000675 0.897 130.4 48.4 223.0 57.1
picture_000675 0.858 127.6 90.2 223.0 120.0
picture_000675 0.847 60.9 120.0 198.4 120.0
picture_000675 0.846 140.5 75.1 223.0 101.3
picture_000675 0.780 1.0 71.7 206.6 94.1
picture_000675 0.766 1.0 46.1 223.0 64.0
picture_000675 0.740 1.0 87.6 223.0 100.8
picture_000675 0.662 223.0 45.0 223.0 55.0
picture_000675 0.625 62.0 1.0 205.2 11.0
picture_000675 0.493 25.8 1.0 178.1 1.0
picture_000675 0.428 223.0 77.9 223.0 97.8
picture_000675 0.387 183.1 120.0 223.0 120.0
picture_000675 0.332 223.0 1.0 223.0 1.0
picture_000675 0.186 218.9 1.0 223.0 1.0
picture_000675 0.144 150.5 1.0 196.6 51.6
picture_000676 0.985 130.7 110.4 161.9 142.0
picture_000676 0.979 185.9 94.5 208.0 136.0
picture_000676 0.975 74.0 109.0 113.7 142.0
picture_000676 0.974 151.1 117.2 202.6 142.0
picture_000676 0.967 138.1 142.0 208.0 142.0
picture_000676 0.942 208.0 130.9 208.0 142.0
picture_000676 0.905 145.1 58.2 167.9 119.9
picture_000676 0.856 94.3 142.0 133.7 142.0
picture_000676 0.814 60.7 59.7 208.0 126.0
picture_000676 0.760 1.0 123.8 189.3 142.0
picture_000676 0.692 94.0 101.6 208.0 139.9
picture_000676 0.423 202.4 142.0 208.0 142.0
picture_000676 0.380 208.0 119.2 208.0 136.8
picture_000676 0.088 163.6 1.0 193.6 53.6
picture_000676 0.053 94.9 52.0 163.3 88.5
picture_000677 0.997 28.9 119.7 149.9 169.0
picture_000677 0.995 1.0 83.9 25.6 156.9
picture_000677 0.994 1.0 25.7 41.3 127.4
picture_000677 0.992 67.4 58.9 161.0 125.5
picture_000677 0.989 1.5 169.0 83.8 169.0
picture_000677 0.985 93.4 154.7 161.0 169.0
picture_000677 0.980 116.3 164.7 161.0 169.0
picture_000677 0.970 47.9 1.0 114.6 126.5
picture_000677 0.956 118.5 169.0 161.0 169.0
picture_000677 0.955 161.0 86.7 161.0 134.8
picture_000677 0.949 161.0 8.4 161.0 115.7
picture_000677 0.948 96.5 169.0 126.6 169.0
picture_000677 0.945 1.0 163.6 158.2 169.0
picture_000677 0.847 161.0 139.2 161.0 164.0
picture_000677 0.421 66.9 53.5 96.0 136.4
picture_000677 0.369 161.0 169.0 161.0 169.0
picture_000677 0.285 31.6 58.9 83.4 153.3
picture_000677 0.190 112.4 76.4 145.8 146.0
picture_000677 0.097 38.2 1.0 148.0 8.0
picture_000677 0.086 29.0 23.6 158.4 54.3
picture_000678 0.982 58.1 1.0 95.9 94.5
picture_000678 0.981 135.8 42.8 164.0 139.6
picture_000678 0.980 84.3 55.5 135.0 95.0
picture_000678 0.978 122.6 1.0 164.0 13.5
picture_000678 0.963 116.5 1.0 160.3 86.5
picture_000678 0.958 54.6 1.0 111.9 30.1
picture_000678 0.957 123.3 1.0 164.0 1.0
picture_000678 0.937 82.1 1.0 110.2 15.3
picture_000678 0.931 75.1 2.0 87.0 70.2
picture_000678 0.927 79.6 1.0 119.4 202.6
picture_000678 0.921 19.8 62.8 41.3 117.9
picture_000678 0.911 161.2 1.0 164.0 40.7
picture_000678 0.876 80.9 1.0 142.6 1.0
picture_000678 0.864 144.2 1.0 164.0 6.3
picture_000678 0.825 36.5 9.0 83.9 141.8
picture_000678 0.720 108.7 8.1 120.4 36.7
picture_000678 0.656 68.8 1.0 85.8 1.0
picture_000678 0.596 53.1 117.4 77.0 146.1
picture_000678 0.351 160.3 149.9 164.0 181.1
picture_000678 0.138 153.2 1.0 164.0 1.0
picture_000678 0.106 11.0 103.4 33.8 125.7
picture_000678 0.085 164.0 95.2 164.0 173.8
picture_000678 0.063 4.9 119.3 42.3 158.2
picture_000678 0.051 22.7 1.0 50.1 1.0
picture_000680 0.995 95.9 287.7 191.0 325.1
picture_000680 0.993 56.7 232.5 246.0 298.3
picture_000680 0.991 158.4 147.5 246.0 188.3
picture_000680 0.991 166.1 162.1 246.0 291.4
picture_000680 0.991 149.6 167.4 207.3 246.1
picture_000680 0.983 184.0 217.2 246.0 253.7
picture_000680 0.981 160.4 301.6 246.0 359.0
picture_000680 0.966 1.0 359.2 138.9 380.4
picture_000680 0.941 67.0 245.7 165.9 266.9
picture_000680 0.936 246.0 224.0 246.0 285.9
picture_000680 0.891 196.8 98.6 243.9 182.2
picture_000680 0.814 246.0 173.1 246.0 236.0
picture_000680 0.810 246.0 100.8 246.0 120.5
picture_000680 0.685 84.9 419.0 169.4 419.0
picture_000680 0.504 118.6 1.0 182.7 1.0
picture_000680 0.400 35.0 230.9 143.7 247.8
picture_000680 0.352 158.6 78.3 225.7 90.6
picture_000680 0.339 160.4 419.0 211.5 419.0
picture_000680 0.141 19.0 114.4 246.0 333.6
picture_000680 0.110 246.0 237.5 246.0 248.5
picture_000680 0.087 246.0 343.3 246.0 372.6
picture_000683 0.975 61.5 196.7 208.7 228.0
picture_000683 0.974 65.0 228.0 214.0 228.0
picture_000683 0.965 171.1 145.0 214.0 208.5
picture_000683 0.956 184.6 228.0 214.0 228.0
picture_000683 0.936 214.0 192.2 214.0 225.2
picture_000683 0.936 184.6 217.6 214.0 228.0
picture_000683 0.921 214.0 228.0 214.0 228.0
picture_000683 0.874 1.0 138.5 214.0 211.5
picture_000683 0.862 123.6 181.7 214.0 216.7
picture_000683 0.738 203.3 159.6 214.0 211.9
picture_000685 0.998 1.0 93.4 122.1 112.4
picture_000685 0.998 1.0 111.1 95.4 133.0
picture_000685 0.997 3.5 72.8 133.0 133.0
picture_000685 0.997 3.2 1.0 133.0 17.0
picture_000685 0.997 1.0 28.8 1.0 62.2
picture_000685 0.997 1.0 1.0 2.0 33.9
picture_000685 0.997 1.0 1.0 73.3 1.0
picture_000685 0.996 1.0 46.5 133.0 79.8
picture_000685 0.996 1.0 133.0 133.0 133.0
picture_000685 0.996 7.7 1.0 108.6 65.7
picture_000685 0.994 1.0 120.1 1.0 133.0
picture_000685 0.993 1.0 1.0 1.0 13.1
picture_000685 0.960 1.0 133.0 1.0 133.0
picture_000685 0.958 1.0 1.0 56.6 31.6
picture_000685 0.956 1.0 133.0 24.1 133.0
picture_000685 0.955 1.0 45.6 1.0 133.0
picture_000685 0.949 1.0 1.0 1.0 1.0
picture_000685 0.938 17.2 17.3 133.0 29.7
picture_000685 0.928 1.0 36.8 29.9 126.6
picture_000685 0.893 77.1 32.3 123.3 45.7
picture_000685 0.884 118.5 82.0 133.0 101.9
picture_000685 0.867 91.2 77.5 129.5 123.9
picture_000685 0.807 106.0 16.9 124.1 42.3
picture_000685 0.781 1.0 1.0 20.2 17.5
picture_000685 0.498 1.0 1.0 5.6 1.0
picture_000685 0.496 1.0 1.0 47.5 6.5
picture_000685 0.256 54.2 55.1 115.8 63.0
picture_000688 0.926 166.8 78.6 269.4 125.2
picture_000688 0.879 143.7 115.0 254.1 205.6
picture_000688 0.863 274.0 11.1 274.0 88.4
picture_000688 0.828 125.8 29.7 267.7 55.4
picture_000688 0.788 274.0 1.0 274.0 35.9
picture_000688 0.748 217.3 1.0 274.0 74.0
picture_000688 0.747 264.2 9.5 274.0 53.4
picture_000688 0.739 118.0 31.2 274.0 156.7
picture_000688 0.715 222.6 72.9 274.0 214.5
picture_000688 0.709 229.0 1.0 274.0 26.5
picture_000688 0.648 274.0 93.1 274.0 137.3
picture_000688 0.620 106.0 1.0 268.2 1.0
picture_000688 0.243 44.1 1.0 274.0 41.2
picture_000688 0.175 274.0 177.7 274.0 200.4
picture_000688 0.155 261.9 1.0 274.0 9.2
picture_000689 0.999 20.2 41.2 102.5 147.0
picture_000689 0.996 1.0 1.0 1.0 74.0
picture_000689 0.996 1.0 6.9 154.4 93.4
picture_000689 0.996 1.0 1.0 70.4 20.3
picture_000689 0.996 1.0 1.0 3.9 1.6
picture_000689 0.996 18.5 1.0 69.7 1.0
picture_000689 0.996 92.0 1.0 161.4 46.0
picture_000689 0.995 58.9 1.0 103.6 69.7
picture_000689 0.995 49.0 1.0 105.1 13.2
picture_000689 0.995 1.0 26.0 24.4 147.0
picture_000689 0.994 175.9 1.0 179.0 96.9
picture_000689 0.991 1.0 1.0 1.0 1.0
picture_000689 0.988 48.4 1.0 110.1 1.0
picture_000689 0.986 17.5 91.7 33.8 147.0
picture_000689 0.986 1.0 17.8 12.5 61.5
picture_000689 0.983 179.0 16.7 179.0 61.7
picture_000689 0.980 1.0 1.0 38.4 4.5
picture_000689 0.980 121.1 1.0 179.0 1.0
picture_000689 0.975 1.0 1.0 25.2 1.0
picture_000689 0.972 115.2 38.7 179.0 108.1
picture_000689 0.966 179.0 78.9 179.0 124.2
picture_000689 0.960 61.8 85.0 118.1 147.0
picture_000689 0.955 1.0 1.0 1.0 20.7
picture_000689 0.932 134.9 102.4 161.2 147.0
picture_000689 0.904 1.0 80.4 1.0 126.1
picture_000689 0.888 148.4 1.0 179.0 48.0
picture_000689 0.887 93.5 1.0 112.9 1.0
picture_000689 0.875 179.0 1.0 179.0 18.4
picture_000689 0.855 179.0 1.0 179.0 1.0
picture_000689 0.589 169.2 1.0 179.0 2.2
picture_000689 0.457 1.3 102.8 12.1 143.9
picture_000689 0.331 124.6 1.0 136.3 1.0
picture_000693 0.993 19.7 107.2 116.3 158.1
picture_000693 0.990 68.2 116.3 167.8 166.9
picture_000693 0.989 1.0 53.2 106.9 86.6
picture_000693 0.984 163.9 119.1 266.3 144.9
picture_000693 0.983 77.8 197.0 135.8 219.7
picture_000693 0.967 106.3 38.3 328.0 102.7
picture_000693 0.947 108.4 105.2 311.0 184.0
picture_000693 0.937 77.1 138.0 199.0 195.7
picture_000693 0.902 105.6 231.3 209.9 244.2
picture_000693 0.853 183.0 72.5 210.9 94.5
picture_000693 0.803 134.4 73.5 174.4 84.1
picture_000693 0.781 30.8 60.7 113.0 70.4
picture_000693 0.525 167.5 168.3 253.2 175.0
picture_000693 0.174 136.1 1.0 168.6 12.0
picture_000694 0.998 1.0 23.1 157.0 58.3
picture_000694 0.997 100.3 1.0 157.0 16.1
picture_000694 0.996 11.5 62.1 157.0 105.8
picture_000694 0.995 82.8 2.0 157.0 87.1
picture_000694 0.994 1.0 1.0 157.0 21.0
picture_000694 0.993 45.3 110.0 87.5 141.0
picture_000694 0.992 30.3 1.0 90.9 1.0
picture_000694 0.991 1.0 28.3 157.0 36.8
picture_000694 0.983 85.9 1.0 157.0 1.0
picture_000694 0.981 1.0 99.1 54.7 141.0
picture_000694 0.981 1.0 34.0 73.7 101.5
picture_000694 0.960 1.0 50.7 157.0 61.7
picture_000694 0.940 157.0 13.4 157.0 58.5
picture_000694 0.925 128.6 50.4 157.0 105.0
picture_000694 0.872 134.2 44.3 157.0 54.2
picture_000694 0.839 157.0 1.0 157.0 1.0
picture_000694 0.759 157.0 54.5 157.0 115.0
picture_000694 0.633 157.0 1.0 157.0 6.2
picture_000694 0.610 157.0 114.3 157.0 141.0
picture_000694 0.570 157.0 104.9 157.0 123.1
picture_000694 0.409 153.7 1.0 157.0 1.0
picture_000694 0.348 63.8 79.1 116.4 98.7
picture_000694 0.325 150.5 52.1 157.0 77.2
picture_000694 0.298 123.9 129.4 157.0 141.0
picture_000694 0.249 58.9 141.0 134.3 141.0
picture_000694 0.220 75.6 1.0 100.7 49.3
picture_000694 0.182 104.8 29.5 125.8 71.1
picture_000694 0.156 131.2 25.6 157.0 45.4
picture_000694 0.127 157.0 141.0 157.0 141.0
picture_000694 0.125 1.0 126.7 137.3 141.0
picture_000694 0.117 10.4 87.8 148.3 129.2
picture_000694 0.109 1.0 1.0 157.0 141.0
picture_000694 0.060 118.3 141.0 157.0 141.0
picture_000694 0.057 59.0 41.6 119.2 131.2
picture_000695 0.522 1.0 602.1 43.7 713.0
picture_000695 0.427 1.0 619.6 12.4 713.0
picture_000695 0.220 1.0 543.7 84.6 672.9
picture_000695 0.128 1.0 596.8 4.0 713.0
picture_000695 0.126 1.0 585.4 1.0 697.1
picture_000695 0.118 1.0 713.0 1.0 713.0
picture_000695 0.053 79.8 614.0 179.0 702.7
picture_000696 0.998 92.8 122.2 189.0 170.1
picture_000696 0.997 121.8 41.8 189.0 112.9
picture_000696 0.996 122.7 93.0 189.0 114.1
picture_000696 0.995 1.0 80.4 189.0 100.3
picture_000696 0.994 115.4 163.1 189.0 180.1
picture_000696 0.993 1.0 182.0 189.0 182.0
picture_000696 0.990 189.0 146.7 189.0 181.5
picture_000696 0.987 189.0 64.7 189.0 85.2
picture_000696 0.986 189.0 21.5 189.0 96.0
picture_000696 0.983 158.6 1.0 189.0 11.7
picture_000696 0.983 76.8 1.0 180.2 79.1
picture_000696 0.979 1.0 1.9 189.0 146.4
picture_000696 0.935 189.0 179.8 189.0 182.0
picture_000696 0.929 1.0 1.0 188.7 1.0
picture_000696 0.910 1.0 99.7 189.0 117.5
picture_000696 0.827 176.0 182.0 189.0 182.0
picture_000696 0.710 1.0 45.5 189.0 86.1
picture_000696 0.582 1.0 160.4 181.3 182.0
picture_000701 1.000 1.0 5.6 92.4 108.0
picture_000701 1.000 43.1 1.0 121.3 41.9
picture_000701 1.000 1.0 1.0 48.9 9.8
picture_000701 1.000 1.0 78.7 1.0 108.0
picture_000701 0.999 14.9 98.5 126.0 108.0
picture_000701 0.999 37.4 1.0 126.0 1.0
picture_000701 0.999 126.0 1.0 126.0 40.9
picture_000701 0.999 59.9 108.0 102.7 108.0
picture_000701 0.999 75.7 27.6 126.0 108.0
picture_000701 0.998 1.0 108.0 60.3 108.0
picture_000701 0.998 1.0 75.9 119.6 108.0
picture_000701 0.996 1.0 1.0 1.0 25.2
picture_000701 0.991 1.0 1.0 54.2 32.1
picture_000701 0.983 1.0 11.2 1.0 81.1
picture_000701 0.969 1.0 108.0 1.0 108.0
picture_000701 0.933 4.0 1.0 64.5 1.0
picture_000701 0.880 1.0 1.0 1.0 1.0
picture_000701 0.876 126.0 72.2 126.0 108.0
picture_000701 0.843 1.0 95.5 27.3 108.0
picture_000701 0.820 1.0 106.5 23.2 108.0
picture_000701 0.716 126.0 108.0 126.0 108.0
picture_000701 0.417 115.1 42.9 126.0 108.0
picture_000701 0.382 1.0 27.8 21.2 108.0
picture_000701 0.240 33.5 6.9 60.1 49.1
picture_000701 0.132 124.5 21.9 126.0 63.6
picture_000701 0.061 1.0 68.6 4.8 105.9
picture_000703 0.999 60.6 209.3 192.0 248.1
picture_000703 0.999 39.7 133.0 192.0 167.3
picture_000703 0.999 134.3 263.0 192.0 277.3
picture_000703 0.998 149.9 118.8 192.0 132.5
picture_000703 0.998 1.7 275.1 192.0 288.0
picture_000703 0.998 144.0 138.3 192.0 186.1
picture_000703 0.996 1.0 235.1 192.0 259.1
picture_000703 0.995 129.9 218.4 192.0 274.4
picture_000703 0.995 45.4 192.7 192.0 208.1
picture_000703 0.993 192.0 142.5 192.0 179.4
picture_000703 0.990 1.0 141.1 192.0 225.6
picture_000703 0.989 192.0 56.7 192.0 93.8
picture_000703 0.989 127.7 1.0 192.0 75.4
picture_000703 0.977 1.0 205.6 192.0 297.0
picture_000703 0.962 184.3 206.9 192.0 212.9
picture_000703 0.950 95.0 297.0 192.0 297.0
picture_000703 0.900 192.0 91.2 192.0 126.8
picture_000703 0.753 192.0 291.8 192.0 297.0
picture_000703 0.500 168.5 297.0 192.0 297.0
picture_000703 0.417 1.0 60.2 174.4 135.1
picture_000704 0.998 1.0 20.2 87.6 119.0
picture_000704 0.998 1.0 1.0 22.3 26.8
picture_000704 0.995 1.0 1.0 96.5 1.0
picture_000704 0.995 28.4 87.5 74.9 119.0
picture_000704 0.995 10.2 1.0 129.0 54.7
picture_000704 0.994 91.6 1.0 129.0 36.5
picture_000704 0.992 1.0 16.3 26.6 60.2
picture_000704 0.989 108.9 23.0 129.0 80.2
picture_000704 0.983 1.0 119.0 6.3 119.0
picture_000704 0.983 1.0 1.0 3.1 21.5
picture_000704 0.981 1.0 101.8 129.0 119.0
picture_000704 0.980 129.0 102.0 129.0 119.0
picture_000704 0.965 1.0 42.5 12.0 119.0
picture_000704 0.945 129.0 19.3 129.0 119.0
picture_000704 0.937 70.3 1.0 129.0 4.1
picture_000704 0.916 129.0 1.0 129.0 1.0
picture_000704 0.876 1.0 119.0 45.9 119.0
picture_000704 0.855 1.0 1.0 129.0 6.8
picture_000704 0.666 98.3 96.2 129.0 119.0
picture_000704 0.605 129.0 1.0 129.0 37.8
picture_000704 0.559 1.0 12.6 71.3 36.0
picture_000704 0.554 10.0 57.2 117.6 92.8
picture_000704 0.535 1.0 103.7 31.9 119.0
picture_000704 0.502 110.2 119.0 129.0 119.0
picture_000704 0.501 65.2 1.0 101.1 24.3
picture_000704 0.434 32.7 60.2 52.6 111.2
picture_000704 0.391 1.0 114.9 55.6 119.0
picture_000704 0.385 129.0 119.0 129.0 119.0
picture_000704 0.279 67.3 30.8 88.2 94.0
picture_000704 0.175 58.9 54.7 81.2 116.0
picture_000704 0.170 43.0 1.0 78.6 6.5
picture_000704 0.155 19.0 114.8 129.0 119.0
picture_000704 0.072 59.0 1.0 84.4 57.7
picture_000704 0.069 43.6 47.6 70.3 91.8
picture_000704 0.061 29.0 15.3 49.5 48.7
picture_000705 0.997 1.0 45.2 122.2 113.1
picture_000705 0.997 22.4 1.0 118.4 41.5
picture_000705 0.997 1.0 51.4 22.5 92.5
picture_000705 0.996 1.0 1.0 169.7 4.4
picture_000705 0.990 92.0 103.2 217.4 123.7
picture_000705 0.987 1.0 1.0 95.5 1.0
picture_000705 0.986 59.9 36.5 220.0 56.4
picture_000705 0.985 71.4 18.2 220.0 95.3
picture_000705 0.980 100.1 156.0 220.0 174.3
picture_000705 0.964 55.8 1.0 143.4 1.0
picture_000705 0.936 106.6 11.8 220.0 45.2
picture_000705 0.923 1.0 63.9 205.7 76.8
picture_000705 0.912 1.0 91.5 220.0 98.3
picture_000705 0.903 211.2 1.0 220.0 12.6
picture_000705 0.860 202.5 122.7 220.0 160.5
picture_000705 0.834 1.0 101.7 117.1 124.6
picture_000705 0.587 15.9 167.6 220.0 187.6
picture_000705 0.290 1.0 30.5 1.0 45.4
picture_000705 0.277 130.0 1.0 220.0 1.0
picture_000705 0.187 1.0 159.0 1.0 183.9
picture_000705 0.096 167.9 1.0 194.1 1.0
picture_000705 0.066 140.7 38.0 201.6 84.9
picture_000706 0.973 1.0 200.1 25.3 215.9
picture_000706 0.968 1.0 168.1 63.0 200.5
picture_000706 0.967 1.0 197.6 93.8 231.6
picture_000706 0.934 1.0 127.8 67.9 133.6
picture_000706 0.754 1.0 197.9 1.0 208.9
picture_000706 0.429 3.5 150.1 116.9 158.5
picture_000706 0.385 1.0 117.5 1.0 141.3
picture_000706 0.337 1.0 57.4 73.1 71.2
picture_000707 0.998 1.0 229.0 164.9 229.0
picture_000707 0.997 4.3 124.4 111.6 190.2
picture_000707 0.996 1.0 63.9 1.0 157.8
picture_000707 0.995 1.0 90.9 39.6 142.7
picture_000707 0.994 1.0 160.2 202.0 185.0
picture_000707 0.993 1.0 114.9 1.0 218.2
picture_000707 0.989 1.0 134.8 1.0 163.0
picture_000707 0.988 7.9 1.0 82.0 60.7
picture_000707 0.987 1.0 229.0 1.0 229.0
picture_000707 0.986 1.0 150.9 202.0 169.1
picture_000707 0.952 6.3 32.0 202.0 67.9
picture_000707 0.860 1.0 205.8 60.9 229.0
picture_000707 0.828 1.0 102.8 202.0 229.0
picture_000707 0.613 43.3 53.4 202.0 98.3
picture_000707 0.518 1.0 1.0 1.0 75.2
picture_000707 0.157 42.8 195.8 202.0 229.0
picture_000709 0.901 23.9 170.0 103.4 182.7
picture_000709 0.901 12.5 179.1 116.8 211.2
picture_000709 0.892 1.0 158.5 41.4 189.6
picture_000709 0.851 1.0 90.2 92.5 100.6
picture_000709 0.806 1.0 113.5 21.9 127.2
picture_000709 0.787 1.0 158.8 146.5 188.0
picture_000709 0.786 1.0 196.9 131.4 205.6
picture_000709 0.671 1.0 200.0 63.9 257.7
picture_000709 0.589 1.0 90.5 1.0 103.5
picture_000709 0.558 4.1 176.2 107.7 189.9
picture_000709 0.471 1.0 157.3 1.0 173.4
picture_000709 0.418 1.0 158.7 86.9 169.4
picture_000709 0.312 1.0 109.0 3.8 120.7
picture_000709 0.171 1.0 142.4 15.1 154.3
picture_000709 0.117 20.5 125.4 85.2 141.7
picture_000709 0.085 1.0 119.3 136.2 168.9
picture_000709 0.076 1.0 277.2 6.8 287.1
picture_000709 0.076 1.0 68.9 1.0 94.8
picture_000718 0.966 1.0 135.6 91.7 174.5
picture_000718 0.946 1.0 187.7 104.8 208.2
picture_000718 0.944 1.0 84.2 166.0 108.7
picture_000718 0.939 14.3 75.8 150.4 93.1
picture_000718 0.925 1.0 90.9 66.4 107.3
picture_000718 0.924 1.0 179.3 126.6 190.9
picture_000718 0.917 1.0 155.8 63.5 184.2
picture_000718 0.905 12.0 129.4 48.1 164.9
picture_000718 0.885 1.0 110.5 7.3 137.0
picture_000718 0.864 1.0 33.9 18.5 65.6
picture_000718 0.833 1.0 67.8 69.5 85.2
picture_000718 0.831 1.0 214.0 18.9 214.0
picture_000718 0.781 1.0 37.7 2.9 72.3
picture_000718 0.780 1.0 96.3 29.2 129.6
picture_000718 0.758 1.0 124.6 11.0 151.7
picture_000718 0.734 1.0 15.7 86.4 108.6
picture_000718 0.687 4.3 45.2 166.0 75.8
picture_000718 0.598 1.0 1.7 152.1 30.3
picture_000718 0.592 1.0 36.8 1.0 66.5
picture_000718 0.533 1.0 123.9 1.0 141.9
picture_000718 0.463 1.0 1.0 4.2 16.6
picture_000718 0.386 5.5 214.0 49.0 214.0
picture_000718 0.375 1.0 109.3 166.0 145.3
picture_000718 0.182 37.6 214.0 123.0 214.0
picture_000718 0.176 1.0 137.1 1.0 151.9
picture_000718 0.121 1.0 214.0 1.0 214.0
picture_000718 0.100 1.0 69.8 1.0 103.4
picture_000722 0.969 1.0 126.4 22.8 170.8
picture_000722 0.943 1.0 102.3 1.0 183.8
picture_000722 0.922 1.0 174.2 66.9 304.4
picture_000722 0.905 1.0 70.6 28.1 233.3
picture_000722 0.860 1.0 140.5 56.3 156.1
picture_000722 0.827 1.0 1.0 12.3 24.9
picture_000722 0.756 1.0 1.0 77.8 134.8
picture_000722 0.401 7.2 1.9 134.2 15.5
picture_000722 0.180 1.0 1.0 36.5 1.0
picture_000723 0.989 24.7 66.9 66.6 194.9
picture_000723 0.988 47.6 1.0 135.9 78.2
picture_000723 0.988 17.6 1.0 61.2 61.4
picture_000723 0.977 1.0 1.0 58.4 1.0
picture_000723 0.966 107.5 1.0 144.7 2.8
picture_000723 0.962 100.6 1.0 186.7 51.4
picture_000723 0.913 1.0 1.0 5.1 7.6
picture_000723 0.876 159.5 1.0 186.1 1.0
picture_000723 0.834 99.0 1.0 139.4 1.0
picture_000723 0.562 140.8 1.0 209.0 4.9
picture_000723 0.519 40.8 1.0 104.6 1.0
picture_000723 0.211 1.0 189.4 47.0 239.4
picture_000723 0.207 1.0 1.0 1.0 14.3
picture_000723 0.154 1.0 223.2 1.0 251.0
picture_000723 0.137 1.0 226.9 63.3 251.0
picture_000723 0.098 1.0 98.0 1.0 151.8
picture_000723 0.070 1.0 219.6 29.5 243.7
picture_000723 0.065 174.3 93.2 187.8 125.7
picture_000723 0.060 1.0 189.5 1.0 236.1
picture_000724 0.994 283.9 296.7 323.0 354.0
picture_000724 0.992 271.9 354.0 323.0 354.0
picture_000724 0.990 225.4 354.0 300.0 354.0
picture_000724 0.989 258.6 253.1 310.0 354.0
picture_000724 0.968 323.0 238.1 323.0 318.9
picture_000724 0.933 241.9 146.0 312.9 301.7
picture_000724 0.921 135.5 267.0 306.1 354.0
picture_000724 0.856 306.0 122.7 323.0 315.1
picture_000724 0.784 319.5 163.0 323.0 317.7
picture_000726 0.992 26.8 154.6 178.8 189.0
picture_000726 0.991 1.0 15.7 12.9 108.4
picture_000726 0.990 1.0 162.4 71.4 189.0
picture_000726 0.990 1.0 61.7 47.5 107.9
picture_000726 0.989 1.0 64.5 1.0 127.0
picture_000726 0.982 1.0 140.3 1.0 183.1
picture_000726 0.963 62.7 45.3 202.0 58.8
picture_000726 0.963 44.0 1.0 170.1 30.6
picture_000726 0.960 1.0 1.0 1.0 90.4
picture_000726 0.958 5.0 15.8 147.2 39.1
picture_000726 0.952 1.0 1.0 86.4 12.4
picture_000726 0.948 13.8 3.5 148.5 121.9
picture_000726 0.941 1.0 28.8 71.7 185.0
picture_000726 0.941 1.0 46.9 10.4 66.3
picture_000726 0.893 1.0 1.0 39.9 1.0
picture_000726 0.870 25.3 189.0 86.6 189.0
picture_000726 0.816 1.0 189.0 1.0 189.0
picture_000726 0.680 1.0 24.0 38.2 85.3
picture_000726 0.384 1.0 189.0 12.1 189.0
picture_000726 0.278 62.3 177.8 202.0 189.0
picture_000726 0.200 75.0 63.0 202.0 77.0
picture_000727 0.811 260.5 587.8 276.6 676.0
picture_000727 0.785 259.4 512.8 285.7 621.4
picture_000727 0.226 268.3 676.0 296.6 676.0
picture_000727 0.109 217.8 536.1 282.7 597.7
picture_000728 0.998 1.0 81.5 87.6 101.7
picture_000728 0.997 16.5 102.3 107.9 148.5
picture_000728 0.997 27.5 34.8 157.7 119.7
picture_000728 0.996 1.0 110.2 1.0 182.3
picture_000728 0.996 59.0 119.2 213.0 173.8
picture_000728 0.996 1.0 120.3 81.6 241.0
picture_000728 0.996 71.7 206.8 118.1 235.1
picture_000728 0.996 1.0 167.7 54.1 199.0
picture_000728 0.994 1.0 64.0 31.8 112.8
picture_000728 0.993 1.0 169.9 184.6 207.0
picture_000728 0.990 1.0 157.9 213.0 166.9
picture_000728 0.988 1.0 16.4 1.0 51.8
picture_000728 0.987 1.0 92.1 56.0 163.1
picture_000728 0.961 59.6 231.4 213.0 241.0
picture_000728 0.959 45.7 1.0 138.5 1.0
picture_000728 0.935 1.0 86.0 174.3 204.8
picture_000728 0.928 1.0 121.9 1.0 135.2
picture_000728 0.898 80.5 183.8 135.4 191.1
picture_000728 0.845 1.0 21.7 62.9 62.1
picture_000728 0.796 93.1 64.5 213.0 80.9
picture_000728 0.754 43.8 241.0 102.7 241.0
picture_000728 0.726 1.0 241.0 1.0 241.0
picture_000728 0.609 1.0 111.6 68.1 116.7
picture_000728 0.600 116.6 103.2 213.0 111.3
picture_000728 0.457 1.0 50.4 1.0 67.3
picture_000728 0.456 1.0 231.6 1.0 241.0
picture_000728 0.422 88.7 241.0 162.7 241.0
picture_000728 0.395 1.0 1.0 1.0 11.6
picture_000728 0.212 63.6 47.9 176.7 65.8
picture_000728 0.124 1.0 241.0 15.7 241.0
picture_000730 0.994 254.1 556.1 335.0 571.0
picture_000730 0.993 299.0 451.7 335.0 560.2
picture_000730 0.992 202.2 485.1 335.0 501.9
picture_000730 0.992 219.0 370.8 330.3 429.7
picture_000730 0.987 335.0 366.0 335.0 464.5
picture_000730 0.981 335.0 483.5 335.0 530.7
picture_000730 0.980 333.7 451.6 335.0 499.6
picture_000730 0.979 135.6 571.0 313.4 571.0
picture_000730 0.972 297.9 571.0 335.0 571.0
picture_000730 0.964 283.9 321.6 335.0 469.2
picture_000730 0.948 70.5 424.2 335.0 479.1
picture_000730 0.883 335.0 562.0 335.0 571.0
picture_000730 0.503 27.1 509.2 335.0 571.0
picture_000730 0.147 335.0 536.2 335.0 562.7
picture_000731 0.962 242.8 286.0 282.0 350.2
picture_000731 0.952 192.3 182.9 282.0 275.2
picture_000731 0.950 190.0 60.8 281.5 203.4
picture_000731 0.939 225.9 213.9 282.0 242.8
picture_000731 0.930 191.1 275.5 282.0 312.6
picture_000731 0.879 282.0 283.3 282.0 328.0
picture_000731 0.836 225.5 294.6 282.0 438.0
picture_000731 0.547 93.9 111.3 282.0 142.8
picture_000731 0.303 240.0 114.6 282.0 250.2
picture_000731 0.151 247.9 438.0 282.0 438.0
picture_000731 0.087 177.2 185.5 282.0 199.8
picture_000731 0.083 171.7 248.3 262.8 438.0
picture_000732 0.998 1.0 44.8 150.1 95.5
picture_000732 0.998 1.0 1.0 110.4 1.0
picture_000732 0.998 59.2 17.6 164.0 51.7
picture_000732 0.997 1.0 60.1 164.0 72.1
picture_000732 0.997 1.0 1.0 164.0 26.1
picture_000732 0.997 1.0 112.6 164.0 144.0
picture_000732 0.996 42.4 23.4 113.5 42.3
picture_000732 0.996 1.0 144.0 99.2 144.0
picture_000732 0.994 87.3 1.0 164.0 1.0
picture_000732 0.994 1.0 2.5 15.4 58.4
picture_000732 0.992 1.0 72.4 97.5 110.3
picture_000732 0.992 93.2 94.8 164.0 132.8
picture_000732 0.990 1.0 137.4 44.5 144.0
picture_000732 0.989 1.0 40.3 164.0 59.2
picture_000732 0.983 90.4 144.0 164.0 144.0
picture_000732 0.979 1.0 1.0 1.0 4.9
picture_000732 0.970 1.0 111.9 1.0 124.0
picture_000732 0.951 122.8 1.0 164.0 5.3
picture_000732 0.896 133.9 23.4 164.0 58.4
picture_000732 0.896 1.0 26.9 1.0 32.4
picture_000732 0.879 1.0 55.5 1.0 74.7
picture_000732 0.854 3.8 31.1 42.1 37.6
picture_000732 0.801 1.0 1.0 28.6 13.2
picture_000732 0.795 1.0 1.0 1.0 1.0
picture_000732 0.771 1.0 139.2 1.0 144.0
picture_000732 0.342 114.9 1.0 164.0 19.4
picture_000732 0.240 1.0 144.0 1.0 144.0
picture_000732 0.086 121.8 91.3 164.0 110.3
picture_000732 0.072 1.0 19.9 1.0 54.6
picture_000732 0.054 47.0 1.0 125.2 6.7
picture_000733 0.998 33.6 9.0 83.1 65.2
picture_000733 0.997 1.0 1.0 114.2 1.0
picture_000733 0.997 1.0 1.0 1.0 1.0
picture_000733 0.997 5.0 1.0 68.2 138.5
picture_000733 0.997 58.0 14.8 164.7 69.3
picture_000733 0.995 1.0 50.5 18.1 121.7
picture_000733 0.989 179.9 1.0 195.5 38.9
picture_000733 0.987 1.0 74.9 43.9 192.1
picture_000733 0.982 140.6 59.5 213.0 90.1
picture_000733 0.980 1.0 1.0 11.3 1.0
picture_000733 0.970 1.0 1.0 12.2 25.4
picture_000733 0.965 123.2 1.0 185.7 86.6
picture_000733 0.936 148.2 1.0 182.6 1.0
picture_000733 0.934 96.7 1.0 187.0 4.2
picture_000733 0.862 213.0 48.3 213.0 83.0
picture_000733 0.748 24.3 77.0 74.0 203.0
picture_000733 0.656 59.6 103.9 70.1 155.9
picture_000733 0.562 2.8 1.0 213.0 110.8
picture_000733 0.238 213.0 1.0 213.0 5.9
picture_000733 0.133 199.1 125.5 213.0 182.5
picture_000733 0.065 165.8 89.8 213.0 123.4
picture_000738 0.996 117.1 361.4 173.0 415.0
picture_000738 0.995 37.1 326.4 86.6 415.0
picture_000738 0.995 55.4 177.7 157.6 360.4
picture_000738 0.994 5.4 380.0 138.0 415.0
picture_000738 0.992 126.9 376.9 259.7 415.0
picture_000738 0.992 1.0 289.1 85.7 370.4
picture_000738 0.992 1.0 295.5 1.0 371.7
picture_000738 0.990 67.4 320.3 134.0 389.3
picture_000738 0.989 94.2 265.0 206.2 392.3
picture_000738 0.987 38.7 343.9 287.1 415.0
picture_000738 0.986 141.8 257.5 166.5 346.9
picture_000738 0.984 213.4 415.0 267.0 415.0
picture_000738 0.982 1.0 415.0 25.5 415.0
picture_000738 0.967 99.1 415.0 156.1 415.0
picture_000738 0.846 290.0 412.7 290.0 415.0
picture_000738 0.606 225.3 304.2 234.2 350.2
picture_000738 0.575 1.0 415.0 103.5 415.0
picture_000738 0.549 1.0 166.3 253.1 415.0
picture_000738 0.305 84.8 380.4 100.9 415.0
picture_000738 0.231 176.9 415.0 233.1 415.0
picture_000738 0.149 62.6 400.5 241.0 415.0
picture_000738 0.141 290.0 305.4 290.0 358.1
picture_000738 0.138 134.8 415.0 182.3 415.0
picture_000738 0.121 1.0 201.7 1.0 332.3
picture_000738 0.119 253.6 155.3 290.0 341.3
picture_000738 0.117 247.6 415.0 285.1 415.0
picture_000738 0.052 211.4 407.7 290.0 415.0
picture_000740 0.994 141.4 228.1 268.4 282.3
picture_000740 0.992 260.5 197.0 305.0 243.5
picture_000740 0.987 305.0 163.7 305.0 234.1
picture_000740 0.987 264.2 113.4 305.0 155.0
picture_000740 0.986 138.6 185.6 290.2 207.5
picture_000740 0.982 249.8 234.3 305.0 258.3
picture_000740 0.966 87.4 239.5 281.6 254.9
picture_000740 0.962 14.5 152.9 293.9 236.1
picture_000740 0.954 305.0 120.0 305.0 150.2
picture_000740 0.191 167.8 354.7 282.4 371.7
picture_000740 0.051 54.1 1.0 294.8 1.0
picture_000741 0.995 104.3 63.4 202.3 95.9
picture_000741 0.994 99.7 7.4 267.3 25.3
picture_000741 0.989 129.0 86.5 268.0 131.7
picture_000741 0.989 182.7 25.8 233.6 75.3
picture_000741 0.987 139.3 110.5 197.5 131.4
picture_000741 0.981 1.0 54.5 175.9 94.8
picture_000741 0.974 16.9 115.3 177.0 128.6
picture_000741 0.972 37.2 48.6 118.8 59.3
picture_000741 0.967 64.4 99.7 106.5 135.8
picture_000741 0.950 1.0 1.0 169.3 1.9
picture_000741 0.944 1.0 1.0 33.1 20.1
picture_000741 0.929 107.0 1.0 226.3 1.0
picture_000741 0.869 113.9 57.1 171.6 62.5
picture_000741 0.817 42.1 1.0 82.3 1.0
picture_000741 0.363 59.6 42.4 124.2 45.9
picture_000742 0.991 1.0 3.4 198.2 29.0
picture_000742 0.990 11.5 78.1 94.1 100.9
picture_000742 0.983 1.0 64.7 18.4 98.6
picture_000742 0.977 1.0 23.0 50.0 41.6
picture_000742 0.976 1.0 1.0 25.2 1.0
picture_000742 0.966 17.7 95.1 189.2 114.4
picture_000742 0.956 1.0 139.5 190.4 156.4
picture_000742 0.956 1.0 69.8 67.6 136.3
picture_000742 0.941 1.0 1.0 136.9 1.0
picture_000742 0.906 1.0 85.4 161.9 151.4
picture_000742 0.825 33.6 47.3 209.0 67.3
picture_000742 0.733 1.0 1.0 59.4 61.5
picture_000742 0.718 1.0 162.0 11.0 162.0
picture_000742 0.688 1.0 142.0 1.0 158.6
picture_000742 0.664 1.0 1.0 1.0 12.6
picture_000742 0.529 1.0 1.0 20.1 11.8
picture_000742 0.511 1.0 113.5 12.6 120.4
picture_000742 0.353 1.0 44.9 1.0 60.6
picture_000742 0.352 32.7 126.2 123.0 129.7
picture_000742 0.267 16.2 16.6 134.8 33.7
picture_000742 0.066 1.0 1.0 1.0 1.0
picture_000742 0.059 1.0 162.0 1.0 162.0
picture_000743 0.995 149.7 192.8 267.1 256.3
picture_000743 0.995 101.7 139.4 204.6 211.5
picture_000743 0.993 121.7 212.0 237.7 236.3
picture_000743 0.991 160.9 74.5 270.4 119.3
picture_000743 0.990 74.0 128.0 113.6 178.9
picture_000743 0.990 175.3 155.1 308.0 235.0
picture_000743 0.989 1.0 146.8 124.4 193.7
picture_000743 0.988 101.5 221.6 150.1 284.9
picture_000743 0.988 205.5 147.4 263.8 189.0
picture_000743 0.987 45.9 154.8 110.5 247.7
picture_000743 0.986 112.4 217.2 227.2 316.3
picture_000743 0.985 78.6 98.1 193.8 121.8
picture_000743 0.974 113.3 215.3 160.1 238.8
picture_000743 0.957 167.3 79.3 224.5 94.9
picture_000743 0.933 183.8 228.5 308.0 322.0
picture_000743 0.860 1.0 21.2 276.4 143.0
picture_000743 0.602 113.0 58.1 149.5 73.6
picture_000743 0.282 89.1 322.0 159.6 322.0
picture_000743 0.173 1.0 147.7 6.7 161.7
picture_000743 0.143 1.0 1.0 48.3 1.0
picture_000743 0.124 145.0 25.3 222.8 31.9
picture_000743 0.091 19.8 322.0 72.5 322.0
picture_000743 0.071 94.2 142.1 136.3 156.2
picture_000743 0.052 126.1 199.4 190.0 206.2
picture_000744 0.988 1.0 96.8 112.6 137.2
picture_000744 0.987 78.6 115.5 139.0 143.6
picture_000744 0.982 2.4 150.9 139.0 176.9
picture_000744 0.979 1.0 53.6 139.0 97.6
picture_000744 0.978 1.0 171.9 139.0 190.1
picture_000744 0.975 13.9 81.8 79.8 109.8
picture_000744 0.965 1.0 72.9 1.0 132.7
picture_000744 0.963 59.4 186.7 129.7 201.9
picture_000744 0.961 1.0 180.1 92.7 212.5
picture_000744 0.957 1.0 158.3 1.0 195.3
picture_000744 0.949 1.0 125.0 139.0 159.4
picture_000744 0.936 1.0 217.0 139.0 232.0
picture_000744 0.898 1.0 70.5 131.0 81.0
picture_000744 0.896 59.5 230.6 126.8 232.0
picture_000744 0.844 1.0 108.1 17.9 122.2
picture_000744 0.834 1.0 9.7 64.3 21.9
picture_000744 0.761 1.0 13.4 1.0 99.1
picture_000744 0.630 1.8 203.9 33.5 218.8
picture_000744 0.616 1.0 51.7 18.3 74.7
picture_000744 0.601 1.0 59.0 47.7 105.6
picture_000744 0.567 1.0 32.9 87.9 49.1
picture_000744 0.548 54.0 54.4 123.2 65.0
picture_000744 0.525 14.6 11.9 53.4 73.1
picture_000744 0.460 1.0 125.6 1.0 144.2
picture_000744 0.426 1.0 231.9 1.0 232.0
picture_000744 0.423 1.0 182.6 1.0 221.1
picture_000744 0.319 1.0 207.6 1.0 231.6
picture_000744 0.278 11.6 156.2 38.9 205.4
picture_000744 0.261 17.5 139.1 58.6 174.4
picture_000744 0.212 122.4 202.3 139.0 227.3
picture_000744 0.207 1.0 231.9 85.6 232.0
picture_000744 0.197 1.0 1.0 1.0 30.0
picture_000744 0.176 94.9 232.0 139.0 232.0
picture_000744 0.171 1.0 223.9 12.0 232.0
picture_000744 0.157 10.8 93.7 42.4 144.2
picture_000744 0.119 101.4 165.5 139.0 210.5
picture_000744 0.094 68.3 78.6 139.0 97.3
picture_000744 0.093 1.0 52.0 3.0 76.3
picture_000744 0.081 27.7 114.2 63.1 158.6
picture_000928 0.128 76.1 57.3 194.3 169.3
picture_000928 0.102 117.0 174.1 229.0 198.0
picture_000928 0.073 1.0 145.8 229.0 198.0
picture_000928 0.069 57.7 198.0 229.0 198.0
picture_000934 0.051 1.0 1.0 203.8 14.9
picture_000943 0.113 51.8 53.8 230.5 158.4
picture_000943 0.063 30.5 41.4 70.2 139.3
picture_000952 0.396 192.8 88.9 260.8 134.4
picture_000952 0.365 206.4 46.4 286.0 124.0
picture_000952 0.196 237.0 112.2 259.7 149.5
picture_000955 0.055 10.3 1.0 177.4 42.2
picture_000961 0.170 20.8 211.0 129.8 211.0
picture_000961 0.157 153.1 211.0 281.7 211.0
picture_000961 0.075 1.0 211.0 1.0 211.0
picture_000961 0.070 1.0 211.0 16.0 211.0
picture_000961 0.056 26.3 211.0 54.5 211.0
picture_000961 0.056 1.0 182.2 34.5 211.0
picture_000963 0.082 1.0 62.7 37.1 131.9
picture_000963 0.065 1.0 102.0 20.6 184.2
picture_000963 0.053 1.0 28.2 71.1 97.4
picture_000974 0.138 41.5 23.6 171.4 79.0
picture_000974 0.112 40.9 61.3 142.0 127.1
picture_000974 0.070 36.0 133.6 137.7 181.4
picture_000974 0.053 284.0 57.0 284.0 97.9
picture_000986 0.092 12.8 47.8 149.6 96.0
picture_001006 0.079 1.0 183.1 216.0 219.0
picture_001006 0.051 94.5 160.5 171.4 201.0
picture_001027 0.154 61.7 161.7 257.2 229.0
picture_001027 0.132 126.5 129.5 234.7 187.7
picture_001027 0.120 22.5 79.2 277.2 183.6
picture_001027 0.075 7.5 122.5 39.8 195.7
picture_001027 0.064 59.3 229.0 130.1 229.0
picture_001027 0.055 4.9 162.1 73.0 229.0
picture_001050 0.524 26.6 276.7 93.9 323.8
picture_001050 0.444 66.3 278.0 173.1 345.6
picture_001050 0.349 152.0 284.3 237.3 330.2
picture_001050 0.136 109.4 334.5 150.2 359.0
picture_001050 0.091 112.2 301.6 149.7 337.8
picture_001050 0.078 60.7 322.0 147.0 359.0
picture_001050 0.065 59.2 302.7 130.1 327.0
picture_001061 0.072 3.9 162.4 66.9 295.6
picture_001065 0.054 1.0 58.5 48.0 92.3
picture_001068 0.071 152.8 1.0 228.0 19.0
picture_001069 0.063 270.9 22.6 276.0 46.4
picture_001096 0.598 95.5 1.0 185.3 49.2
picture_001096 0.270 86.4 49.4 152.4 114.1
picture_001106 0.680 72.0 285.4 112.1 302.8
picture_001106 0.248 77.7 312.4 141.9 317.0
picture_001106 0.229 11.0 284.2 68.5 301.8
picture_001106 0.204 58.7 301.9 124.2 317.0
picture_001106 0.135 14.7 305.8 62.5 317.0
picture_001106 0.067 22.4 298.7 95.8 313.8
picture_001119 0.292 133.6 137.8 228.0 172.7
picture_001119 0.223 228.0 158.9 228.0 194.3
picture_001119 0.190 83.6 210.0 202.8 210.0
picture_001119 0.177 32.5 78.7 118.4 117.1
picture_001119 0.154 131.7 173.8 198.0 210.0
picture_001119 0.130 228.0 200.2 228.0 210.0
picture_001119 0.120 171.3 95.9 215.8 152.7
picture_001119 0.114 217.6 150.4 228.0 193.6
picture_001119 0.089 180.9 200.1 215.3 210.0
picture_001119 0.072 207.7 210.0 228.0 210.0
picture_001119 0.068 183.8 184.6 228.0 210.0
picture_001119 0.056 228.0 210.0 228.0 210.0
picture_001119 0.056 225.9 207.2 228.0 210.0
picture_001123 0.228 57.4 232.6 116.0 237.0
picture_001123 0.139 61.4 236.2 134.1 237.0
picture_001152 0.142 140.3 1.0 229.8 1.0
picture_001152 0.120 145.4 101.0 251.0 119.8
picture_001152 0.116 168.6 1.0 251.0 5.4
picture_001152 0.103 251.0 1.0 251.0 14.9
picture_001152 0.101 251.0 129.1 251.0 188.0
picture_001152 0.078 173.8 176.9 251.0 188.0
picture_001152 0.074 172.5 188.0 251.0 188.0
picture_001152 0.072 251.0 181.6 251.0 188.0
picture_001152 0.071 1.0 1.0 146.3 1.0
picture_001152 0.056 251.0 59.7 251.0 94.4
picture_001152 0.054 1.0 82.4 144.1 126.1
picture_001152 0.053 251.0 1.0 251.0 1.0
picture_001152 0.051 116.4 188.0 198.6 188.0
picture_001157 0.099 79.0 79.9 117.3 112.3
picture_001157 0.089 73.4 134.8 128.3 188.0
picture_001157 0.060 1.0 49.1 55.9 71.3
picture_001164 0.739 106.6 132.1 159.5 184.8
picture_001164 0.526 110.5 79.1 196.0 147.4
picture_001164 0.470 158.5 149.7 196.0 192.0
picture_001164 0.449 168.4 1.0 196.0 62.2
picture_001164 0.373 1.0 1.0 196.0 1.0
picture_001164 0.297 70.2 37.7 133.4 65.4
picture_001164 0.272 79.0 145.6 196.0 162.0
picture_001164 0.251 80.5 192.0 127.1 192.0
picture_001164 0.232 146.2 135.9 169.5 191.6
picture_001164 0.146 34.5 111.6 196.0 192.0
picture_001164 0.112 1.0 1.7 110.5 33.7
picture_001164 0.058 196.0 118.0 196.0 147.5
picture_001168 0.214 149.2 150.0 229.4 251.1
picture_001168 0.105 194.5 132.1 259.0 260.8
picture_001168 0.093 217.2 193.3 280.0 266.2
picture_001168 0.070 1.0 212.7 173.0 269.5
picture_001168 0.065 60.1 187.5 98.2 261.9
picture_001168 0.050 280.0 178.6 280.0 242.3
picture_001177 0.085 100.8 238.6 204.2 381.8
picture_001198 0.055 137.5 319.7 188.9 387.8
picture_001201 0.054 42.7 1.0 198.9 22.6
picture_001203 0.971 1.0 144.2 1.0 219.7
picture_001203 0.970 1.0 111.0 45.2 202.9
picture_001203 0.945 21.1 115.6 83.1 200.8
picture_001203 0.921 1.0 100.7 19.1 153.0
picture_001203 0.910 74.0 129.9 130.4 176.3
picture_001203 0.859 1.0 127.1 4.2 228.0
picture_001203 0.733 1.0 70.2 1.0 173.3
picture_001203 0.719 60.5 116.5 107.0 156.3
picture_001203 0.483 67.1 176.0 171.0 228.0
picture_001203 0.397 50.6 88.7 74.3 156.6
picture_001203 0.177 11.7 79.4 29.8 155.5
picture_001203 0.169 45.9 163.1 72.6 204.1
picture_001203 0.154 22.3 110.5 53.0 166.8
picture_001203 0.098 3.6 194.6 58.6 228.0
picture_001228 0.092 10.0 228.1 160.6 334.0
picture_001240 0.084 1.0 153.3 75.7 415.1
picture_001240 0.075 235.8 169.6 294.0 431.4
picture_001294 0.169 269.3 99.3 295.0 195.2
picture_001294 0.117 217.5 121.3 295.0 208.4
picture_001294 0.082 223.4 207.1 295.0 234.0
picture_001294 0.054 295.0 171.5 295.0 221.6
picture_001294 0.050 279.9 170.7 295.0 232.1
picture_001299 0.173 146.8 414.8 319.3 499.8
picture_001299 0.115 221.8 388.0 287.5 445.1
picture_001299 0.092 145.6 357.0 478.0 458.4
picture_001299 0.085 357.7 394.1 478.0 450.4
picture_001299 0.053 128.4 522.0 279.2 522.0
picture_001299 0.052 192.0 520.7 458.8 522.0
picture_001314 0.113 287.8 106.0 314.0 346.8
picture_001314 0.054 314.0 224.1 314.0 352.6
picture_001332 0.052 103.6 411.1 237.9 434.0
picture_001338 0.075 118.6 395.3 200.3 494.5
picture_001405 0.066 116.6 50.9 256.8 159.3
picture_001405 0.052 92.4 92.1 198.7 219.2
picture_001414 0.052 1.0 89.8 9.2 160.4
picture_001420 0.076 43.5 4.3 338.9 55.1
picture_001420 0.067 215.8 154.4 296.5 221.2
picture_001420 0.061 252.4 71.7 334.8 140.5
