picture_000033 0.073 1.0 1.0 1.0 24.7
picture_000044 0.972 40.5 653.8 75.3 718.0
picture_000044 0.936 1.0 535.6 26.4 659.3
picture_000044 0.908 1.0 600.2 14.3 678.8
picture_000044 0.893 4.5 684.0 67.7 718.0
picture_000044 0.891 16.2 642.3 124.7 718.0
picture_000044 0.890 56.0 597.3 136.9 692.3
picture_000044 0.718 15.5 657.5 26.4 714.6
picture_000044 0.708 109.5 608.7 171.2 694.2
picture_000044 0.611 36.3 718.0 69.1 718.0
picture_000044 0.478 1.0 624.2 1.0 682.5
picture_000044 0.165 1.0 718.0 1.0 718.0
picture_000045 0.997 13.0 1.0 80.6 88.7
picture_000045 0.991 78.2 112.1 112.7 147.6
picture_000045 0.983 78.4 1.0 121.8 56.0
picture_000045 0.980 51.8 78.8 100.2 164.0
picture_000045 0.979 42.8 122.4 56.1 142.9
picture_000045 0.954 1.0 1.0 1.0 40.6
picture_000045 0.737 11.7 1.0 156.1 164.0
picture_000045 0.629 1.0 1.0 1.0 1.0
picture_000045 0.485 131.9 156.2 140.6 164.0
picture_000045 0.466 34.1 164.0 49.8 164.0
picture_000045 0.159 39.0 73.2 57.5 83.7
picture_000045 0.158 108.6 1.0 116.1 1.0
picture_000045 0.151 1.0 30.4 5.1 44.4
picture_000045 0.110 55.8 1.0 77.7 1.0
picture_000045 0.108 1.0 164.0 12.2 164.0
picture_000046 0.996 1.0 105.4 9.7 150.9
picture_000046 0.990 1.0 68.9 1.0 146.6
picture_000046 0.989 20.0 106.6 72.9 150.5
picture_000046 0.988 1.0 150.8 86.1 163.0
picture_000046 0.982 1.0 60.1 92.8 150.2
picture_000046 0.893 1.0 163.0 1.0 163.0
picture_000046 0.879 26.4 163.0 71.7 163.0
picture_000046 0.673 1.0 160.1 1.0 163.0
picture_000047 0.995 70.7 26.4 136.2 323.0
picture_000047 0.993 67.9 218.1 82.9 323.0
picture_000047 0.988 141.1 262.4 167.8 323.0
picture_000047 0.987 23.5 29.1 73.1 323.0
picture_000047 0.987 86.0 315.7 114.4 323.0
picture_000047 0.976 135.7 92.9 159.8 277.9
picture_000047 0.975 1.0 186.5 1.0 318.7
picture_000047 0.935 1.0 58.8 42.0 291.3
picture_000047 0.933 185.3 152.3 203.0 275.6
picture_000047 0.925 105.0 39.0 171.0 289.6
picture_000047 0.814 64.2 92.1 94.8 252.9
picture_000047 0.735 1.0 323.0 1.0 323.0
picture_000047 0.508 117.6 167.0 131.1 274.6
picture_000047 0.500 134.4 297.4 147.2 323.0
picture_000047 0.146 203.0 109.1 203.0 264.5
picture_000047 0.084 203.0 270.0 203.0 319.4
picture_000047 0.073 69.5 323.0 83.1 323.0
picture_000047 0.054 1.0 99.8 13.6 258.9
picture_000049 0.997 1.0 140.5 16.9 177.3
picture_000049 0.996 1.0 187.0 43.1 187.0
picture_000049 0.993 1.0 145.6 73.9 178.3
picture_000049 0.989 30.3 147.4 143.0 182.6
picture_000049 0.989 1.0 102.0 47.0 169.8
picture_000049 0.979 1.0 121.3 1.0 171.4
picture_000049 0.979 54.0 182.5 109.2 187.0
picture_000049 0.967 1.0 165.7 1.0 183.3
picture_000049 0.946 1.0 184.3 1.0 187.0
picture_000049 0.923 32.4 53.8 79.3 187.0
picture_000049 0.921 1.0 187.0 1.0 187.0
picture_000049 0.594 10.9 99.2 143.0 168.9
picture_000049 0.453 31.1 187.0 98.0 187.0
picture_000058 0.061 1.0 59.1 110.8 166.1
picture_000061 0.059 1.0 80.2 21.5 142.6
picture_000079 0.060 1.0 1.0 115.9 1.0
picture_000079 0.054 1.0 1.0 26.0 1.0
picture_000147 0.094 221.5 23.0 262.9 233.1
picture_000156 0.055 27.3 143.1 99.5 199.4
picture_000168 0.057 1.0 1.0 1.4 47.0
picture_000170 0.999 1.0 511.3 36.1 709.8
picture_000170 0.998 1.0 559.3 15.0 689.8
picture_000170 0.998 1.0 547.3 1.0 614.4
picture_000170 0.992 16.7 591.2 51.9 655.0
picture_000170 0.980 1.0 429.9 1.0 531.9
picture_000170 0.948 1.0 603.2 16.1 638.9
picture_000170 0.922 16.8 417.8 58.5 541.2
picture_000170 0.516 1.0 451.2 1.0 474.9
picture_000184 0.355 1.0 113.6 165.5 117.0
picture_000184 0.260 1.0 99.4 202.0 117.0
picture_000184 0.189 1.0 117.0 37.0 117.0
picture_000184 0.109 81.5 117.0 202.0 117.0
picture_000184 0.074 52.6 112.2 80.1 117.0
picture_000184 0.058 16.8 117.0 123.7 117.0
picture_000184 0.057 1.0 110.6 1.0 117.0
picture_000228 0.059 263.8 529.8 356.9 606.1
picture_000242 0.068 36.1 113.8 148.2 156.2
picture_000280 0.051 306.8 24.0 321.5 69.7
picture_000361 0.199 109.4 104.1 160.0 192.0
picture_000361 0.112 41.7 140.4 157.0 174.3
picture_000361 0.090 118.8 85.5 157.7 135.9
picture_000443 0.086 329.0 449.7 419.7 548.0
picture_000497 0.976 87.4 1.0 122.4 53.9
picture_000497 0.967 85.9 43.9 132.7 139.4
picture_000497 0.967 111.8 1.0 160.0 82.8
picture_000497 0.930 110.0 1.0 125.0 7.3
picture_000497 0.816 43.0 1.0 76.8 32.3
picture_000497 0.780 1.0 1.0 118.7 117.6
picture_000497 0.706 102.4 57.9 173.0 187.5
picture_000497 0.683 107.4 1.0 151.4 11.3
picture_000497 0.634 48.2 67.9 73.2 86.5
picture_000497 0.601 134.2 1.0 148.5 50.9
picture_000497 0.389 161.4 1.0 169.8 25.3
picture_000497 0.089 136.3 1.0 152.7 1.0
picture_000497 0.058 144.5 181.8 152.4 207.8
picture_000499 0.998 73.2 35.4 128.5 143.1
picture_000499 0.995 144.7 131.4 197.7 213.4
picture_000499 0.994 124.3 34.0 229.0 107.6
picture_000499 0.993 155.8 91.2 185.2 124.0
picture_000499 0.993 4.6 72.0 151.4 129.0
picture_000499 0.984 163.2 136.4 184.9 169.7
picture_000499 0.896 198.5 101.8 227.6 117.7
picture_000499 0.604 86.9 209.8 104.5 224.7
picture_000499 0.224 1.0 1.0 245.0 278.9
picture_000499 0.090 1.3 1.0 43.4 1.0
picture_000499 0.065 49.0 10.8 93.8 17.3
picture_000500 0.999 185.2 450.5 215.8 524.8
picture_000500 0.999 95.0 451.3 116.0 516.2
picture_000500 0.997 148.9 356.2 179.9 465.1
picture_000500 0.997 134.2 441.8 190.0 488.7
picture_000500 0.996 107.6 411.1 151.5 483.1
picture_000500 0.995 103.3 322.8 140.1 397.2
picture_000500 0.992 135.3 512.8 195.2 542.4
picture_000500 0.989 214.4 368.7 240.8 451.1
picture_000500 0.948 232.9 443.2 244.0 486.2
picture_000500 0.892 178.9 219.1 204.8 380.6
picture_000500 0.369 138.1 433.2 149.0 450.7
picture_000501 1.000 207.7 297.1 261.6 381.4
picture_000501 0.999 267.9 211.8 300.1 340.0
picture_000501 0.999 47.0 219.8 64.9 426.6
picture_000501 0.999 211.4 257.1 232.2 324.4
picture_000501 0.998 227.3 247.1 336.5 435.0
picture_000501 0.996 126.3 249.4 282.4 435.0
picture_000501 0.994 112.1 219.8 220.9 314.0
picture_000501 0.951 156.7 50.1 256.5 348.2
picture_000501 0.789 6.8 136.8 344.7 435.0
picture_000501 0.518 186.2 44.9 216.7 217.1
picture_000501 0.421 179.3 315.5 187.7 351.0
picture_000501 0.128 255.1 255.4 275.8 312.3
picture_000501 0.062 43.2 262.7 52.2 317.1
picture_000503 0.993 33.1 155.3 84.2 312.8
picture_000503 0.992 61.0 181.7 94.7 260.6
picture_000503 0.992 59.3 50.9 98.1 202.4
picture_000503 0.989 19.8 144.9 84.3 174.8
picture_000503 0.987 4.1 142.3 26.7 249.5
picture_000503 0.976 26.6 121.8 130.9 212.9
picture_000503 0.971 45.3 120.8 55.9 196.2
picture_000503 0.959 47.3 186.6 55.8 301.4
picture_000503 0.942 23.5 1.0 47.1 136.2
picture_000503 0.925 55.4 4.4 81.5 84.0
picture_000503 0.652 81.9 96.9 89.6 171.2
picture_000503 0.273 87.5 6.4 113.0 59.7
picture_000504 0.998 74.1 101.5 134.5 155.1
picture_000504 0.997 1.0 6.3 96.1 78.1
picture_000504 0.996 101.6 19.4 167.0 112.3
picture_000504 0.995 62.9 18.8 167.0 49.3
picture_000504 0.988 68.2 1.0 135.4 1.0
picture_000504 0.987 131.4 56.8 167.0 99.4
picture_000504 0.985 144.7 1.0 167.0 80.0
picture_000504 0.959 121.6 34.5 153.9 58.0
picture_000504 0.876 109.2 161.0 137.8 161.0
picture_000504 0.876 81.7 40.9 126.0 52.8
picture_000504 0.743 1.0 1.0 92.2 1.0
picture_000504 0.680 120.9 1.0 155.0 1.0
picture_000504 0.371 167.0 1.3 167.0 22.0
picture_000504 0.240 1.0 140.5 97.2 156.4
picture_000504 0.168 167.0 131.3 167.0 147.0
picture_000504 0.160 63.0 161.0 96.1 161.0
picture_000504 0.085 1.0 1.0 126.9 4.0
picture_000504 0.081 6.1 1.0 167.0 147.3
picture_000504 0.076 152.6 43.3 167.0 55.5
picture_000504 0.069 167.0 1.0 167.0 1.0
picture_000505 0.999 1.0 170.5 37.5 220.0
picture_000505 0.998 11.4 126.0 100.9 220.0
picture_000505 0.996 1.0 66.5 3.1 213.6
picture_000505 0.995 1.0 220.0 1.6 220.0
picture_000505 0.992 1.0 76.5 15.9 207.2
picture_000505 0.988 16.7 220.0 82.8 220.0
picture_000505 0.972 1.0 132.8 1.0 201.0
picture_000505 0.661 1.0 220.0 29.7 220.0
picture_000506 0.981 1.0 61.6 42.0 115.8
picture_000506 0.977 1.0 8.9 70.0 70.2
picture_000506 0.966 25.4 1.0 53.5 26.0
picture_000506 0.957 98.6 1.0 142.0 1.0
picture_000506 0.957 11.7 71.6 61.7 92.9
picture_000506 0.942 101.5 80.7 142.0 107.6
picture_000506 0.926 1.0 1.0 41.3 1.0
picture_000506 0.899 3.5 36.6 129.4 112.2
picture_000506 0.884 31.8 55.2 142.0 84.5
picture_000506 0.835 68.6 140.0 122.2 140.0
picture_000506 0.797 1.0 30.7 18.8 47.2
picture_000506 0.781 20.6 140.0 56.5 140.0
picture_000506 0.742 1.0 140.0 13.1 140.0
picture_000506 0.726 51.2 13.6 106.2 22.4
picture_000506 0.700 16.2 79.5 142.0 140.0
picture_000506 0.614 43.4 1.0 91.7 7.3
picture_000506 0.491 1.0 68.5 47.0 74.9
picture_000506 0.458 28.7 116.9 61.0 126.4
picture_000506 0.428 16.7 1.0 142.0 40.3
picture_000506 0.394 1.0 140.0 1.0 140.0
picture_000506 0.302 1.0 26.3 1.0 43.8
picture_000506 0.159 1.0 1.0 9.9 1.0
picture_000506 0.102 1.0 100.0 1.0 133.8
picture_000506 0.088 1.0 103.0 1.0 112.3
picture_000506 0.085 1.0 1.0 95.8 15.3
picture_000506 0.074 1.0 63.2 1.0 76.0
picture_000508 0.999 143.1 45.9 276.9 147.6
picture_000508 0.997 122.2 7.7 185.9 102.3
picture_000508 0.996 120.5 1.0 183.1 34.9
picture_000508 0.996 143.4 143.4 252.4 170.9
picture_000508 0.989 205.5 136.9 279.0 227.0
picture_000508 0.972 202.9 1.0 279.0 96.9
picture_000508 0.971 156.6 103.5 169.0 201.5
picture_000508 0.272 27.4 60.6 50.5 81.7
picture_000508 0.246 185.7 1.0 239.5 1.0
picture_000508 0.159 262.5 239.1 279.0 276.0
picture_000511 0.983 1.0 89.7 151.4 142.5
picture_000511 0.976 146.0 83.5 196.0 121.5
picture_000511 0.972 1.0 57.6 106.4 87.3
picture_000511 0.967 66.7 3.6 196.0 130.2
picture_000511 0.957 142.1 157.0 196.0 178.4
picture_000511 0.940 89.2 66.5 156.3 95.3
picture_000511 0.873 136.9 116.2 160.1 136.4
picture_000511 0.373 95.3 1.0 158.0 1.0
picture_000511 0.350 103.3 32.6 143.5 42.4
picture_000511 0.217 1.0 53.6 67.4 70.5
picture_000512 0.976 44.6 46.1 118.7 82.0
picture_000512 0.975 155.0 146.6 176.0 166.6
picture_000512 0.972 176.0 90.0 176.0 138.3
picture_000512 0.968 1.0 119.0 81.5 149.2
picture_000512 0.966 103.0 118.8 176.0 213.0
picture_000512 0.949 142.6 87.7 176.0 144.9
picture_000512 0.936 97.0 33.0 176.0 125.2
picture_000512 0.921 166.1 55.4 176.0 78.2
picture_000512 0.916 63.5 213.0 103.5 213.0
picture_000512 0.871 130.7 1.0 176.0 30.1
picture_000512 0.842 92.2 138.4 120.4 154.4
picture_000512 0.807 99.7 1.0 176.0 3.4
picture_000512 0.687 4.7 7.0 83.9 64.7
picture_000512 0.561 1.0 138.5 62.3 156.3
picture_000512 0.468 155.9 45.4 176.0 97.8
picture_000512 0.439 137.0 82.6 176.0 96.5
picture_000512 0.118 176.0 1.0 176.0 11.8
picture_000512 0.085 165.5 212.5 176.0 213.0
picture_000512 0.078 107.2 191.8 129.4 213.0
picture_000514 0.110 208.0 1.0 246.3 1.0
picture_000536 0.061 1.0 1.0 1.0 61.2
picture_000536 0.053 1.0 65.2 1.0 153.0
picture_000558 0.256 184.8 1.0 214.3 1.0
picture_000558 0.153 166.8 1.0 208.0 40.9
picture_000558 0.055 165.8 21.7 238.0 88.2
picture_000605 0.054 1.0 485.9 40.0 595.6
picture_000621 0.072 1.0 57.9 5.8 209.0
picture_000648 0.998 1.0 218.6 56.1 273.5
picture_000648 0.996 1.0 113.4 92.9 238.6
picture_000648 0.987 1.0 105.7 26.0 164.3
picture_000648 0.985 1.0 170.4 1.0 193.7
picture_000648 0.978 26.9 142.0 148.0 161.4
picture_000648 0.418 1.0 86.4 1.0 103.0
picture_000648 0.248 1.0 421.0 50.3 421.0
picture_000648 0.186 32.9 328.5 148.0 350.1
picture_000648 0.174 1.0 141.2 1.0 160.0
picture_000648 0.114 1.0 50.1 1.0 70.9
picture_000649 0.998 1.0 222.0 83.3 253.0
picture_000649 0.993 30.5 235.3 83.0 267.1
picture_000649 0.992 34.4 267.4 139.3 289.7
picture_000649 0.991 28.4 190.4 91.5 232.7
picture_000649 0.991 145.3 220.0 192.3 248.0
picture_000649 0.987 1.0 164.1 1.0 222.1
picture_000649 0.981 120.5 217.3 249.0 260.3
picture_000649 0.969 85.9 219.0 155.4 232.7
picture_000649 0.963 1.0 184.6 249.0 243.1
picture_000649 0.961 51.9 122.9 117.5 203.8
picture_000649 0.949 1.0 125.8 1.0 176.9
picture_000649 0.941 189.9 111.8 221.1 188.4
picture_000649 0.889 1.0 261.2 1.0 283.0
picture_000649 0.810 33.2 217.4 61.1 230.2
picture_000649 0.426 135.3 301.0 166.8 301.0
picture_000649 0.330 1.0 301.0 24.2 301.0
picture_000649 0.239 26.0 235.6 46.4 256.8
picture_000649 0.101 142.6 259.7 155.1 278.5
picture_000649 0.075 227.4 277.2 249.0 300.6
picture_000649 0.069 1.0 243.1 1.0 259.9
picture_000650 0.966 8.1 480.3 95.0 499.0
picture_000650 0.912 11.8 422.2 202.3 468.8
picture_000650 0.897 1.0 509.4 125.3 530.1
picture_000650 0.812 37.4 443.8 133.6 460.4
picture_000650 0.782 1.0 389.0 127.3 437.2
picture_000650 0.507 1.0 359.5 150.2 401.0
picture_000650 0.176 23.3 333.7 156.5 372.2
picture_000651 0.982 1.0 144.0 231.0 144.0
picture_000651 0.967 1.0 119.3 231.0 138.1
picture_000651 0.962 223.6 119.6 231.0 138.6
picture_000651 0.936 1.0 139.2 231.0 144.0
picture_000651 0.180 1.0 104.1 1.0 132.1
picture_000651 0.172 82.3 144.0 103.2 144.0
picture_000652 0.969 31.7 97.7 123.1 152.9
picture_000652 0.968 1.0 50.5 44.3 136.9
picture_000652 0.960 28.8 84.4 120.8 110.8
picture_000652 0.959 1.0 101.8 28.0 142.3
picture_000652 0.957 1.0 113.9 65.9 150.0
picture_000652 0.955 1.0 47.9 95.0 91.4
picture_000652 0.954 1.0 8.5 3.9 49.9
picture_000652 0.954 1.0 34.2 18.8 77.3
picture_000652 0.942 1.0 14.7 1.0 67.6
picture_000652 0.914 4.1 38.6 48.7 72.0
picture_000652 0.913 1.0 206.2 22.8 228.0
picture_000652 0.912 24.9 3.8 84.1 64.0
picture_000652 0.801 1.0 59.5 1.0 131.6
picture_000652 0.787 1.0 110.6 1.0 154.5
picture_000652 0.701 1.0 1.0 1.0 5.0
picture_000652 0.629 22.8 1.0 76.7 1.0
picture_000652 0.403 1.0 180.0 1.0 228.0
picture_000652 0.398 1.0 228.0 1.0 228.0
picture_000652 0.384 11.9 1.0 142.0 1.7
picture_000652 0.164 29.6 228.0 142.0 228.0
picture_000653 0.996 149.3 587.9 203.4 681.0
picture_000653 0.993 208.7 586.2 263.9 681.0
picture_000653 0.974 164.3 465.8 208.8 556.8
picture_000653 0.974 181.6 547.5 243.0 631.6
picture_000653 0.958 152.6 515.2 258.8 681.0
picture_000653 0.944 281.0 509.0 300.3 562.5
picture_000653 0.926 174.3 653.7 225.2 681.0
picture_000653 0.887 223.0 583.6 240.3 624.0
picture_000653 0.137 226.8 445.7 276.6 578.4
picture_000656 0.994 40.4 223.0 97.9 252.4
picture_000656 0.991 30.0 256.2 174.9 262.0
picture_000656 0.965 30.1 262.0 112.3 262.0
picture_000656 0.948 76.8 251.6 98.5 262.0
picture_000656 0.945 1.0 219.5 24.0 249.2
picture_000656 0.904 133.4 262.0 185.1 262.0
picture_000656 0.784 1.0 219.2 1.0 246.3
picture_000656 0.706 18.5 138.7 94.6 209.3
picture_000656 0.658 1.0 172.5 203.0 262.0
picture_000656 0.292 114.1 208.9 271.0 252.0
picture_000656 0.214 89.0 262.0 111.5 262.0
picture_000656 0.177 1.0 262.0 2.4 262.0
picture_000656 0.134 40.9 251.5 61.4 262.0
picture_000656 0.090 185.1 250.1 201.0 262.0
picture_000657 0.997 1.0 207.4 47.3 262.6
picture_000657 0.995 1.0 208.2 156.3 266.5
picture_000657 0.991 17.7 285.9 93.2 291.0
picture_000657 0.982 1.0 257.0 1.0 284.1
picture_000657 0.978 168.9 215.1 201.2 264.1
picture_000657 0.929 118.0 291.0 225.7 291.0
picture_000657 0.919 80.3 176.3 223.5 262.7
picture_000657 0.848 23.8 291.0 46.0 291.0
picture_000657 0.438 158.1 257.2 226.0 291.0
picture_000657 0.152 16.2 124.0 181.7 207.3
picture_000657 0.088 1.0 237.1 1.0 261.1
picture_000657 0.063 55.2 65.2 208.8 142.7
picture_000659 0.980 161.5 341.9 197.0 485.0
picture_000659 0.973 132.6 265.8 191.9 452.3
picture_000659 0.969 146.2 314.8 163.8 473.8
picture_000659 0.926 111.5 387.1 130.7 478.0
picture_000659 0.920 183.5 252.0 226.0 485.0
picture_000659 0.832 226.0 308.6 226.0 454.5
picture_000659 0.709 218.9 248.0 226.0 411.8
picture_000659 0.629 99.7 261.5 143.3 405.4
picture_000659 0.581 121.0 329.3 150.3 379.3
picture_000659 0.433 175.5 357.4 185.8 459.1
picture_000659 0.064 127.2 415.3 154.2 446.5
picture_000666 0.998 121.4 102.1 231.8 269.2
picture_000666 0.996 68.8 205.1 133.4 301.9
picture_000666 0.995 132.8 84.7 190.4 163.5
picture_000666 0.994 219.4 146.8 267.0 223.8
picture_000666 0.992 165.7 176.3 227.5 213.7
picture_000666 0.992 177.3 38.0 244.9 145.4
picture_000666 0.973 225.2 189.0 248.5 229.9
picture_000666 0.971 158.9 1.0 267.0 68.6
picture_000666 0.963 19.4 1.0 123.5 57.0
picture_000666 0.909 227.4 1.0 262.1 52.2
picture_000666 0.824 109.5 1.0 165.5 1.0
picture_000666 0.747 159.8 190.2 190.0 209.8
picture_000666 0.209 1.0 1.0 267.0 246.3
picture_000666 0.106 34.8 1.0 134.0 1.0
picture_000667 0.992 1.0 170.5 53.2 185.1
picture_000667 0.989 1.0 141.9 101.1 165.0
picture_000667 0.988 1.0 99.5 42.3 136.9
picture_000667 0.987 32.4 59.5 146.3 90.2
picture_000667 0.983 1.0 88.3 1.0 110.0
picture_000667 0.981 1.0 34.5 138.6 46.4
picture_000667 0.974 1.0 152.7 68.7 243.6
picture_000667 0.956 1.0 17.2 1.0 26.8
picture_000667 0.938 1.0 159.2 104.6 167.8
picture_000667 0.857 1.0 1.0 52.5 1.0
picture_000667 0.263 1.0 239.9 1.0 250.3
picture_000667 0.258 40.8 102.2 115.9 109.4
picture_000667 0.059 1.0 1.0 1.0 117.0
picture_000674 0.998 65.6 223.1 116.1 305.3
picture_000674 0.998 93.3 195.5 179.2 228.2
picture_000674 0.994 76.8 264.6 216.8 327.4
picture_000674 0.994 1.0 215.9 99.8 300.9
picture_000674 0.976 15.6 188.0 48.9 236.6
picture_000674 0.975 7.8 257.7 66.9 285.6
picture_000674 0.955 202.1 207.3 236.7 240.3
picture_000674 0.946 160.5 116.8 211.7 161.3
picture_000674 0.926 179.0 337.4 213.9 361.1
picture_000674 0.912 47.2 278.8 68.8 322.4
picture_000674 0.905 137.0 212.7 170.1 236.2
picture_000674 0.854 40.5 267.7 72.3 291.5
picture_000674 0.597 1.0 237.7 25.9 279.5
picture_000674 0.234 15.0 291.0 39.4 331.2
picture_000674 0.062 20.7 248.7 75.9 268.1
picture_000675 0.979 87.9 53.7 204.5 76.1
picture_000675 0.974 1.5 119.6 167.2 120.0
picture_000675 0.970 49.4 5.7 223.0 63.6
picture_000675 0.962 169.7 33.3 223.0 87.5
picture_000675 0.961 67.7 1.0 223.0 8.6
picture_000675 0.938 140.2 1.0 197.1 1.0
picture_000675 0.921 177.1 77.2 223.0 90.2
picture_000675 0.881 69.6 82.0 223.0 91.2
picture_000675 0.874 1.0 55.3 223.0 95.6
picture_000675 0.836 188.7 68.2 223.0 120.0
picture_000675 0.823 163.2 1.0 223.0 52.6
picture_000675 0.792 205.1 1.0 223.0 1.0
picture_000675 0.788 223.0 97.5 223.0 120.0
picture_000675 0.775 183.5 112.4 218.4 120.0
picture_000675 0.685 124.1 120.0 171.6 120.0
picture_000675 0.554 48.3 9.1 135.8 16.6
picture_000675 0.451 81.0 1.0 150.8 1.0
picture_000675 0.268 223.0 1.0 223.0 1.0
picture_000675 0.228 215.6 37.9 223.0 47.8
picture_000675 0.146 1.0 92.2 205.9 120.0
picture_000675 0.115 195.5 1.0 219.3 7.0
picture_000675 0.066 223.0 56.6 223.0 73.8
picture_000676 0.994 112.9 77.2 167.9 142.0
picture_000676 0.984 109.6 133.0 143.3 142.0
picture_000676 0.974 20.1 114.2 208.0 142.0
picture_000676 0.972 130.5 135.3 208.0 142.0
picture_000676 0.967 200.1 79.0 208.0 142.0
picture_000676 0.960 83.3 62.5 132.3 133.9
picture_000676 0.958 48.1 111.3 61.4 142.0
picture_000676 0.939 86.4 4.3 99.7 137.5
picture_000676 0.927 40.7 142.0 82.6 142.0
picture_000676 0.918 107.9 142.0 169.5 142.0
picture_000676 0.885 157.5 142.0 183.4 142.0
picture_000676 0.810 159.1 134.1 167.5 142.0
picture_000676 0.597 58.5 142.0 129.0 142.0
picture_000676 0.108 1.0 56.4 70.4 129.9
picture_000676 0.065 208.0 142.0 208.0 142.0
picture_000676 0.061 208.0 127.6 208.0 142.0
picture_000676 0.052 204.0 142.0 208.0 142.0
picture_000677 0.991 46.4 38.1 114.2 144.6
picture_000677 0.982 1.0 108.2 107.2 169.0
picture_000677 0.967 34.5 138.6 161.0 169.0
picture_000677 0.957 1.0 169.0 46.1 169.0
picture_000677 0.950 1.0 74.6 38.7 164.1
picture_000677 0.947 115.6 169.0 161.0 169.0
picture_000677 0.942 1.0 1.0 31.8 124.8
picture_000677 0.942 156.8 102.1 161.0 169.0
picture_000677 0.923 147.0 59.6 155.9 137.8
picture_000677 0.921 161.0 1.0 161.0 118.7
picture_000677 0.913 1.0 107.6 1.0 169.0
picture_000677 0.909 52.7 169.0 111.4 169.0
picture_000677 0.845 101.7 1.0 161.0 169.0
picture_000677 0.791 161.0 126.3 161.0 169.0
picture_000677 0.405 1.0 169.0 11.7 169.0
picture_000677 0.282 100.2 169.0 123.0 169.0
picture_000678 0.985 125.3 1.0 145.4 19.7
picture_000678 0.983 73.5 1.0 91.9 105.9
picture_000678 0.981 88.5 1.0 111.7 1.0
picture_000678 0.977 127.4 39.6 143.9 79.6
picture_000678 0.968 63.6 1.0 122.5 258.0
picture_000678 0.877 90.4 47.1 99.5 95.3
picture_000678 0.816 161.4 1.0 164.0 25.7
picture_000678 0.523 21.1 88.0 30.0 129.6
picture_000678 0.172 44.6 1.0 51.7 1.0
picture_000678 0.135 20.3 1.0 33.6 1.0
picture_000678 0.053 164.0 39.1 164.0 78.9
picture_000680 0.996 157.8 140.5 246.0 314.9
picture_000680 0.995 96.2 184.3 224.7 276.4
picture_000680 0.995 44.6 122.0 100.4 304.6
picture_000680 0.991 133.4 214.9 171.6 283.4
picture_000680 0.988 193.0 268.0 246.0 349.4
picture_000680 0.987 218.6 225.5 242.4 319.7
picture_000680 0.986 196.3 161.9 246.0 247.2
picture_000680 0.971 98.1 40.4 174.4 138.1
picture_000680 0.915 210.4 300.6 246.0 325.5
picture_000680 0.856 202.4 206.1 220.9 264.0
picture_000680 0.822 47.3 285.1 108.5 306.4
picture_000680 0.684 238.6 117.0 246.0 186.7
picture_000680 0.122 3.0 110.8 103.3 125.4
picture_000680 0.064 143.7 108.3 174.3 123.6
picture_000683 0.996 108.7 218.0 185.5 228.0
picture_000683 0.994 154.8 145.7 214.0 218.5
picture_000683 0.992 2.1 152.4 201.9 215.3
picture_000683 0.991 1.0 228.0 190.4 228.0
picture_000683 0.990 137.8 204.2 201.3 228.0
picture_000683 0.987 214.0 179.4 214.0 228.0
picture_000683 0.972 214.0 228.0 214.0 228.0
picture_000683 0.966 128.7 228.0 214.0 228.0
picture_000683 0.775 185.6 1.0 214.0 228.0
picture_000683 0.139 196.2 228.0 214.0 228.0
picture_000685 0.996 1.0 1.0 1.0 41.3
picture_000685 0.995 31.6 114.9 133.0 133.0
picture_000685 0.993 1.0 82.5 60.9 133.0
picture_000685 0.993 1.0 1.0 42.0 64.9
picture_000685 0.985 1.0 107.5 1.0 133.0
picture_000685 0.985 1.0 61.9 41.0 92.3
picture_000685 0.984 1.0 25.7 1.0 133.0
picture_000685 0.981 50.2 1.0 133.0 1.0
picture_000685 0.980 17.5 4.9 133.0 55.8
picture_000685 0.971 1.0 1.0 35.3 1.0
picture_000685 0.955 1.0 26.1 133.0 133.0
picture_000685 0.907 1.0 1.0 1.0 1.0
picture_000685 0.889 1.0 133.0 1.0 133.0
picture_000685 0.825 1.0 126.4 1.0 133.0
picture_000685 0.602 1.0 97.7 20.7 133.0
picture_000685 0.461 25.0 73.2 133.0 97.7
picture_000688 0.997 131.4 21.2 241.1 103.4
picture_000688 0.994 203.4 2.2 257.8 51.8
picture_000688 0.994 271.7 70.1 274.0 162.5
picture_000688 0.987 274.0 62.7 274.0 105.2
picture_000688 0.973 256.4 209.9 274.0 229.8
picture_000688 0.963 133.0 123.5 225.2 133.5
picture_000688 0.950 245.1 1.0 274.0 1.0
picture_000688 0.512 129.3 1.0 214.0 1.0
picture_000688 0.166 274.0 133.2 274.0 148.2
picture_000688 0.139 186.3 1.0 240.8 1.0
picture_000688 0.130 176.1 1.0 274.0 167.4
picture_000689 0.994 1.0 1.0 27.9 138.0
picture_000689 0.994 30.8 11.1 103.9 91.0
picture_000689 0.989 1.0 1.0 106.8 31.0
picture_000689 0.981 1.0 84.0 47.5 147.0
picture_000689 0.976 1.0 1.0 179.0 1.0
picture_000689 0.976 138.2 1.0 179.0 54.1
picture_000689 0.972 1.0 112.1 179.0 147.0
picture_000689 0.966 25.0 1.0 62.4 17.3
picture_000689 0.964 1.0 55.5 1.0 103.6
picture_000689 0.953 102.8 1.0 164.2 21.2
picture_000689 0.936 68.1 1.0 179.0 130.0
picture_000689 0.936 158.4 43.0 179.0 91.4
picture_000689 0.931 43.3 39.5 62.7 82.0
picture_000689 0.893 127.6 89.6 179.0 147.0
picture_000689 0.807 1.0 1.0 1.0 1.0
picture_000689 0.766 139.3 1.0 179.0 1.0
picture_000689 0.753 1.0 1.0 178.9 11.0
picture_000689 0.703 168.8 96.3 179.0 147.0
picture_000689 0.599 46.9 95.3 60.2 147.0
picture_000689 0.534 179.0 1.0 179.0 1.0
picture_000689 0.301 39.3 45.1 48.0 81.0
picture_000689 0.288 111.5 1.0 131.2 1.0
picture_000689 0.203 1.0 95.8 1.0 147.0
picture_000689 0.173 1.0 1.0 16.5 1.0
picture_000689 0.057 66.3 1.0 81.3 1.0
picture_000693 0.997 42.3 139.2 191.0 168.6
picture_000693 0.994 68.3 79.7 162.3 151.9
picture_000693 0.982 130.6 73.5 212.0 87.2
picture_000693 0.966 106.5 118.0 224.4 127.8
picture_000693 0.959 86.8 206.0 124.3 230.7
picture_000693 0.927 60.9 52.3 264.6 130.5
picture_000693 0.917 84.9 135.5 108.8 168.4
picture_000693 0.883 33.4 1.0 154.7 70.9
picture_000693 0.820 180.1 1.0 267.7 38.5
picture_000693 0.502 45.0 81.1 85.3 86.4
picture_000693 0.356 140.1 125.6 161.0 143.7
picture_000694 0.992 1.0 74.1 77.1 116.4
picture_000694 0.991 60.5 25.3 157.0 93.6
picture_000694 0.991 128.8 1.0 157.0 30.8
picture_000694 0.988 12.5 1.0 102.0 5.4
picture_000694 0.979 3.6 141.0 89.7 141.0
picture_000694 0.978 147.9 62.6 157.0 116.7
picture_000694 0.976 131.8 34.9 157.0 121.9
picture_000694 0.919 113.0 69.1 157.0 83.8
picture_000694 0.890 108.0 1.0 157.0 1.0
picture_000694 0.880 1.0 1.0 76.8 1.0
picture_000694 0.839 1.0 19.4 67.2 85.8
picture_000694 0.803 84.0 1.7 157.0 40.9
picture_000694 0.708 1.0 137.9 77.6 141.0
picture_000694 0.336 155.8 1.5 157.0 14.0
picture_000694 0.231 142.1 48.7 157.0 62.0
picture_000694 0.215 84.9 141.0 118.1 141.0
picture_000694 0.190 66.4 1.0 116.2 1.0
picture_000694 0.180 157.0 119.1 157.0 141.0
picture_000694 0.145 157.0 60.3 157.0 80.2
picture_000694 0.080 157.0 1.0 157.0 1.0
picture_000695 0.989 1.0 655.3 1.0 711.7
picture_000695 0.965 1.0 618.1 7.1 705.0
picture_000695 0.946 1.0 712.5 42.6 713.0
picture_000695 0.763 1.0 586.5 1.0 679.9
picture_000695 0.693 1.0 713.0 3.2 713.0
picture_000695 0.487 1.0 457.9 30.4 664.2
picture_000696 0.993 72.4 91.1 152.3 182.0
picture_000696 0.992 114.4 32.7 162.4 107.0
picture_000696 0.992 120.0 88.2 189.0 182.0
picture_000696 0.987 161.1 117.0 189.0 166.2
picture_000696 0.985 26.7 1.0 143.8 30.6
picture_000696 0.983 78.4 1.0 150.0 135.1
picture_000696 0.980 1.0 171.0 151.3 182.0
picture_000696 0.936 146.8 1.0 189.0 125.8
picture_000696 0.927 129.1 1.0 185.0 34.0
picture_000696 0.919 189.0 1.0 189.0 57.7
picture_000696 0.895 17.3 182.0 134.3 182.0
picture_000696 0.880 153.2 182.0 189.0 182.0
picture_000696 0.806 1.0 148.6 183.4 175.9
picture_000696 0.804 189.0 59.4 189.0 101.7
picture_000696 0.677 179.8 182.0 189.0 182.0
picture_000696 0.658 98.5 182.0 159.1 182.0
picture_000701 0.993 19.5 1.0 67.4 108.0
picture_000701 0.990 1.0 105.6 91.3 108.0
picture_000701 0.988 27.5 1.0 126.0 50.2
picture_000701 0.987 1.0 66.2 1.0 108.0
picture_000701 0.982 102.4 66.6 126.0 108.0
picture_000701 0.978 1.0 1.0 51.7 37.2
picture_000701 0.973 122.1 1.0 126.0 77.8
picture_000701 0.968 126.0 6.0 126.0 108.0
picture_000701 0.958 1.0 1.0 126.0 1.0
picture_000701 0.926 1.0 1.0 1.0 1.0
picture_000701 0.914 1.0 94.1 34.7 108.0
picture_000701 0.899 104.8 96.9 126.0 108.0
picture_000701 0.349 1.0 61.2 52.5 108.0
picture_000701 0.255 47.6 62.3 70.9 108.0
picture_000701 0.119 1.0 1.0 1.0 33.0
picture_000701 0.067 1.0 1.0 91.9 12.2
picture_000703 0.998 97.9 137.7 166.8 170.5
picture_000703 0.997 133.7 197.3 192.0 266.8
picture_000703 0.995 24.3 259.0 133.5 297.0
picture_000703 0.995 77.1 162.3 153.9 217.9
picture_000703 0.994 87.9 214.8 157.5 297.0
picture_000703 0.991 167.7 208.5 192.0 238.0
picture_000703 0.989 142.4 263.8 173.8 290.2
picture_000703 0.984 79.1 182.8 143.6 200.9
picture_000703 0.984 185.1 104.1 192.0 138.0
picture_000703 0.978 192.0 192.8 192.0 263.4
picture_000703 0.966 154.3 125.1 192.0 219.6
picture_000703 0.963 192.0 142.2 192.0 165.3
picture_000703 0.958 54.7 81.7 139.3 107.0
picture_000703 0.880 192.0 167.7 192.0 193.8
picture_000703 0.763 12.9 208.6 118.0 216.1
picture_000703 0.154 142.1 241.8 167.6 248.2
picture_000703 0.099 1.0 257.9 23.6 297.0
picture_000704 0.992 1.0 81.2 68.4 119.0
picture_000704 0.989 70.3 1.0 129.0 56.1
picture_000704 0.988 1.0 9.2 46.1 119.0
picture_000704 0.987 33.5 97.8 73.2 119.0
picture_000704 0.983 1.0 1.0 21.5 49.5
picture_000704 0.982 15.6 1.0 129.0 100.5
picture_000704 0.976 31.6 1.0 85.3 26.7
picture_000704 0.969 129.0 1.0 129.0 119.0
picture_000704 0.952 1.0 119.0 14.6 119.0
picture_000704 0.950 129.0 1.0 129.0 18.8
picture_000704 0.889 129.0 119.0 129.0 119.0
picture_000704 0.785 1.0 1.0 27.2 1.0
picture_000704 0.745 56.9 119.0 95.3 119.0
picture_000704 0.302 11.4 1.0 129.0 7.7
picture_000704 0.100 1.0 49.4 19.4 119.0
picture_000704 0.050 129.0 100.7 129.0 119.0
picture_000705 0.994 1.0 1.8 146.0 67.3
picture_000705 0.990 50.7 1.0 220.0 1.0
picture_000705 0.981 1.0 22.1 20.7 62.1
picture_000705 0.981 139.4 6.8 220.0 74.8
picture_000705 0.976 102.9 76.5 220.0 105.6
picture_000705 0.974 62.0 81.6 104.6 107.5
picture_000705 0.973 1.0 50.2 126.8 133.6
picture_000705 0.972 1.0 1.0 52.7 32.5
picture_000705 0.966 1.0 71.4 177.2 95.4
picture_000705 0.966 39.7 1.0 220.0 191.0
picture_000705 0.955 85.4 121.1 220.0 142.9
picture_000705 0.953 119.2 92.7 179.2 137.2
picture_000705 0.407 1.0 1.0 46.8 1.0
picture_000705 0.315 153.6 1.0 220.0 23.7
picture_000705 0.149 202.5 142.3 220.0 156.9
picture_000705 0.116 133.0 42.7 182.8 58.5
picture_000705 0.055 1.0 1.0 10.7 36.3
picture_000706 0.999 1.0 208.1 22.6 236.3
picture_000706 0.997 5.8 245.7 79.3 257.0
picture_000706 0.995 1.0 93.8 57.7 154.6
picture_000706 0.993 1.0 137.8 144.8 206.0
picture_000706 0.977 1.0 173.0 1.0 192.8
picture_000706 0.958 1.0 249.5 11.5 255.8
picture_000706 0.205 1.0 143.8 1.0 161.0
picture_000706 0.061 1.0 163.7 40.0 169.8
picture_000707 0.997 1.0 153.8 17.3 203.0
picture_000707 0.996 1.0 102.5 54.9 217.5
picture_000707 0.995 1.0 8.1 92.7 197.8
picture_000707 0.993 1.0 146.4 192.7 206.2
picture_000707 0.990 40.8 10.8 187.1 200.2
picture_000707 0.988 1.0 30.9 1.0 144.6
picture_000707 0.983 1.0 229.0 69.3 229.0
picture_000707 0.968 1.0 1.0 14.8 144.0
picture_000707 0.915 1.0 160.8 1.0 205.0
picture_000707 0.286 51.3 229.0 170.9 229.0
picture_000707 0.145 1.0 229.0 1.0 229.0
picture_000709 0.991 1.0 146.4 53.5 183.9
picture_000709 0.979 1.0 205.0 91.1 222.1
picture_000709 0.968 1.0 42.8 26.1 109.8
picture_000709 0.967 1.0 129.3 57.8 142.5
picture_000709 0.943 1.0 73.3 79.8 105.9
picture_000709 0.938 17.7 166.3 61.5 177.1
picture_000709 0.793 1.0 109.0 1.0 119.7
picture_000709 0.691 1.0 78.0 1.0 99.0
picture_000709 0.504 1.0 114.1 5.3 127.7
picture_000709 0.473 1.0 2.3 165.0 112.5
picture_000709 0.214 1.0 50.4 3.5 68.7
picture_000709 0.111 1.0 55.8 1.0 75.0
picture_000718 0.998 1.0 138.7 73.0 200.5
picture_000718 0.997 1.0 70.6 50.6 128.9
picture_000718 0.995 1.0 139.5 1.0 188.0
picture_000718 0.994 1.0 62.0 1.9 107.7
picture_000718 0.993 78.8 75.3 158.6 187.8
picture_000718 0.992 54.1 112.9 89.5 138.9
picture_000718 0.991 1.0 170.8 5.9 192.4
picture_000718 0.984 2.5 119.9 65.6 136.8
picture_000718 0.974 20.8 12.2 56.7 52.2
picture_000718 0.942 1.0 104.0 1.0 124.8
picture_000718 0.926 74.2 145.0 164.6 169.6
picture_000718 0.877 57.0 30.6 166.0 80.4
picture_000718 0.845 1.0 1.0 34.0 114.3
picture_000718 0.811 70.3 176.8 166.0 209.3
picture_000718 0.766 1.0 201.0 15.1 214.0
picture_000718 0.760 1.0 29.9 1.0 75.7
picture_000718 0.311 61.7 100.0 137.2 109.9
picture_000718 0.299 25.8 84.8 166.0 118.4
picture_000718 0.251 1.0 1.0 1.0 10.1
picture_000718 0.216 65.6 214.0 114.5 214.0
picture_000718 0.134 9.4 137.5 30.3 150.7
picture_000718 0.100 22.9 214.0 43.1 214.0
picture_000718 0.064 31.9 1.0 125.4 18.4
picture_000718 0.053 1.0 153.8 1.0 165.1
picture_000722 0.998 1.0 1.0 68.6 124.1
picture_000722 0.997 1.0 206.3 23.5 248.9
picture_000722 0.997 1.0 109.6 1.0 223.1
picture_000722 0.988 1.0 208.7 1.0 353.8
picture_000722 0.986 1.0 1.0 37.8 6.6
picture_000722 0.979 1.0 214.5 1.0 236.4
picture_000722 0.948 5.9 1.0 110.5 1.0
picture_000722 0.784 1.0 1.0 1.0 1.0
picture_000722 0.682 1.0 245.7 33.7 259.4
picture_000722 0.071 1.0 219.1 12.4 238.9
picture_000723 0.989 17.3 5.1 87.7 132.9
picture_000723 0.977 48.2 1.0 95.2 31.8
picture_000723 0.948 29.6 31.4 55.5 118.3
picture_000723 0.929 61.4 1.0 125.8 5.0
picture_000723 0.915 99.1 1.0 177.7 55.8
picture_000723 0.914 1.0 1.0 7.0 31.6
picture_000723 0.892 1.0 1.0 30.7 1.0
picture_000723 0.808 57.6 1.0 102.9 1.0
picture_000723 0.799 110.3 42.7 137.0 65.4
picture_000723 0.774 86.8 1.0 136.7 1.0
picture_000723 0.760 22.4 1.0 49.6 79.9
picture_000723 0.603 78.5 1.0 92.8 52.7
picture_000723 0.142 67.5 1.0 143.1 25.3
picture_000723 0.062 209.0 70.0 209.0 94.8
picture_000724 0.999 250.5 333.1 292.4 354.0
picture_000724 0.999 253.7 354.0 296.8 354.0
picture_000724 0.998 163.0 292.5 289.1 354.0
picture_000724 0.997 279.6 268.0 310.8 354.0
picture_000724 0.995 260.8 119.4 305.7 324.2
picture_000724 0.995 316.9 334.2 323.0 354.0
picture_000724 0.979 290.8 118.2 323.0 323.5
picture_000724 0.088 323.0 166.6 323.0 296.5
picture_000726 0.998 1.0 4.3 55.7 124.4
picture_000726 0.996 12.0 88.1 122.4 160.8
picture_000726 0.993 1.0 1.0 1.0 23.3
picture_000726 0.993 1.0 1.0 12.6 80.0
picture_000726 0.993 15.6 1.0 133.5 136.3
picture_000726 0.991 30.0 1.0 91.0 1.0
picture_000726 0.989 1.0 86.5 34.6 133.2
picture_000726 0.987 91.3 55.1 175.3 104.1
picture_000726 0.961 1.0 170.2 36.0 188.4
picture_000726 0.959 1.0 189.0 1.0 189.0
picture_000726 0.628 1.0 101.4 1.0 136.1
picture_000726 0.467 1.0 189.0 21.7 189.0
picture_000726 0.112 69.3 1.0 138.5 1.0
picture_000726 0.093 1.0 158.6 1.0 188.6
picture_000726 0.058 1.0 1.0 1.0 1.0
picture_000727 0.998 287.4 457.6 302.0 570.8
picture_000727 0.995 249.5 623.2 285.3 676.0
picture_000727 0.985 302.0 549.9 302.0 605.3
picture_000727 0.944 274.8 361.3 300.7 480.2
picture_000727 0.684 302.0 612.0 302.0 663.9
picture_000727 0.116 302.0 496.5 302.0 557.9
picture_000728 0.997 1.0 140.5 69.8 222.8
picture_000728 0.997 48.4 1.0 170.6 214.3
picture_000728 0.996 1.0 53.8 95.3 174.1
picture_000728 0.995 12.6 83.3 107.3 104.5
picture_000728 0.992 1.0 115.3 1.0 177.4
picture_000728 0.985 68.8 1.0 135.9 1.0
picture_000728 0.973 98.0 1.0 209.5 29.2
picture_000728 0.973 1.0 179.3 1.0 216.1
picture_000728 0.961 13.3 208.2 60.6 231.6
picture_000728 0.909 1.0 27.7 1.0 118.7
picture_000728 0.893 1.0 1.0 1.0 1.0
picture_000728 0.826 23.3 241.0 60.7 241.0
picture_000728 0.677 1.0 36.3 1.0 55.6
picture_000728 0.660 1.0 241.0 9.8 241.0
picture_000728 0.335 1.0 219.2 1.0 233.4
picture_000728 0.101 1.0 241.0 1.0 241.0
picture_000728 0.090 92.2 36.0 213.0 81.8
picture_000730 0.991 264.4 457.7 320.7 534.2
picture_000730 0.991 161.6 571.0 299.5 571.0
picture_000730 0.990 207.2 527.1 290.1 554.8
picture_000730 0.987 335.0 531.9 335.0 571.0
picture_000730 0.985 308.4 368.2 335.0 455.6
picture_000730 0.962 5.3 494.7 335.0 569.9
picture_000730 0.957 335.0 454.0 335.0 550.0
picture_000730 0.931 301.6 460.3 335.0 571.0
picture_000730 0.925 295.8 557.9 335.0 571.0
picture_000730 0.710 1.0 553.1 335.0 571.0
picture_000730 0.702 236.0 370.7 335.0 567.8
picture_000730 0.434 335.0 240.6 335.0 485.9
picture_000730 0.190 202.5 282.3 277.4 466.6
picture_000730 0.135 7.7 445.1 335.0 492.1
picture_000730 0.127 278.9 571.0 326.4 571.0
picture_000731 1.000 186.1 88.5 257.8 286.3
picture_000731 0.999 243.6 220.5 280.1 410.9
picture_000731 0.999 237.9 197.0 275.5 267.2
picture_000731 0.999 225.3 82.4 282.0 249.9
picture_000731 0.999 201.4 1.0 260.7 46.0
picture_000731 0.998 282.0 126.4 282.0 239.8
picture_000731 0.997 150.8 188.3 242.4 236.3
picture_000731 0.993 282.0 374.1 282.0 438.0
picture_000731 0.959 159.6 1.0 241.4 218.6
picture_000731 0.630 238.9 438.0 261.8 438.0
picture_000731 0.608 210.1 1.0 250.8 1.0
picture_000731 0.206 268.4 278.6 282.0 298.2
picture_000732 0.988 1.0 2.4 8.5 50.1
picture_000732 0.985 1.0 50.1 86.6 91.8
picture_000732 0.980 70.5 1.0 164.0 31.0
picture_000732 0.966 17.2 1.0 116.2 1.0
picture_000732 0.965 81.4 70.2 164.0 123.2
picture_000732 0.956 13.8 1.0 114.8 14.7
picture_000732 0.951 67.9 18.5 84.4 46.1
picture_000732 0.944 1.0 133.6 7.2 144.0
picture_000732 0.941 116.9 135.8 142.7 144.0
picture_000732 0.933 2.3 39.3 124.4 144.0
picture_000732 0.905 1.0 1.0 46.9 1.0
picture_000732 0.900 17.2 92.6 164.0 111.0
picture_000732 0.881 65.5 10.3 134.2 20.3
picture_000732 0.844 1.0 137.8 25.4 144.0
picture_000732 0.828 157.1 42.3 164.0 75.6
picture_000732 0.640 1.0 1.0 164.0 5.0
picture_000732 0.506 1.0 1.0 1.0 1.0
picture_000732 0.255 1.0 77.9 1.0 101.6
picture_000732 0.226 163.3 144.0 164.0 144.0
picture_000732 0.201 45.7 144.0 57.4 144.0
picture_000732 0.130 21.5 87.8 37.6 99.2
picture_000732 0.084 129.9 1.0 164.0 7.8
picture_000733 0.992 58.4 21.1 210.2 75.7
picture_000733 0.976 26.4 40.4 44.8 93.1
picture_000733 0.975 1.0 33.6 68.9 147.2
picture_000733 0.974 74.0 1.0 155.2 1.0
picture_000733 0.972 1.0 1.0 67.8 1.0
picture_000733 0.965 1.0 1.0 20.0 14.4
picture_000733 0.959 34.8 1.0 143.9 54.3
picture_000733 0.947 8.2 1.0 81.4 82.0
picture_000733 0.918 1.0 1.0 1.0 4.6
picture_000733 0.722 204.5 89.4 213.0 129.7
picture_000733 0.377 1.0 70.1 1.0 133.9
picture_000733 0.263 48.3 1.0 68.7 8.8
picture_000733 0.084 180.3 130.0 197.7 203.0
picture_000733 0.083 23.2 117.5 30.8 203.0
picture_000738 0.998 86.4 169.7 164.7 381.2
picture_000738 0.997 59.9 308.6 106.2 401.4
picture_000738 0.992 86.6 359.5 199.5 415.0
picture_000738 0.985 189.8 122.5 239.2 383.3
picture_000738 0.985 181.3 415.0 222.4 415.0
picture_000738 0.984 1.0 415.0 27.4 415.0
picture_000738 0.975 26.8 261.1 34.9 386.7
picture_000738 0.969 29.1 49.0 48.1 402.2
picture_000738 0.967 9.2 1.0 125.1 415.0
picture_000738 0.889 143.3 374.6 153.2 415.0
picture_000738 0.528 1.0 281.3 1.0 366.5
picture_000738 0.511 55.7 102.9 72.6 388.4
picture_000738 0.259 235.3 352.7 242.0 415.0
picture_000738 0.250 83.7 415.0 119.7 415.0
picture_000738 0.241 1.0 415.0 1.0 415.0
picture_000738 0.125 290.0 299.3 290.0 372.4
picture_000738 0.059 48.5 415.0 79.8 415.0
picture_000740 0.999 212.3 174.7 277.8 259.4
picture_000740 0.998 261.1 192.1 294.9 238.0
picture_000740 0.998 214.5 52.6 283.8 139.4
picture_000740 0.995 111.8 135.3 234.4 163.3
picture_000740 0.994 106.9 92.7 305.0 216.9
picture_000740 0.987 278.7 29.9 305.0 47.2
picture_000740 0.938 172.2 36.7 249.3 46.9
picture_000740 0.701 305.0 201.5 305.0 220.8
picture_000740 0.161 197.9 408.0 242.9 408.0
picture_000740 0.123 194.6 1.0 252.2 3.8
picture_000740 0.084 105.9 1.0 216.6 1.0
picture_000741 0.999 94.2 83.0 181.6 135.7
picture_000741 0.998 1.0 39.3 226.3 86.9
picture_000741 0.996 116.1 9.6 223.2 71.0
picture_000741 0.996 155.2 1.0 231.1 1.0
picture_000741 0.995 76.1 110.2 267.8 158.3
picture_000741 0.993 137.6 100.9 185.7 115.3
picture_000741 0.992 93.3 1.0 165.0 16.5
picture_000741 0.990 55.1 1.0 186.7 4.2
picture_000741 0.879 124.1 54.4 140.7 77.9
picture_000741 0.775 1.0 1.0 25.0 1.0
picture_000741 0.334 37.2 1.0 260.8 10.4
picture_000741 0.112 125.0 1.0 150.7 1.0
picture_000742 0.995 2.7 60.6 36.2 106.7
picture_000742 0.993 1.0 9.3 42.2 80.1
picture_000742 0.991 1.0 1.0 1.0 43.4
picture_000742 0.987 13.4 1.0 110.3 62.3
picture_000742 0.981 1.0 29.0 87.0 162.0
picture_000742 0.975 1.0 40.8 1.0 95.8
picture_000742 0.973 41.1 1.0 122.9 1.0
picture_000742 0.958 1.0 1.0 30.3 14.1
picture_000742 0.944 1.0 85.9 8.8 108.0
picture_000742 0.943 3.3 1.0 56.9 1.0
picture_000742 0.919 1.0 1.0 1.0 1.0
picture_000742 0.745 61.2 162.0 110.3 162.0
picture_000742 0.200 51.0 96.9 209.0 124.5
picture_000742 0.078 61.2 16.8 85.3 34.9
picture_000743 0.999 147.2 153.4 198.7 217.5
picture_000743 0.997 16.5 120.0 156.1 173.2
picture_000743 0.997 30.6 23.5 137.7 160.3
picture_000743 0.992 132.4 1.0 308.0 166.6
picture_000743 0.990 126.4 236.4 174.2 322.0
picture_000743 0.988 115.7 60.1 182.0 98.7
picture_000743 0.803 146.9 191.1 172.7 215.0
picture_000743 0.779 36.0 16.6 63.3 44.9
picture_000743 0.219 1.0 54.0 308.0 266.4
picture_000744 0.972 21.5 103.4 101.5 159.7
picture_000744 0.965 1.0 25.7 61.3 111.0
picture_000744 0.957 38.1 124.3 73.1 146.6
picture_000744 0.947 87.9 128.4 139.0 158.3
picture_000744 0.936 1.0 158.3 130.7 205.7
picture_000744 0.925 5.7 172.5 90.0 190.4
picture_000744 0.919 1.0 144.3 1.0 165.2
picture_000744 0.919 1.0 189.1 32.0 232.0
picture_000744 0.882 38.4 1.0 78.7 87.7
picture_000744 0.810 1.0 71.4 75.4 86.8
picture_000744 0.801 44.1 56.7 94.4 79.7
picture_000744 0.784 100.0 49.1 139.0 113.7
picture_000744 0.673 1.0 122.6 1.0 136.8
picture_000744 0.627 28.0 189.6 93.4 206.2
picture_000744 0.509 25.6 232.0 53.1 232.0
picture_000744 0.482 1.0 1.0 49.6 19.6
picture_000744 0.459 5.4 14.7 139.0 159.0
picture_000744 0.449 1.0 1.0 96.6 41.5
picture_000744 0.389 1.0 88.7 1.0 116.6
picture_000744 0.276 1.0 232.0 1.0 232.0
picture_000744 0.238 1.0 232.0 14.7 232.0
picture_000744 0.223 7.1 181.0 26.0 202.7
picture_000744 0.101 1.0 1.0 1.0 74.5
picture_000744 0.085 22.7 150.8 47.6 219.5
picture_000744 0.055 1.0 173.7 1.0 201.3
picture_000930 0.364 15.6 39.7 95.0 85.8
picture_000930 0.266 1.0 63.9 11.4 91.2
picture_000930 0.134 8.6 61.6 67.3 130.9
picture_000952 0.461 211.9 140.5 264.2 160.6
picture_000952 0.451 214.9 92.4 249.2 114.1
picture_000952 0.355 210.0 1.0 255.6 50.8
picture_000952 0.099 225.8 100.9 245.6 139.9
picture_000952 0.090 153.8 1.0 286.0 122.2
picture_000952 0.069 190.7 1.0 240.9 20.6
picture_000957 0.363 1.0 104.1 7.7 280.9
picture_000957 0.107 1.0 179.6 1.0 318.7
picture_000963 0.198 1.0 163.4 1.0 282.0
picture_000963 0.152 4.3 1.0 88.1 120.3
picture_000963 0.114 1.0 71.1 58.9 127.9
picture_000963 0.063 1.0 213.3 39.8 271.1
picture_001027 0.503 17.9 75.8 88.5 184.6
picture_001027 0.290 1.0 180.0 39.4 229.0
picture_001027 0.223 138.5 123.5 234.0 199.1
picture_001027 0.168 119.0 198.2 154.1 229.0
picture_001027 0.128 1.0 103.4 1.0 187.6
picture_001050 0.084 1.0 276.0 57.7 341.4
picture_001050 0.068 41.1 351.5 126.7 359.0
picture_001068 0.115 1.0 189.6 228.0 199.0
picture_001167 0.084 1.0 151.1 67.7 234.1
picture_001186 0.061 1.0 160.1 61.5 225.5
picture_001240 0.149 12.6 254.1 127.6 435.1
picture_001314 0.074 213.0 212.8 314.0 354.5
picture_001314 0.066 128.3 303.8 224.6 362.0
picture_001332 0.052 110.9 298.4 157.7 418.4
picture_001354 0.266 175.1 324.9 275.6 430.6
picture_001373 0.077 1.0 195.6 1.0 225.0
picture_001373 0.050 1.0 1.0 5.3 141.5
