picture_000044 0.998 22.3 626.4 72.8 661.9
picture_000044 0.998 30.1 568.5 70.3 632.4
picture_000044 0.996 29.7 698.6 72.9 718.0
picture_000044 0.986 7.6 619.7 24.9 653.2
picture_000044 0.958 114.4 660.7 162.4 685.8
picture_000044 0.926 1.0 661.2 1.0 689.0
picture_000044 0.739 1.0 558.7 1.0 616.2
picture_000044 0.445 163.4 657.8 177.3 696.6
picture_000045 1.000 58.4 137.4 111.7 159.9
picture_000045 1.000 48.9 69.0 73.9 103.1
picture_000045 1.000 1.0 3.7 14.9 80.6
picture_000045 1.000 47.3 44.3 63.9 158.0
picture_000045 1.000 1.0 99.0 23.4 151.9
picture_000045 0.999 11.4 128.5 102.4 164.0
picture_000045 0.999 35.5 68.5 85.3 133.9
picture_000046 1.000 18.7 115.3 57.4 153.0
picture_000046 1.000 12.8 138.1 56.4 163.0
picture_000046 1.000 1.0 154.2 11.9 163.0
picture_000046 0.999 62.3 139.9 170.0 163.0
picture_000046 0.993 54.6 163.0 96.6 163.0
picture_000046 0.967 1.0 154.4 1.0 163.0
picture_000046 0.884 10.3 1.0 28.1 163.0
picture_000046 0.779 47.8 1.0 113.0 163.0
picture_000046 0.322 1.0 103.9 1.0 143.1
picture_000046 0.247 64.0 89.9 170.0 139.3
picture_000047 0.999 71.6 267.1 133.0 323.0
picture_000047 0.999 81.9 112.6 117.6 323.0
picture_000047 0.999 87.0 275.8 104.3 323.0
picture_000047 0.994 59.4 323.0 136.6 323.0
picture_000047 0.977 1.0 249.1 173.3 323.0
picture_000047 0.906 93.9 227.6 103.8 308.6
picture_000047 0.889 71.2 48.4 83.1 323.0
picture_000047 0.662 1.0 162.9 1.0 274.5
picture_000047 0.143 104.4 213.3 117.8 277.5
picture_000047 0.085 1.0 323.0 1.0 323.0
picture_000047 0.077 169.9 323.0 183.5 323.0
picture_000049 1.000 1.0 159.7 84.4 184.1
picture_000049 0.999 1.0 128.3 29.8 170.9
picture_000049 0.999 1.0 164.4 23.7 187.0
picture_000049 0.998 39.3 187.0 114.4 187.0
picture_000049 0.998 19.4 187.0 66.3 187.0
picture_000049 0.996 1.0 135.4 1.0 170.0
picture_000049 0.996 1.0 177.7 143.0 187.0
picture_000049 0.992 1.0 131.2 137.5 170.2
picture_000049 0.963 1.0 178.4 1.0 187.0
picture_000049 0.809 1.0 164.1 1.0 179.2
picture_000049 0.654 1.0 187.0 1.0 187.0
picture_000170 0.998 1.0 595.1 55.0 656.3
picture_000170 0.998 1.0 505.1 52.8 527.5
picture_000170 0.998 1.0 596.4 12.5 652.2
picture_000170 0.995 1.0 556.3 1.0 593.5
picture_000170 0.988 42.4 606.6 79.5 625.7
picture_000170 0.977 1.0 430.0 6.2 632.4
picture_000170 0.942 34.4 459.9 74.2 555.1
picture_000170 0.893 1.0 695.9 5.8 726.0
picture_000170 0.647 1.0 718.2 1.0 726.0
picture_000170 0.280 1.0 412.5 53.1 483.0
picture_000184 0.099 1.0 94.9 106.5 117.0
picture_000497 1.000 103.5 25.5 154.6 85.0
picture_000497 0.999 105.4 13.4 151.0 32.2
picture_000497 0.999 173.0 1.0 173.0 3.1
picture_000497 0.998 126.2 1.0 173.0 4.7
picture_000497 0.995 92.0 25.8 149.0 221.0
picture_000497 0.993 63.0 1.0 106.0 1.0
picture_000497 0.975 97.6 221.0 128.5 221.0
picture_000497 0.933 1.0 56.7 66.1 75.4
picture_000497 0.436 1.0 1.0 173.0 221.0
picture_000497 0.143 173.0 1.0 173.0 15.5
picture_000499 1.000 108.3 144.1 206.4 287.0
picture_000499 1.000 55.4 202.3 150.0 274.5
picture_000499 0.999 1.0 107.0 148.3 132.2
picture_000499 0.999 144.0 112.9 224.1 184.3
picture_000499 0.998 1.0 18.3 233.8 150.5
picture_000499 0.998 150.6 125.5 175.6 161.6
picture_000500 1.000 154.2 445.6 204.5 485.0
picture_000500 1.000 207.4 471.0 226.7 534.9
picture_000500 0.999 205.3 411.2 236.4 605.5
picture_000500 0.983 65.8 419.4 136.1 519.9
picture_000501 1.000 202.2 320.0 290.8 422.9
picture_000501 1.000 199.4 327.1 217.8 435.0
picture_000501 1.000 232.7 237.9 262.0 334.6
picture_000501 0.999 139.4 293.8 269.9 375.2
picture_000501 0.999 177.7 435.0 217.2 435.0
picture_000501 0.997 192.0 412.1 212.0 435.0
picture_000503 1.000 57.5 149.8 87.9 230.1
picture_000503 1.000 37.0 203.3 57.3 242.2
picture_000503 1.000 66.1 157.4 111.5 335.0
picture_000503 1.000 83.4 55.5 104.1 129.6
picture_000503 0.999 116.2 83.0 128.2 206.3
picture_000503 0.997 84.0 168.2 95.8 274.0
picture_000503 0.996 119.2 1.0 166.2 176.0
picture_000503 0.111 62.4 169.5 77.5 182.6
picture_000504 1.000 102.2 46.6 160.9 99.8
picture_000504 1.000 40.7 61.7 167.0 144.1
picture_000504 1.000 48.7 62.5 133.7 89.8
picture_000504 0.999 167.0 96.0 167.0 127.8
picture_000504 0.998 1.0 1.0 125.9 28.1
picture_000504 0.994 123.2 32.7 163.4 45.4
picture_000504 0.987 1.0 161.0 126.6 161.0
picture_000504 0.983 167.0 1.0 167.0 14.0
picture_000504 0.962 48.8 1.0 132.6 1.0
picture_000504 0.778 162.7 1.0 167.0 1.0
picture_000504 0.731 167.0 122.2 167.0 139.5
picture_000504 0.149 89.1 161.0 135.9 161.0
picture_000504 0.081 167.0 12.0 167.0 43.0
picture_000505 1.000 1.0 170.1 18.0 220.0
picture_000505 1.000 10.4 157.2 75.4 220.0
picture_000505 0.999 14.9 220.0 79.7 220.0
picture_000505 0.973 1.0 160.3 1.0 213.3
picture_000505 0.967 1.0 220.0 1.0 220.0
picture_000505 0.757 1.0 71.6 1.0 191.8
picture_000505 0.211 1.0 18.6 4.9 215.8
picture_000506 1.000 14.1 42.4 100.7 102.0
picture_000506 1.000 16.5 1.0 142.0 42.9
picture_000506 1.000 1.0 96.0 142.0 120.3
picture_000506 0.999 7.4 118.2 78.8 134.2
picture_000506 0.999 3.3 71.9 55.5 140.0
picture_000506 0.999 142.0 79.9 142.0 106.7
picture_000506 0.998 1.0 1.0 56.9 1.0
picture_000506 0.996 1.0 1.0 142.0 4.8
picture_000506 0.990 76.4 1.0 101.3 11.8
picture_000506 0.989 1.0 9.2 1.0 32.5
picture_000506 0.986 13.9 45.1 25.5 84.0
picture_000506 0.982 1.0 83.4 1.0 121.7
picture_000506 0.982 91.5 90.2 142.0 102.6
picture_000506 0.891 127.8 140.0 142.0 140.0
picture_000506 0.831 1.0 140.0 1.0 140.0
picture_000506 0.633 23.4 140.0 45.5 140.0
picture_000506 0.387 1.0 81.4 17.7 89.5
picture_000506 0.080 9.1 89.8 23.5 102.7
picture_000506 0.063 142.0 32.7 142.0 53.3
picture_000508 1.000 115.3 46.2 248.1 178.8
picture_000508 1.000 223.2 174.7 278.6 276.0
picture_000508 0.998 169.6 51.4 185.4 156.8
picture_000508 0.998 191.0 1.0 258.8 21.7
picture_000508 0.978 168.0 1.0 279.0 117.3
picture_000508 0.890 196.9 76.0 221.4 103.1
picture_000511 1.000 102.5 99.7 181.3 154.2
picture_000511 1.000 40.9 141.9 108.6 188.5
picture_000511 0.999 132.4 133.0 196.0 185.9
picture_000511 0.999 179.5 128.7 196.0 172.8
picture_000511 0.999 183.5 57.6 196.0 100.1
picture_000511 0.979 193.2 119.3 196.0 131.7
picture_000511 0.851 1.0 90.2 4.8 115.5
picture_000512 1.000 110.3 60.5 145.0 147.0
picture_000512 1.000 93.9 100.5 167.0 213.0
picture_000512 0.999 173.5 181.5 176.0 209.8
picture_000512 0.999 76.0 107.1 176.0 141.6
picture_000512 0.999 106.2 174.5 142.1 213.0
picture_000512 0.999 130.8 86.7 160.1 118.6
picture_000512 0.998 34.8 89.3 114.6 100.3
picture_000512 0.998 27.5 135.1 176.0 147.4
picture_000512 0.994 1.0 13.6 176.0 108.3
picture_000512 0.968 176.0 154.4 176.0 193.7
picture_000512 0.951 1.0 145.1 68.2 166.0
picture_000512 0.936 103.8 71.8 167.1 78.7
picture_000512 0.104 151.0 1.0 176.0 5.2
picture_000648 1.000 1.0 217.7 76.4 290.6
picture_000648 1.000 1.0 268.1 42.7 345.8
picture_000648 0.999 8.2 210.1 89.5 421.0
picture_000648 0.999 1.0 237.7 24.3 269.9
picture_000648 0.992 1.0 155.6 1.0 235.5
picture_000648 0.284 1.0 248.4 1.0 261.6
picture_000648 0.204 21.0 284.4 88.4 290.7
picture_000648 0.053 59.9 37.6 148.0 49.3
picture_000649 1.000 4.4 247.5 121.0 288.6
picture_000649 0.999 3.5 198.4 63.5 235.7
picture_000649 0.997 57.8 210.5 78.2 246.9
picture_000649 0.996 34.2 278.3 92.1 293.6
picture_000649 0.855 1.0 190.2 35.4 199.9
picture_000649 0.521 71.6 225.6 82.2 241.2
picture_000649 0.096 29.2 271.3 45.9 279.0
picture_000649 0.056 78.1 301.0 116.1 301.0
picture_000650 0.999 20.0 458.0 134.5 497.1
picture_000650 0.997 12.0 366.2 127.8 406.3
picture_000650 0.996 95.9 391.2 154.0 404.1
picture_000650 0.988 77.4 426.4 99.1 452.8
picture_000650 0.398 21.5 434.2 54.2 441.7
picture_000651 0.998 117.8 131.2 187.7 143.3
picture_000651 0.998 22.7 129.1 89.6 142.5
picture_000651 0.994 182.8 144.0 231.0 144.0
picture_000651 0.990 1.0 128.6 231.0 143.3
picture_000651 0.979 1.0 108.9 1.0 130.3
picture_000651 0.971 1.0 111.6 231.0 136.4
picture_000651 0.957 33.0 144.0 231.0 144.0
picture_000651 0.936 82.9 144.0 118.8 144.0
picture_000651 0.931 179.6 129.9 199.2 142.4
picture_000651 0.669 1.8 83.0 19.0 126.2
picture_000651 0.250 1.0 144.0 24.2 144.0
picture_000652 1.000 9.9 46.2 86.3 119.3
picture_000652 1.000 1.0 106.5 142.0 199.9
picture_000652 0.999 24.4 80.5 142.0 115.3
picture_000652 0.999 1.0 162.8 27.5 188.4
picture_000652 0.999 4.3 1.0 64.0 8.5
picture_000652 0.992 1.0 94.6 1.0 139.1
picture_000652 0.984 1.0 61.0 1.0 105.3
picture_000652 0.983 1.0 1.0 1.0 26.3
picture_000652 0.976 1.0 166.2 1.0 201.3
picture_000652 0.906 1.0 134.4 1.0 166.4
picture_000652 0.824 29.0 1.0 115.3 1.0
picture_000652 0.234 1.0 228.0 62.3 228.0
picture_000652 0.220 1.0 1.0 1.0 1.0
picture_000652 0.127 1.0 1.0 43.7 110.5
picture_000653 0.999 259.2 517.1 304.0 575.8
picture_000653 0.999 201.7 525.4 253.2 584.5
picture_000653 0.998 159.0 631.4 190.9 651.7
picture_000653 0.161 256.4 598.1 266.8 615.2
picture_000656 0.999 42.5 225.4 153.1 255.8
picture_000656 0.999 104.2 262.0 145.8 262.0
picture_000656 0.983 263.3 222.6 285.9 249.6
picture_000656 0.975 1.0 262.0 200.4 262.0
picture_000656 0.868 85.8 262.0 115.8 262.0
picture_000656 0.092 192.2 193.3 291.0 240.3
picture_000656 0.064 50.8 262.0 67.8 262.0
picture_000657 1.000 54.7 236.3 110.7 285.1
picture_000657 1.000 45.1 229.6 226.0 285.3
picture_000657 0.998 152.9 291.0 225.4 291.0
picture_000657 0.998 154.5 115.6 200.9 284.2
picture_000657 0.998 24.9 291.0 91.0 291.0
picture_000657 0.997 95.8 291.0 169.1 291.0
picture_000657 0.995 24.8 105.5 83.6 281.7
picture_000657 0.950 1.0 263.8 1.0 288.1
picture_000657 0.939 187.4 224.2 193.6 274.7
picture_000657 0.852 1.0 271.2 226.0 291.0
picture_000657 0.170 226.0 259.9 226.0 285.2
picture_000657 0.065 65.7 291.0 74.1 291.0
picture_000659 1.000 108.3 374.3 140.5 430.3
picture_000659 1.000 121.8 346.2 191.7 460.3
picture_000659 1.000 142.5 263.7 162.1 417.4
picture_000659 0.999 172.9 476.3 205.0 485.0
picture_000659 0.999 119.6 421.9 190.2 485.0
picture_000659 0.996 163.9 179.8 204.0 485.0
picture_000659 0.916 213.2 387.1 226.0 414.4
picture_000659 0.741 109.6 485.0 125.2 485.0
picture_000666 1.000 122.0 132.5 267.0 272.1
picture_000666 1.000 164.0 134.6 232.5 221.9
picture_000666 1.000 267.0 194.1 267.0 271.9
picture_000666 1.000 59.4 257.7 179.6 343.0
picture_000666 0.999 87.3 155.6 161.5 193.0
picture_000666 0.998 1.0 123.3 187.0 166.6
picture_000666 0.998 1.0 63.5 264.4 212.8
picture_000666 0.996 195.9 1.0 259.2 134.4
picture_000666 0.231 267.0 167.6 267.0 194.4
picture_000666 0.145 206.9 1.0 237.4 1.0
picture_000667 1.000 1.0 152.8 26.2 206.3
picture_000667 1.000 1.0 130.9 135.5 150.7
picture_000667 0.999 1.0 168.6 163.4 196.3
picture_000667 0.998 1.0 76.0 165.0 160.0
picture_000667 0.988 25.8 196.9 118.8 204.8
picture_000667 0.984 36.0 115.9 165.0 124.3
picture_000667 0.813 1.0 1.0 32.6 1.0
picture_000667 0.298 15.6 274.0 85.8 274.0
picture_000667 0.130 1.0 4.8 1.0 13.7
picture_000667 0.098 46.7 1.0 130.7 1.0
picture_000674 1.000 57.7 317.8 154.5 401.2
picture_000674 1.000 49.8 199.2 140.8 303.5
picture_000674 1.000 62.3 249.6 265.3 362.3
picture_000674 0.999 90.6 336.6 131.7 367.2
picture_000674 0.990 65.1 314.7 85.6 411.5
picture_000674 0.979 1.0 332.0 112.1 427.1
picture_000674 0.778 165.5 292.3 183.6 321.6
picture_000675 1.000 189.8 81.7 223.0 107.4
picture_000675 1.000 223.0 1.0 223.0 38.3
picture_000675 0.999 68.7 20.5 223.0 76.5
picture_000675 0.998 97.7 1.0 223.0 1.0
picture_000675 0.998 186.9 11.8 223.0 25.4
picture_000675 0.997 1.0 83.6 223.0 101.5
picture_000675 0.996 1.0 35.2 195.7 56.6
picture_000675 0.996 216.0 120.0 223.0 120.0
picture_000675 0.996 201.6 47.2 223.0 81.6
picture_000675 0.863 47.8 27.0 178.1 32.7
picture_000675 0.831 1.0 120.0 180.6 120.0
picture_000675 0.380 223.0 1.0 223.0 1.0
picture_000675 0.260 205.2 1.0 223.0 1.0
picture_000675 0.244 165.1 120.0 209.9 120.0
picture_000675 0.073 223.0 29.7 223.0 36.5
picture_000676 1.000 131.9 107.7 208.0 138.6
picture_000676 0.999 102.3 142.0 175.2 142.0
picture_000676 0.935 104.4 38.2 118.0 121.1
picture_000676 0.882 11.1 127.4 36.1 142.0
picture_000676 0.867 179.5 106.8 187.5 133.8
picture_000676 0.858 2.7 115.1 208.0 142.0
picture_000676 0.563 1.0 82.5 33.5 125.0
picture_000676 0.414 72.4 142.0 102.0 142.0
picture_000676 0.330 142.0 142.0 153.4 142.0
picture_000676 0.240 208.0 85.7 208.0 119.1
picture_000677 1.000 60.5 91.6 132.0 166.2
picture_000677 0.999 161.0 107.2 161.0 166.5
picture_000677 0.999 90.4 131.5 161.0 169.0
picture_000677 0.999 35.8 169.0 146.3 169.0
picture_000677 0.999 1.0 165.7 44.3 169.0
picture_000677 0.999 108.4 1.0 160.3 153.4
picture_000677 0.998 5.4 20.2 150.3 169.0
picture_000677 0.997 110.1 169.0 161.0 169.0
picture_000677 0.959 70.7 169.0 96.3 169.0
picture_000677 0.954 1.0 164.9 161.0 169.0
picture_000677 0.916 161.0 169.0 161.0 169.0
picture_000677 0.543 1.0 1.0 37.5 169.0
picture_000677 0.432 147.3 168.0 161.0 169.0
picture_000677 0.220 1.0 159.7 1.0 169.0
picture_000678 1.000 84.5 2.6 107.6 121.0
picture_000678 1.000 112.9 1.0 144.7 58.7
picture_000678 0.999 71.7 33.6 155.3 118.7
picture_000678 0.999 109.6 1.0 145.8 191.0
picture_000678 0.998 102.9 1.0 111.8 79.0
picture_000678 0.989 3.6 53.0 20.7 99.4
picture_000678 0.967 87.1 15.1 98.3 46.7
picture_000678 0.319 39.4 1.0 151.4 258.0
picture_000678 0.141 141.6 89.9 147.5 152.7
picture_000678 0.086 1.0 1.0 12.0 1.0
picture_000680 1.000 167.3 265.6 246.0 360.0
picture_000680 1.000 153.0 221.6 246.0 273.1
picture_000680 0.999 171.0 77.6 246.0 262.9
picture_000680 0.998 1.0 260.5 129.7 299.6
picture_000680 0.998 228.9 193.3 246.0 300.2
picture_000680 0.998 246.0 179.6 246.0 288.8
picture_000680 0.995 34.2 133.7 246.0 382.0
picture_000680 0.995 113.0 300.2 192.9 315.6
picture_000680 0.969 147.7 98.3 194.7 117.6
picture_000680 0.968 141.6 419.0 190.2 419.0
picture_000680 0.070 19.7 419.0 117.2 419.0
picture_000680 0.061 45.3 275.0 130.2 284.9
picture_000683 1.000 146.2 193.7 209.7 226.2
picture_000683 0.999 46.2 228.0 214.0 228.0
picture_000683 0.999 211.2 102.8 214.0 206.4
picture_000683 0.998 190.3 228.0 214.0 228.0
picture_000683 0.996 1.0 194.0 214.0 225.1
picture_000683 0.994 214.0 228.0 214.0 228.0
picture_000683 0.993 214.0 196.6 214.0 224.9
picture_000683 0.965 150.4 37.5 208.5 228.0
picture_000683 0.963 28.3 162.2 214.0 209.2
picture_000683 0.418 192.0 113.4 214.0 209.1
picture_000685 1.000 1.0 46.9 18.7 133.0
picture_000685 1.000 32.5 89.7 133.0 133.0
picture_000685 1.000 1.0 1.0 1.0 133.0
picture_000685 1.000 1.0 1.0 133.0 133.0
picture_000685 1.000 1.0 1.0 133.0 19.0
picture_000685 0.999 1.0 133.0 1.0 133.0
picture_000685 0.999 1.0 1.0 6.2 16.4
picture_000685 0.995 1.0 1.0 62.6 69.6
picture_000685 0.921 52.9 133.0 133.0 133.0
picture_000685 0.919 1.0 1.0 1.0 16.7
picture_000685 0.887 56.4 1.0 133.0 1.0
picture_000685 0.879 1.0 133.0 3.7 133.0
picture_000685 0.814 1.0 1.0 90.8 1.0
picture_000688 1.000 193.2 41.3 274.0 76.9
picture_000688 1.000 154.0 20.7 263.5 112.7
picture_000688 0.999 229.9 50.2 274.0 133.5
picture_000688 0.999 232.1 1.0 274.0 1.0
picture_000688 0.999 268.2 1.0 274.0 17.4
picture_000688 0.999 65.1 152.3 245.7 179.7
picture_000688 0.994 274.0 229.7 274.0 283.0
picture_000688 0.909 274.0 63.8 274.0 87.0
picture_000688 0.884 45.4 1.0 248.1 1.0
picture_000688 0.579 1.0 109.5 274.0 137.5
picture_000689 1.000 38.6 11.5 123.6 95.7
picture_000689 1.000 1.0 40.5 40.2 118.1
picture_000689 1.000 1.0 1.0 17.8 16.1
picture_000689 0.999 1.0 1.0 81.9 8.6
picture_000689 0.999 102.3 1.0 138.9 1.0
picture_000689 0.999 1.0 48.7 1.0 140.6
picture_000689 0.997 20.7 1.0 119.8 1.0
picture_000689 0.996 131.2 1.0 150.9 23.9
picture_000689 0.987 114.2 1.0 122.8 90.6
picture_000689 0.955 176.6 64.8 179.0 147.0
picture_000689 0.932 108.7 1.0 119.4 27.4
picture_000689 0.924 1.0 1.0 1.0 44.3
picture_000693 1.000 153.2 73.4 328.0 131.1
picture_000693 0.999 27.2 163.6 79.1 209.6
picture_000693 0.999 57.2 98.4 258.2 169.5
picture_000693 0.998 95.1 214.0 140.4 237.5
picture_000693 0.996 56.7 166.9 168.9 251.1
picture_000693 0.367 133.4 216.3 200.6 220.8
picture_000694 1.000 62.7 14.6 133.9 70.9
picture_000694 1.000 131.8 39.3 157.0 99.8
picture_000694 1.000 38.2 58.9 157.0 75.0
picture_000694 1.000 19.1 1.0 143.9 1.0
picture_000694 0.999 157.0 1.0 157.0 32.3
picture_000694 0.999 72.7 1.0 157.0 141.0
picture_000694 0.999 1.0 76.9 157.0 132.4
picture_000694 0.999 109.8 1.0 157.0 1.0
picture_000694 0.995 64.4 91.5 157.0 118.5
picture_000694 0.984 157.0 137.7 157.0 141.0
picture_000694 0.973 157.0 25.8 157.0 67.5
picture_000694 0.920 145.0 33.4 157.0 45.4
picture_000694 0.849 1.0 40.8 133.2 94.8
picture_000695 0.993 1.0 599.7 3.6 666.8
picture_000695 0.953 1.0 574.2 2.6 612.8
picture_000695 0.929 1.0 687.9 1.0 713.0
picture_000695 0.920 1.0 681.7 7.2 702.2
picture_000695 0.119 1.0 713.0 1.0 713.0
picture_000696 1.000 128.6 85.6 189.0 166.8
picture_000696 1.000 85.0 109.8 188.4 136.4
picture_000696 1.000 112.6 176.1 189.0 182.0
picture_000696 1.000 182.5 107.6 189.0 134.7
picture_000696 1.000 144.8 1.0 189.0 100.4
picture_000696 0.999 1.0 161.0 175.3 182.0
picture_000696 0.999 90.6 182.0 185.5 182.0
picture_000696 0.998 10.4 16.2 167.7 42.3
picture_000696 0.996 1.0 32.7 189.0 134.1
picture_000696 0.994 183.7 1.0 189.0 1.0
picture_000696 0.970 1.0 90.1 171.5 182.0
picture_000696 0.967 61.5 162.3 163.3 172.5
picture_000696 0.938 189.0 182.0 189.0 182.0
picture_000696 0.813 95.6 1.0 170.9 1.0
picture_000696 0.684 1.0 84.9 189.0 104.3
picture_000696 0.068 189.0 1.0 189.0 27.8
picture_000701 1.000 1.0 91.8 39.2 108.0
picture_000701 1.000 81.8 1.0 110.8 108.0
picture_000701 1.000 1.0 1.0 80.8 9.7
picture_000701 1.000 126.0 1.0 126.0 108.0
picture_000701 0.999 101.8 1.0 126.0 52.6
picture_000701 0.999 1.0 46.3 105.2 108.0
picture_000701 0.999 1.0 1.0 39.2 108.0
picture_000701 0.999 126.0 79.7 126.0 108.0
picture_000701 0.998 1.0 1.0 126.0 1.0
picture_000701 0.998 1.0 1.0 1.0 54.0
picture_000701 0.997 18.1 108.0 77.5 108.0
picture_000701 0.995 1.0 80.4 1.0 108.0
picture_000701 0.995 89.2 108.0 126.0 108.0
picture_000701 0.901 12.5 1.0 79.8 53.7
picture_000703 1.000 119.9 249.6 187.8 297.0
picture_000703 1.000 192.0 206.4 192.0 247.4
picture_000703 1.000 134.1 182.9 192.0 277.2
picture_000703 1.000 192.0 246.4 192.0 265.6
picture_000703 1.000 88.3 241.4 162.6 257.4
picture_000703 0.999 170.5 228.6 192.0 269.1
picture_000703 0.999 31.3 123.0 192.0 197.8
picture_000703 0.999 137.8 297.0 192.0 297.0
picture_000703 0.986 1.0 177.7 192.0 297.0
picture_000703 0.984 1.0 297.0 159.3 297.0
picture_000703 0.773 184.4 46.1 192.0 62.7
picture_000703 0.325 1.0 170.9 163.6 181.1
picture_000703 0.239 1.0 279.0 133.4 283.7
picture_000703 0.199 192.0 125.5 192.0 131.6
picture_000704 1.000 48.1 86.3 102.7 119.0
picture_000704 1.000 129.0 1.0 129.0 119.0
picture_000704 1.000 1.0 1.0 52.2 119.0
picture_000704 1.000 105.6 3.7 129.0 108.5
picture_000704 1.000 32.2 1.0 129.0 119.0
picture_000704 0.999 45.0 1.0 129.0 6.4
picture_000704 0.996 1.0 119.0 61.0 119.0
picture_000704 0.993 129.0 88.3 129.0 119.0
picture_000704 0.988 126.5 1.0 129.0 68.4
picture_000704 0.987 129.0 119.0 129.0 119.0
picture_000704 0.945 1.0 1.0 126.8 35.3
picture_000705 1.000 136.6 7.2 220.0 155.8
picture_000705 1.000 1.0 12.2 121.3 142.4
picture_000705 0.999 76.3 38.9 167.2 84.9
picture_000705 0.999 69.1 26.0 132.6 39.4
picture_000705 0.998 1.0 65.1 220.0 88.6
picture_000705 0.998 1.0 107.7 220.0 131.0
picture_000705 0.997 1.0 41.7 67.9 71.8
picture_000705 0.991 47.6 124.9 220.0 150.4
picture_000705 0.988 64.0 88.0 91.2 102.2
picture_000705 0.980 69.0 75.4 220.0 116.0
picture_000705 0.575 1.0 23.7 1.0 43.1
picture_000705 0.273 190.8 21.9 206.9 37.3
picture_000705 0.182 1.0 156.4 5.7 169.2
picture_000706 1.000 1.0 191.3 19.7 223.9
picture_000706 1.000 3.1 175.4 48.0 236.1
picture_000706 1.000 20.7 167.6 121.0 211.0
picture_000706 1.000 4.2 126.7 46.0 144.5
picture_000706 1.000 1.0 260.7 46.3 297.3
picture_000706 0.971 32.5 87.7 117.9 94.6
picture_000706 0.605 1.0 209.3 195.0 244.8
picture_000706 0.321 13.9 27.2 54.9 43.5
picture_000706 0.203 1.2 62.1 192.7 114.8
picture_000707 1.000 1.0 106.7 91.9 229.0
picture_000707 1.000 1.0 113.8 45.5 179.8
picture_000707 1.000 1.0 229.0 69.7 229.0
picture_000707 1.000 27.6 21.1 189.7 112.4
picture_000707 0.999 1.0 36.3 1.0 139.0
picture_000707 0.993 1.0 1.0 45.7 87.9
picture_000707 0.971 1.0 207.0 1.0 228.4
picture_000709 1.000 1.0 129.5 103.4 163.1
picture_000709 1.000 1.0 166.3 143.5 196.1
picture_000709 1.000 1.0 202.7 14.7 225.2
picture_000709 0.999 1.0 143.4 46.5 156.6
picture_000709 0.998 49.6 203.9 98.9 215.0
picture_000709 0.998 14.6 158.9 136.1 170.5
picture_000709 0.991 1.0 59.9 165.0 139.2
picture_000709 0.977 1.0 98.8 1.0 111.6
picture_000709 0.646 14.2 120.8 40.2 127.6
picture_000709 0.442 48.8 227.6 102.7 233.1
picture_000709 0.184 44.8 83.3 89.0 87.5
picture_000718 1.000 1.0 149.2 64.5 198.2
picture_000718 0.999 1.0 109.5 103.2 132.6
picture_000718 0.999 11.0 113.6 75.9 166.3
picture_000718 0.999 81.2 33.6 128.2 214.0
picture_000718 0.999 79.6 51.1 128.3 91.0
picture_000718 0.999 32.6 127.8 55.5 179.7
picture_000718 0.999 51.9 124.8 157.3 175.3
picture_000718 0.996 87.9 149.2 140.9 165.7
picture_000718 0.946 45.0 91.5 71.0 104.1
picture_000718 0.916 97.4 88.8 166.0 214.0
picture_000718 0.656 43.8 1.0 86.9 1.0
picture_000718 0.496 45.0 214.0 72.5 214.0
picture_000718 0.192 89.1 1.0 147.9 1.0
picture_000718 0.127 1.0 111.8 1.0 130.3
picture_000718 0.123 95.0 214.0 166.0 214.0
picture_000722 1.000 24.8 10.0 117.9 109.0
picture_000722 1.000 3.2 125.8 60.1 199.2
picture_000722 1.000 1.0 98.6 10.7 315.4
picture_000722 0.998 1.0 242.4 1.0 290.5
picture_000722 0.996 1.0 14.9 16.6 45.1
picture_000722 0.995 11.4 192.1 72.4 208.3
picture_000722 0.074 1.0 146.3 1.0 160.3
picture_000723 1.000 96.6 1.0 135.5 37.8
picture_000723 0.999 52.5 1.0 125.5 143.2
picture_000723 0.999 43.0 60.2 81.8 147.0
picture_000723 0.999 64.6 1.0 162.3 61.0
picture_000723 0.998 101.4 1.0 113.0 89.9
picture_000723 0.995 25.1 10.6 163.1 251.0
picture_000723 0.992 77.2 1.0 96.5 2.2
picture_000723 0.642 1.0 1.0 1.0 28.5
picture_000724 0.999 256.0 354.0 311.2 354.0
picture_000724 0.999 296.6 261.6 323.0 336.4
picture_000724 0.997 291.9 354.0 323.0 354.0
picture_000724 0.997 323.0 299.9 323.0 351.5
picture_000724 0.992 296.4 112.3 323.0 328.5
picture_000724 0.967 265.3 12.4 318.4 354.0
picture_000726 1.000 3.9 58.6 75.0 162.0
picture_000726 1.000 29.0 112.5 174.3 189.0
picture_000726 0.999 69.5 1.0 176.6 11.6
picture_000726 0.999 1.0 56.8 1.0 166.8
picture_000726 0.999 9.2 70.1 52.5 105.9
picture_000726 0.999 67.2 81.9 202.0 156.1
picture_000726 0.996 1.0 141.9 1.0 189.0
picture_000726 0.996 76.2 189.0 202.0 189.0
picture_000726 0.995 1.0 1.0 70.6 1.0
picture_000726 0.995 1.0 189.0 1.0 189.0
picture_000726 0.921 1.0 1.0 1.0 64.1
picture_000726 0.581 1.0 1.0 23.1 189.0
picture_000727 0.999 302.0 578.1 302.0 676.0
picture_000727 0.999 260.0 497.4 294.5 609.1
picture_000727 0.995 302.0 530.2 302.0 570.3
picture_000727 0.990 267.4 676.0 292.9 676.0
picture_000727 0.918 243.0 628.0 279.5 676.0
picture_000727 0.743 262.5 601.5 300.1 611.1
picture_000728 1.000 16.2 122.3 100.3 187.9
picture_000728 1.000 45.8 26.4 213.0 106.8
picture_000728 1.000 68.3 1.0 151.8 204.3
picture_000728 1.000 1.0 167.7 121.7 240.1
picture_000728 1.000 19.1 143.5 48.1 203.4
picture_000728 0.999 1.0 159.4 184.0 191.1
picture_000728 0.998 1.0 1.0 48.0 241.0
picture_000728 0.989 1.0 31.7 1.0 55.7
picture_000728 0.983 122.8 1.0 207.3 1.0
picture_000728 0.930 140.2 152.4 213.0 177.6
picture_000728 0.826 1.0 2.5 1.0 30.8
picture_000728 0.471 1.0 240.7 1.0 241.0
picture_000728 0.446 1.0 102.6 1.0 132.7
picture_000728 0.094 26.3 1.0 69.6 1.0
picture_000728 0.078 155.6 62.0 213.0 87.5
picture_000730 1.000 233.9 455.5 310.4 533.8
picture_000730 0.999 231.1 530.8 300.9 571.0
picture_000730 0.998 316.7 517.7 335.0 541.4
picture_000730 0.998 315.3 393.0 335.0 426.3
picture_000730 0.988 149.6 564.4 285.6 571.0
picture_000730 0.926 274.0 571.0 325.8 571.0
picture_000730 0.085 335.0 513.2 335.0 529.1
picture_000731 1.000 210.3 211.0 278.3 290.0
picture_000731 1.000 201.9 352.9 275.1 424.9
picture_000731 0.999 282.0 140.8 282.0 287.2
picture_000731 0.999 253.0 39.8 282.0 438.0
picture_000731 0.998 257.4 255.9 282.0 288.5
picture_000731 0.994 135.1 71.1 270.0 213.2
picture_000731 0.994 58.8 172.2 280.0 236.0
picture_000731 0.154 239.9 312.3 278.4 328.1
picture_000732 1.000 10.6 16.6 118.6 112.2
picture_000732 0.999 1.0 72.8 53.1 95.8
picture_000732 0.999 47.3 53.7 164.0 142.1
picture_000732 0.998 59.8 144.0 113.3 144.0
picture_000732 0.998 1.0 38.7 7.3 77.2
picture_000732 0.998 49.5 1.0 161.0 1.0
picture_000732 0.998 133.1 56.7 164.0 98.5
picture_000732 0.997 1.0 1.0 96.4 1.0
picture_000732 0.997 1.0 1.0 56.3 13.8
picture_000732 0.994 100.6 53.4 130.8 73.1
picture_000732 0.990 73.7 1.0 97.5 1.0
picture_000732 0.988 1.0 59.1 164.0 80.2
picture_000732 0.982 1.0 1.1 1.0 25.9
picture_000732 0.967 1.0 110.5 1.0 144.0
picture_000732 0.761 1.0 1.0 1.0 1.0
picture_000732 0.621 1.0 89.2 1.0 100.6
picture_000733 1.000 55.7 53.2 213.0 141.0
picture_000733 1.000 110.0 1.0 147.9 194.6
picture_000733 1.000 1.0 10.5 76.7 43.4
picture_000733 1.000 91.9 105.5 122.9 203.0
picture_000733 0.999 24.2 3.4 108.6 94.6
picture_000733 0.999 1.0 55.8 108.8 145.9
picture_000733 0.999 94.6 1.0 109.4 40.5
picture_000733 0.984 5.8 1.0 24.4 1.0
picture_000733 0.907 12.0 1.0 21.4 23.2
picture_000733 0.416 213.0 1.0 213.0 1.0
picture_000733 0.364 1.0 27.5 1.0 62.4
picture_000738 1.000 99.7 396.1 222.3 415.0
picture_000738 1.000 45.0 264.7 207.8 415.0
picture_000738 1.000 144.8 212.8 188.2 369.1
picture_000738 1.000 135.5 299.5 181.7 401.3
picture_000738 0.998 124.8 158.6 287.5 415.0
picture_000738 0.998 169.4 415.0 207.0 415.0
picture_000738 0.985 1.0 330.0 1.0 415.0
picture_000738 0.856 290.0 175.8 290.0 351.8
picture_000738 0.486 1.0 277.0 7.1 360.0
picture_000738 0.129 139.1 385.0 149.5 415.0
picture_000738 0.081 7.5 415.0 19.6 415.0
picture_000740 1.000 198.4 151.2 298.1 255.8
picture_000740 1.000 125.3 66.9 275.2 189.4
picture_000740 1.000 201.5 189.0 291.8 212.9
picture_000740 1.000 305.0 157.8 305.0 220.2
picture_000740 0.999 184.2 342.5 286.1 408.0
picture_000740 0.264 169.0 1.0 248.0 1.0
picture_000741 1.000 120.7 64.2 198.2 193.5
picture_000741 1.000 80.4 110.0 147.2 158.1
picture_000741 1.000 26.4 17.6 181.0 149.7
picture_000741 0.999 1.0 39.1 179.9 78.8
picture_000741 0.999 75.7 100.1 143.0 114.0
picture_000741 0.955 149.3 73.7 175.8 86.1
picture_000741 0.154 24.0 111.0 189.1 243.0
picture_000742 1.000 1.0 74.2 115.8 126.5
picture_000742 1.000 1.0 28.3 42.7 100.2
picture_000742 1.000 10.9 162.0 87.6 162.0
picture_000742 0.999 1.0 68.4 4.1 162.0
picture_000742 0.999 1.0 5.1 13.2 31.7
picture_000742 0.999 1.0 110.6 1.0 157.1
picture_000742 0.997 5.6 1.0 73.5 1.0
picture_000742 0.995 1.0 1.0 1.0 15.3
picture_000742 0.994 1.0 105.8 209.0 162.0
picture_000742 0.976 31.3 35.7 190.3 45.4
picture_000742 0.967 1.0 1.4 11.5 108.3
picture_000742 0.895 1.0 145.6 1.0 160.0
picture_000742 0.616 1.0 47.9 1.0 63.6
picture_000742 0.259 1.0 1.0 209.0 113.7
picture_000743 1.000 182.8 198.4 232.7 270.6
picture_000743 1.000 150.2 152.8 268.7 248.6
picture_000743 1.000 131.9 24.2 220.6 165.6
picture_000743 0.999 124.2 277.9 170.0 322.0
picture_000743 0.999 3.3 118.2 195.4 162.2
picture_000743 0.915 169.7 200.2 198.5 217.8
picture_000743 0.077 115.7 84.5 127.5 115.1
picture_000744 1.000 1.0 154.4 34.8 205.0
picture_000744 1.000 16.9 117.2 109.0 177.5
picture_000744 0.999 1.0 81.1 50.1 114.2
picture_000744 0.998 1.0 165.9 139.0 232.0
picture_000744 0.998 87.1 120.1 128.6 139.4
picture_000744 0.997 1.0 197.3 35.1 208.0
picture_000744 0.996 1.0 106.3 13.4 125.1
picture_000744 0.987 1.0 134.0 77.0 141.9
picture_000744 0.987 27.5 1.0 111.4 7.9
picture_000744 0.986 70.3 47.7 101.0 66.1
picture_000744 0.967 38.9 232.0 74.6 232.0
picture_000744 0.865 1.0 221.2 1.0 232.0
picture_000744 0.845 98.9 24.7 135.5 33.1
picture_000744 0.789 1.0 164.0 1.0 181.5
picture_000744 0.662 1.0 2.1 139.0 232.0
picture_000744 0.260 1.0 17.2 1.0 41.3
picture_000744 0.257 1.0 232.0 1.0 232.0
picture_000744 0.061 1.0 165.7 10.3 175.2
