picture_000044 0.998 37.7 619.0 82.7 659.2
picture_000044 0.996 52.0 646.0 65.0 718.0
picture_000044 0.994 44.5 718.0 80.4 718.0
picture_000044 0.994 17.5 613.1 32.7 657.6
picture_000044 0.994 89.7 665.0 101.8 692.8
picture_000044 0.980 87.3 558.3 97.9 629.7
picture_000044 0.726 1.0 718.0 6.8 718.0
picture_000044 0.327 47.2 605.3 52.8 652.2
picture_000045 0.999 45.6 1.6 95.6 118.2
picture_000045 0.999 1.0 86.7 82.1 123.5
picture_000045 0.999 51.2 103.8 111.3 164.0
picture_000045 0.999 59.3 76.1 77.0 103.0
picture_000045 0.998 8.2 34.4 59.3 63.1
picture_000045 0.998 20.3 164.0 109.0 164.0
picture_000045 0.180 118.3 32.6 125.9 53.6
picture_000045 0.114 1.0 120.8 1.0 134.6
picture_000046 1.000 1.0 120.0 53.7 154.5
picture_000046 0.999 18.5 163.0 55.2 163.0
picture_000046 0.999 62.8 137.6 128.8 162.4
picture_000046 0.987 1.0 60.5 1.0 139.6
picture_000046 0.980 1.0 126.8 1.0 154.2
picture_000046 0.975 1.0 33.3 7.4 137.6
picture_000046 0.961 1.0 80.9 170.0 151.9
picture_000046 0.924 3.3 163.0 20.3 163.0
picture_000046 0.884 1.0 1.0 39.7 159.9
picture_000046 0.764 66.6 1.0 110.5 161.3
picture_000047 0.999 82.8 290.0 98.7 323.0
picture_000047 0.999 96.8 233.6 131.4 317.4
picture_000047 0.999 54.5 215.0 96.7 323.0
picture_000047 0.998 95.4 39.2 131.0 323.0
picture_000047 0.997 18.6 209.4 31.0 286.1
picture_000047 0.996 49.7 23.2 80.4 323.0
picture_000047 0.989 203.0 216.4 203.0 305.6
picture_000047 0.987 109.2 245.7 117.8 315.7
picture_000047 0.955 112.4 1.0 160.7 302.6
picture_000047 0.951 1.0 323.0 1.0 323.0
picture_000047 0.538 133.8 272.1 141.1 323.0
picture_000047 0.420 47.2 69.5 66.0 230.3
picture_000047 0.125 1.0 97.1 1.0 268.5
picture_000047 0.061 13.5 323.0 23.9 323.0
picture_000049 1.000 26.2 160.5 100.4 187.0
picture_000049 0.999 12.2 122.2 143.0 165.9
picture_000049 0.999 1.0 176.3 26.1 187.0
picture_000049 0.999 11.1 187.0 143.0 187.0
picture_000049 0.996 1.0 118.5 39.5 166.4
picture_000049 0.988 1.0 187.0 1.0 187.0
picture_000049 0.932 1.0 62.7 79.4 169.9
picture_000049 0.430 1.0 102.8 1.0 155.0
picture_000170 0.998 64.4 551.0 145.7 590.5
picture_000170 0.998 36.0 599.7 75.5 655.7
picture_000170 0.997 10.0 654.4 33.7 693.0
picture_000170 0.988 1.0 483.4 1.0 562.6
picture_000170 0.976 1.0 620.9 1.0 643.5
picture_000170 0.968 1.0 434.6 51.3 546.8
picture_000497 0.999 62.0 1.0 123.9 49.3
picture_000497 0.999 125.6 38.5 173.0 108.6
picture_000497 0.998 163.5 11.4 173.0 53.2
picture_000497 0.998 95.2 1.0 126.2 1.0
picture_000497 0.998 66.0 1.0 115.7 221.0
picture_000497 0.997 147.7 1.0 173.0 1.0
picture_000497 0.986 173.0 1.0 173.0 1.0
picture_000497 0.979 46.9 1.0 88.7 1.0
picture_000497 0.784 155.5 5.9 169.4 20.3
picture_000497 0.270 173.0 130.7 173.0 148.6
picture_000497 0.071 173.0 46.3 173.0 74.7
picture_000499 1.000 106.5 129.0 186.1 208.3
picture_000499 1.000 63.9 216.8 202.3 265.8
picture_000499 1.000 64.7 20.6 204.2 79.5
picture_000499 1.000 5.9 84.8 245.0 238.0
picture_000499 1.000 95.1 162.0 133.4 218.9
picture_000499 0.999 177.3 23.5 223.7 76.7
picture_000499 0.949 245.0 1.0 245.0 51.1
picture_000499 0.704 177.3 129.2 191.9 152.7
picture_000499 0.592 69.3 25.4 101.4 40.9
picture_000499 0.463 1.0 211.8 1.0 237.5
picture_000499 0.117 228.0 44.1 245.0 58.1
picture_000499 0.106 28.4 182.1 57.7 192.1
picture_000500 1.000 145.5 357.4 200.6 443.7
picture_000500 0.999 230.5 423.2 248.0 519.4
picture_000500 0.999 156.0 508.9 202.2 630.3
picture_000500 0.995 125.0 338.2 151.0 533.6
picture_000500 0.994 221.6 556.9 234.6 598.2
picture_000500 0.992 168.5 574.3 191.6 646.2
picture_000500 0.990 59.8 472.5 119.7 549.9
picture_000501 1.000 207.6 337.0 298.2 434.8
picture_000501 0.999 270.5 394.4 314.9 435.0
picture_000501 0.998 194.6 339.5 216.3 435.0
picture_000501 0.996 197.2 435.0 290.2 435.0
picture_000501 0.996 244.2 144.5 270.2 341.0
picture_000501 0.996 152.6 271.0 275.3 435.0
picture_000501 0.996 378.0 310.9 378.0 374.2
picture_000501 0.391 279.1 254.9 287.1 310.6
picture_000503 1.000 61.0 195.0 114.5 268.9
picture_000503 1.000 36.5 126.3 63.8 193.5
picture_000503 0.999 74.5 28.0 157.6 160.6
picture_000503 0.999 110.2 136.7 124.3 194.5
picture_000503 0.999 143.5 163.1 180.5 257.5
picture_000503 0.999 76.6 73.6 105.4 165.9
picture_000503 0.993 38.2 88.1 52.7 151.6
picture_000503 0.989 125.1 121.2 195.0 311.7
picture_000503 0.956 21.0 172.5 27.8 256.8
picture_000503 0.540 1.0 203.8 6.4 223.4
picture_000504 1.000 97.7 66.9 167.0 130.2
picture_000504 1.000 152.7 15.2 167.0 53.1
picture_000504 0.999 1.0 9.2 139.3 49.5
picture_000504 0.999 137.8 1.0 167.0 161.0
picture_000504 0.998 96.4 79.0 167.0 93.3
picture_000504 0.998 88.3 1.0 167.0 85.8
picture_000504 0.997 157.3 158.7 167.0 161.0
picture_000504 0.992 127.3 1.0 167.0 10.5
picture_000504 0.986 167.0 54.9 167.0 90.7
picture_000504 0.979 1.0 1.0 129.5 1.0
picture_000504 0.078 167.0 1.0 167.0 1.0
picture_000505 1.000 26.2 105.7 104.7 204.3
picture_000505 0.999 14.1 157.1 54.2 210.1
picture_000505 0.999 1.0 216.8 19.1 220.0
picture_000505 0.998 1.0 121.1 1.0 205.7
picture_000505 0.998 7.3 202.4 130.0 220.0
picture_000505 0.996 1.0 1.0 11.5 220.0
picture_000505 0.980 1.0 194.1 1.0 220.0
picture_000505 0.085 1.0 220.0 1.0 220.0
picture_000506 1.000 14.6 51.1 77.2 117.2
picture_000506 1.000 73.8 1.0 138.9 43.9
picture_000506 1.000 142.0 71.9 142.0 110.9
picture_000506 1.000 1.0 20.1 142.0 58.6
picture_000506 0.999 1.0 79.5 142.0 127.4
picture_000506 0.999 1.0 121.4 117.5 140.0
picture_000506 0.997 56.6 12.6 71.1 71.6
picture_000506 0.996 1.0 1.0 1.0 88.3
picture_000506 0.993 26.8 75.3 61.2 88.8
picture_000506 0.993 1.0 1.0 84.1 4.3
picture_000506 0.992 113.8 1.0 140.0 1.0
picture_000506 0.982 129.0 140.0 142.0 140.0
picture_000506 0.972 1.0 1.0 1.0 1.0
picture_000506 0.950 45.2 1.0 81.1 1.0
picture_000506 0.938 81.7 1.0 99.2 7.4
picture_000506 0.812 92.6 83.6 142.0 92.2
picture_000506 0.151 48.0 124.2 60.4 138.3
picture_000506 0.123 1.0 78.3 1.0 98.9
picture_000506 0.102 1.0 114.0 1.0 132.5
picture_000506 0.078 142.0 29.3 142.0 41.3
picture_000508 1.000 165.2 25.3 263.3 276.0
picture_000508 0.999 182.9 138.8 279.0 188.2
picture_000508 0.999 128.5 1.0 194.3 275.7
picture_000508 0.999 149.3 15.8 225.7 139.5
picture_000508 0.998 177.3 1.0 279.0 97.2
picture_000508 0.998 103.1 139.5 221.1 235.1
picture_000508 0.997 179.6 45.7 205.8 110.5
picture_000508 0.991 279.0 129.3 279.0 213.2
picture_000508 0.987 103.1 45.8 115.7 160.6
picture_000508 0.915 119.5 1.0 180.0 83.4
picture_000508 0.764 1.0 175.9 2.2 229.0
picture_000508 0.332 204.4 1.0 235.6 1.0
picture_000508 0.318 187.5 139.0 201.7 176.2
picture_000508 0.293 51.0 1.0 71.0 20.0
picture_000508 0.081 279.0 49.0 279.0 118.2
picture_000508 0.059 20.9 55.9 166.6 276.0
picture_000511 1.000 146.2 57.5 196.0 231.3
picture_000511 1.000 112.7 90.9 191.9 146.2
picture_000511 0.999 76.4 30.3 120.3 163.9
picture_000511 0.999 152.2 11.8 196.0 84.2
picture_000511 0.999 110.8 132.4 193.4 146.8
picture_000511 0.998 8.5 98.5 62.4 137.0
picture_000511 0.997 26.7 139.1 121.0 275.5
picture_000511 0.996 169.7 64.2 196.0 85.4
picture_000511 0.992 94.4 164.1 196.0 202.9
picture_000511 0.988 1.0 48.5 196.0 91.7
picture_000511 0.565 4.6 106.4 41.0 119.2
picture_000511 0.479 131.2 1.0 196.0 40.4
picture_000511 0.236 85.0 28.1 112.4 42.6
picture_000511 0.088 96.1 233.9 110.8 247.8
picture_000512 1.000 133.2 93.9 176.0 193.8
picture_000512 1.000 91.9 81.3 176.0 122.4
picture_000512 0.999 122.2 5.3 159.3 119.1
picture_000512 0.999 169.4 128.3 176.0 163.9
picture_000512 0.999 144.7 116.4 173.5 140.0
picture_000512 0.998 1.0 71.5 106.5 104.2
picture_000512 0.996 47.4 94.2 123.6 104.5
picture_000512 0.983 93.0 1.0 141.5 1.0
picture_000512 0.973 176.0 78.3 176.0 87.2
picture_000512 0.966 176.0 65.0 176.0 187.2
picture_000512 0.779 112.5 213.0 176.0 213.0
picture_000512 0.540 176.0 93.6 176.0 105.6
picture_000512 0.421 74.2 186.1 126.3 192.7
picture_000512 0.335 1.0 213.0 130.3 213.0
picture_000512 0.302 1.0 178.1 96.1 192.7
picture_000512 0.274 26.0 167.5 176.0 192.6
picture_000512 0.108 1.0 68.4 176.0 140.6
picture_000648 1.000 1.0 181.6 70.9 273.0
picture_000648 1.000 1.0 256.1 124.4 301.7
picture_000648 1.000 20.2 245.6 98.3 271.1
picture_000648 0.999 23.8 144.1 99.5 165.0
picture_000648 0.999 1.0 367.1 85.0 391.9
picture_000648 0.998 21.2 72.9 96.1 206.5
picture_000648 0.998 19.8 320.2 86.8 421.0
picture_000648 0.906 1.0 329.3 1.0 345.5
picture_000648 0.890 1.0 194.1 1.0 205.3
picture_000648 0.112 1.0 393.8 39.0 400.5
picture_000649 0.999 53.2 227.1 135.7 284.8
picture_000649 0.998 71.2 231.8 109.0 252.4
picture_000649 0.997 133.3 227.3 226.9 249.6
picture_000649 0.996 89.2 301.0 136.9 301.0
picture_000649 0.995 30.5 157.1 95.2 238.0
picture_000649 0.995 93.9 151.0 150.1 202.3
picture_000649 0.995 1.0 198.9 249.0 259.2
picture_000649 0.991 1.0 196.5 13.6 223.9
picture_000649 0.989 15.6 199.9 49.9 215.1
picture_000649 0.978 62.9 114.6 110.9 142.5
picture_000649 0.977 2.6 176.8 233.9 188.3
picture_000649 0.977 22.3 123.7 196.0 179.4
picture_000649 0.976 68.0 100.3 142.9 254.6
picture_000649 0.562 180.0 191.1 204.1 200.9
picture_000649 0.376 58.8 270.7 80.8 278.3
picture_000650 0.999 78.6 423.8 147.5 452.6
picture_000650 0.998 34.1 417.6 199.7 482.1
picture_000650 0.996 32.8 556.0 128.3 556.0
picture_000650 0.994 23.0 459.9 213.0 502.3
picture_000650 0.992 92.5 376.5 223.9 411.2
picture_000650 0.980 103.2 346.5 205.8 366.4
picture_000650 0.679 33.5 321.4 204.4 376.2
picture_000650 0.539 103.2 398.6 139.2 407.2
picture_000650 0.092 1.0 382.3 107.5 427.2
picture_000651 0.999 32.8 144.0 167.8 144.0
picture_000651 0.999 111.9 110.8 201.5 130.5
picture_000651 0.996 153.2 128.2 231.0 141.8
picture_000651 0.994 147.1 128.3 170.3 141.3
picture_000651 0.993 1.0 126.6 213.7 143.3
picture_000651 0.981 231.0 108.3 231.0 129.7
picture_000651 0.906 208.0 142.8 231.0 144.0
picture_000651 0.876 1.0 141.1 231.0 144.0
picture_000651 0.668 1.0 115.0 231.0 134.4
picture_000651 0.547 1.0 84.9 106.1 130.5
picture_000651 0.384 231.0 140.5 231.0 144.0
picture_000651 0.304 1.0 138.1 1.0 144.0
picture_000651 0.093 62.8 144.0 96.5 144.0
picture_000652 1.000 9.9 67.5 69.4 144.1
picture_000652 0.999 33.6 1.0 142.0 17.3
picture_000652 0.999 1.0 31.6 107.2 92.7
picture_000652 0.999 1.0 185.9 23.1 228.0
picture_000652 0.996 21.0 96.4 142.0 119.2
picture_000652 0.995 1.0 1.0 41.4 14.4
picture_000652 0.992 1.0 14.6 1.0 62.2
picture_000652 0.984 1.0 127.6 5.6 149.3
picture_000652 0.910 7.4 1.0 78.0 1.0
picture_000652 0.905 1.0 47.1 1.0 69.5
picture_000652 0.833 1.0 1.0 1.0 1.0
picture_000652 0.795 42.3 1.0 142.0 1.0
picture_000652 0.691 1.0 1.0 89.5 224.3
picture_000652 0.171 1.0 1.0 1.0 9.8
picture_000652 0.072 1.0 199.5 1.0 216.4
picture_000653 1.000 271.5 579.0 306.1 617.8
picture_000653 0.998 156.9 611.2 224.4 671.1
picture_000653 0.997 199.0 520.9 265.0 586.7
picture_000653 0.995 262.2 493.7 295.0 524.4
picture_000653 0.993 96.1 490.5 159.8 530.6
picture_000653 0.669 192.8 354.5 247.5 516.4
picture_000653 0.076 256.4 595.5 266.7 609.4
picture_000656 1.000 36.5 225.6 148.2 256.5
picture_000656 0.999 137.6 231.9 155.9 257.9
picture_000656 0.999 24.9 171.0 61.5 244.8
picture_000656 0.994 72.6 262.0 130.8 262.0
picture_000656 0.982 45.3 224.6 56.1 252.8
picture_000656 0.956 116.9 262.0 148.5 262.0
picture_000656 0.246 131.9 257.2 141.9 262.0
picture_000656 0.226 1.0 252.9 1.0 262.0
picture_000656 0.138 1.0 198.9 1.0 237.2
picture_000657 0.998 99.4 268.0 167.7 291.0
picture_000657 0.998 38.8 275.6 91.5 291.0
picture_000657 0.998 1.0 267.3 226.0 291.0
picture_000657 0.998 1.0 184.5 106.4 270.1
picture_000657 0.997 106.6 191.9 138.0 272.4
picture_000657 0.995 53.1 153.1 209.2 270.1
picture_000657 0.989 83.8 291.0 119.6 291.0
picture_000657 0.778 1.0 291.0 1.0 291.0
picture_000657 0.686 1.0 199.5 1.0 271.7
picture_000657 0.255 47.1 291.0 212.6 291.0
picture_000657 0.140 226.0 234.7 226.0 267.4
picture_000657 0.077 152.3 108.4 170.2 276.4
picture_000659 0.999 131.1 397.4 201.6 485.0
picture_000659 0.999 156.0 268.6 176.2 454.0
picture_000659 0.999 219.6 288.6 226.0 437.4
picture_000659 0.998 80.2 250.9 177.8 427.7
picture_000659 0.996 150.6 164.6 226.0 420.8
picture_000659 0.996 226.0 333.6 226.0 421.1
picture_000659 0.996 127.6 413.9 145.1 485.0
picture_000659 0.986 156.8 362.5 169.7 401.8
picture_000659 0.970 116.5 130.0 153.3 411.0
picture_000659 0.814 91.8 220.3 100.5 287.2
picture_000659 0.392 158.8 187.9 166.6 366.9
picture_000659 0.126 124.4 286.8 131.3 310.8
picture_000666 1.000 69.5 204.2 244.0 271.0
picture_000666 1.000 123.7 78.2 260.2 279.7
picture_000666 1.000 165.1 143.8 229.8 227.7
picture_000666 1.000 132.9 267.1 185.1 343.0
picture_000666 0.999 261.1 53.0 267.0 124.9
picture_000666 0.998 225.8 66.3 267.0 96.2
picture_000666 0.997 103.5 261.9 157.4 286.3
picture_000666 0.887 249.1 178.0 267.0 202.4
picture_000666 0.190 267.0 43.8 267.0 80.4
picture_000666 0.118 118.6 152.8 167.9 162.1
picture_000667 1.000 1.0 139.1 67.5 173.0
picture_000667 1.000 1.0 108.2 1.0 136.7
picture_000667 1.000 1.0 122.9 144.0 193.6
picture_000667 1.000 31.3 107.5 141.0 132.9
picture_000667 0.990 1.0 149.3 19.2 159.5
picture_000667 0.985 1.0 29.2 19.7 41.8
picture_000667 0.922 22.2 274.0 88.6 274.0
picture_000667 0.713 1.0 93.4 1.0 106.1
picture_000667 0.103 10.0 1.0 54.4 1.0
picture_000667 0.054 48.2 1.0 151.9 1.0
picture_000674 1.000 57.4 219.2 195.1 302.3
picture_000674 1.000 70.9 204.8 279.2 244.8
picture_000674 1.000 160.0 332.1 285.6 406.7
picture_000674 0.996 77.9 242.7 117.9 272.6
picture_000674 0.990 58.9 330.2 136.0 347.3
picture_000674 0.964 1.0 318.1 39.5 347.6
picture_000674 0.959 257.4 288.6 296.8 309.7
picture_000674 0.924 1.0 276.4 11.5 300.0
picture_000674 0.616 24.6 188.0 53.8 209.7
picture_000674 0.554 37.7 430.0 100.3 453.4
picture_000674 0.058 88.3 206.7 119.6 220.6
picture_000675 1.000 99.6 15.5 198.0 74.0
picture_000675 0.999 192.0 1.0 223.0 24.5
picture_000675 0.998 1.0 33.1 223.0 53.0
picture_000675 0.997 160.5 120.0 222.4 120.0
picture_000675 0.997 157.6 27.2 223.0 120.0
picture_000675 0.995 38.4 1.0 223.0 6.4
picture_000675 0.994 223.0 98.5 223.0 120.0
picture_000675 0.992 146.6 1.0 215.9 11.5
picture_000675 0.991 1.0 56.9 214.3 92.9
picture_000675 0.990 197.4 1.0 223.0 1.0
picture_000675 0.958 46.3 21.0 223.0 31.6
picture_000675 0.944 1.0 11.2 223.0 26.9
picture_000675 0.907 223.0 1.9 223.0 14.5
picture_000675 0.884 33.8 1.0 183.6 1.0
picture_000675 0.611 217.4 1.0 223.0 5.2
picture_000675 0.293 223.0 1.0 223.0 1.0
picture_000675 0.058 223.0 11.5 223.0 23.6
picture_000676 1.000 148.3 113.5 208.0 138.8
picture_000676 0.999 119.3 133.4 146.7 142.0
picture_000676 0.999 96.4 85.9 113.4 127.0
picture_000676 0.999 132.3 57.9 208.0 122.1
picture_000676 0.999 177.4 142.0 208.0 142.0
picture_000676 0.999 45.5 132.5 208.0 142.0
picture_000676 0.999 99.5 142.0 201.1 142.0
picture_000676 0.972 1.0 84.9 125.9 130.0
picture_000676 0.687 6.6 142.0 45.9 142.0
picture_000676 0.565 208.0 84.0 208.0 122.6
picture_000676 0.436 208.0 142.0 208.0 142.0
picture_000676 0.369 164.6 142.0 184.7 142.0
picture_000677 1.000 82.6 59.7 161.0 169.0
picture_000677 1.000 1.0 101.3 127.7 169.0
picture_000677 0.999 58.8 131.2 118.4 169.0
picture_000677 0.999 161.0 65.8 161.0 152.1
picture_000677 0.999 96.6 169.0 161.0 169.0
picture_000677 0.999 1.0 1.0 143.5 132.6
picture_000677 0.994 161.0 129.0 161.0 169.0
picture_000677 0.992 1.0 169.0 34.0 169.0
picture_000677 0.991 152.5 169.0 161.0 169.0
picture_000677 0.928 1.0 169.0 1.0 169.0
picture_000677 0.825 1.0 1.0 1.0 140.4
picture_000677 0.278 152.5 1.0 161.0 169.0
picture_000677 0.114 161.0 169.0 161.0 169.0
picture_000678 1.000 122.5 3.4 150.7 82.8
picture_000678 1.000 44.5 1.0 66.9 116.2
picture_000678 0.999 68.5 1.0 162.6 113.8
picture_000678 0.996 148.0 1.0 158.6 28.2
picture_000678 0.989 164.0 1.0 164.0 133.9
picture_000678 0.206 112.3 33.1 118.7 53.2
picture_000678 0.158 1.0 1.0 20.3 1.0
picture_000680 1.000 160.2 208.2 246.0 255.7
picture_000680 0.999 147.2 258.7 225.9 356.2
picture_000680 0.999 178.6 398.1 246.0 419.0
picture_000680 0.999 181.1 139.3 246.0 320.6
picture_000680 0.997 101.0 115.7 221.5 230.7
picture_000680 0.995 246.0 293.4 246.0 392.8
picture_000680 0.989 128.8 67.9 187.0 143.7
picture_000680 0.983 105.4 1.0 169.7 313.6
picture_000680 0.983 88.7 75.1 165.7 99.1
picture_000680 0.964 161.0 260.3 200.1 282.6
picture_000680 0.530 169.9 26.6 246.0 32.8
picture_000680 0.388 230.7 419.0 246.0 419.0
picture_000680 0.230 246.0 143.0 246.0 168.1
picture_000680 0.179 104.2 419.0 148.1 419.0
picture_000680 0.092 70.8 1.0 243.3 1.0
picture_000680 0.079 15.0 419.0 126.1 419.0
picture_000680 0.053 154.0 1.0 235.7 182.2
picture_000683 1.000 150.0 190.9 214.0 223.2
picture_000683 0.999 172.6 103.3 214.0 202.6
picture_000683 0.999 144.9 223.5 214.0 228.0
picture_000683 0.999 42.6 224.1 189.9 228.0
picture_000683 0.998 180.8 228.0 214.0 228.0
picture_000683 0.970 214.0 228.0 214.0 228.0
picture_000683 0.967 214.0 159.5 214.0 202.9
picture_000683 0.837 91.3 228.0 186.2 228.0
picture_000683 0.150 42.2 40.4 186.9 228.0
picture_000683 0.070 1.0 162.1 208.0 213.3
picture_000685 1.000 1.0 1.0 99.0 133.0
picture_000685 1.000 1.0 15.6 6.0 107.0
picture_000685 1.000 41.4 1.0 132.1 47.8
picture_000685 1.000 1.0 1.0 1.0 71.8
picture_000685 0.999 1.0 109.4 133.0 133.0
picture_000685 0.999 1.0 133.0 6.7 133.0
picture_000685 0.997 1.0 102.6 21.4 133.0
picture_000685 0.995 1.0 19.9 28.8 54.0
picture_000685 0.993 1.0 1.0 13.6 13.0
picture_000685 0.993 31.2 1.0 133.0 1.0
picture_000685 0.988 1.0 1.0 1.0 1.0
picture_000685 0.984 1.0 133.0 133.0 133.0
picture_000688 1.000 231.6 87.9 274.0 170.9
picture_000688 0.999 148.3 30.1 257.6 110.2
picture_000688 0.999 184.8 1.0 274.0 277.8
picture_000688 0.997 58.2 1.0 252.0 1.0
picture_000688 0.996 133.9 1.0 274.0 25.7
picture_000688 0.995 273.1 22.8 274.0 65.2
picture_000688 0.963 274.0 57.9 274.0 90.0
picture_000688 0.940 219.3 1.0 274.0 1.0
picture_000688 0.816 274.0 1.0 274.0 1.0
picture_000688 0.561 1.0 217.3 274.0 283.0
picture_000688 0.462 1.0 68.2 274.0 84.8
picture_000689 1.000 106.2 1.0 179.0 141.9
picture_000689 1.000 41.5 5.4 136.8 90.1
picture_000689 1.000 32.8 2.6 61.5 70.4
picture_000689 1.000 1.0 1.0 179.0 39.7
picture_000689 0.999 105.7 1.0 126.5 104.9
picture_000689 0.999 74.6 1.0 165.1 1.0
picture_000689 0.999 1.0 49.4 44.9 147.0
picture_000689 0.998 1.0 1.0 64.4 1.0
picture_000689 0.994 1.0 1.0 17.8 1.0
picture_000689 0.987 179.0 1.0 179.0 1.0
picture_000689 0.984 109.8 1.0 131.4 1.0
picture_000689 0.958 161.2 60.8 170.8 147.0
picture_000689 0.775 63.5 1.0 72.2 31.7
picture_000689 0.622 1.0 1.0 1.0 1.0
picture_000689 0.183 179.0 1.0 179.0 24.6
picture_000689 0.051 179.0 68.5 179.0 147.0
picture_000693 0.999 129.0 118.0 328.0 145.0
picture_000693 0.998 111.8 1.0 184.5 46.2
picture_000693 0.998 54.5 100.9 171.4 164.1
picture_000693 0.997 110.3 80.7 134.2 122.2
picture_000693 0.992 1.0 202.7 152.6 225.5
picture_000693 0.986 130.9 86.4 165.1 100.8
picture_000693 0.935 1.0 1.0 243.7 8.4
picture_000693 0.395 26.2 93.3 73.6 101.0
picture_000694 1.000 82.4 11.7 157.0 86.5
picture_000694 0.999 157.0 1.0 157.0 64.4
picture_000694 0.999 97.4 30.9 152.6 52.9
picture_000694 0.999 12.8 1.0 109.9 1.0
picture_000694 0.999 1.0 73.4 157.0 88.9
picture_000694 0.998 1.0 1.0 157.0 52.8
picture_000694 0.998 71.4 64.2 157.0 141.0
picture_000694 0.996 111.4 1.0 154.9 1.0
picture_000694 0.995 1.0 129.6 96.0 141.0
picture_000694 0.952 157.0 77.1 157.0 111.8
picture_000694 0.900 157.0 68.4 157.0 82.8
picture_000694 0.845 157.0 1.0 157.0 1.0
picture_000694 0.271 1.0 55.2 83.2 71.3
picture_000695 0.999 1.0 614.1 19.4 672.9
picture_000695 0.996 1.0 713.0 12.2 713.0
picture_000695 0.994 1.0 605.0 1.0 677.0
picture_000695 0.961 1.0 713.0 1.0 713.0
picture_000695 0.864 1.0 560.7 1.0 619.8
picture_000696 1.000 138.2 1.0 189.0 182.0
picture_000696 1.000 139.4 76.7 189.0 115.5
picture_000696 1.000 139.2 169.0 189.0 182.0
picture_000696 0.999 189.0 25.7 189.0 182.0
picture_000696 0.999 44.5 78.2 189.0 182.0
picture_000696 0.999 1.0 37.7 181.9 121.5
picture_000696 0.999 73.4 37.9 189.0 67.1
picture_000696 0.997 136.5 1.0 189.0 1.0
picture_000696 0.996 168.2 112.0 189.0 182.0
picture_000696 0.507 189.0 123.4 189.0 134.4
picture_000696 0.397 1.0 171.4 189.0 181.8
picture_000696 0.335 1.0 96.9 189.0 115.9
picture_000696 0.328 189.0 180.0 189.0 182.0
picture_000696 0.285 189.0 1.0 189.0 9.0
picture_000696 0.224 1.0 1.0 189.0 58.7
picture_000701 1.000 32.1 1.0 105.1 108.0
picture_000701 1.000 101.6 1.0 126.0 105.8
picture_000701 1.000 126.0 1.0 126.0 108.0
picture_000701 1.000 1.0 1.0 16.1 108.0
picture_000701 1.000 124.1 106.7 126.0 108.0
picture_000701 0.999 45.8 74.7 82.1 108.0
picture_000701 0.999 1.0 108.0 124.7 108.0
picture_000701 0.998 1.0 1.0 57.1 1.0
picture_000701 0.997 119.6 19.6 126.0 74.6
picture_000701 0.995 40.9 1.0 126.0 1.0
picture_000701 0.965 1.0 108.0 1.0 108.0
picture_000701 0.892 1.0 1.0 1.0 75.8
picture_000701 0.280 1.0 1.0 54.9 108.0
picture_000701 0.246 67.4 49.9 121.9 108.0
picture_000701 0.154 1.0 75.7 38.8 108.0
picture_000703 0.999 95.9 250.8 176.0 297.0
picture_000703 0.999 112.0 230.2 190.3 271.3
picture_000703 0.999 192.0 210.3 192.0 240.7
picture_000703 0.997 88.1 154.8 192.0 169.3
picture_000703 0.992 148.0 272.7 192.0 297.0
picture_000703 0.989 112.1 98.8 189.7 112.2
picture_000703 0.981 171.9 184.1 192.0 193.4
picture_000703 0.975 11.0 227.7 192.0 297.0
picture_000703 0.803 96.9 236.2 166.6 242.5
picture_000703 0.775 1.0 297.0 169.4 297.0
picture_000703 0.443 2.8 75.5 192.0 250.9
picture_000704 1.000 55.0 25.0 129.0 119.0
picture_000704 1.000 1.0 1.0 72.2 119.0
picture_000704 1.000 129.0 71.7 129.0 119.0
picture_000704 0.999 129.0 1.0 129.0 65.8
picture_000704 0.999 14.4 119.0 105.0 119.0
picture_000704 0.997 54.1 1.0 129.0 35.6
picture_000704 0.995 1.0 99.8 129.0 119.0
picture_000704 0.991 84.1 119.0 124.9 119.0
picture_000704 0.860 1.0 92.3 43.0 119.0
picture_000705 1.000 99.2 9.3 158.8 103.2
picture_000705 0.999 60.2 54.0 211.9 97.7
picture_000705 0.998 57.5 38.1 96.8 67.2
picture_000705 0.998 1.0 50.5 220.0 157.2
picture_000705 0.996 42.1 1.0 220.0 1.5
picture_000705 0.996 144.0 112.3 220.0 130.5
picture_000705 0.996 1.0 11.0 181.9 60.1
picture_000705 0.920 13.0 25.7 220.0 33.3
picture_000705 0.904 164.1 1.0 187.8 1.0
picture_000705 0.659 1.0 150.7 148.6 160.2
picture_000706 1.000 1.0 168.9 38.8 212.9
picture_000706 1.000 11.1 136.4 65.2 276.2
picture_000706 1.000 1.0 178.2 16.1 194.7
picture_000706 1.000 1.0 130.1 69.7 142.8
picture_000706 0.998 15.7 262.2 73.8 275.9
picture_000706 0.990 1.0 44.5 39.6 122.0
picture_000706 0.943 1.0 292.8 1.0 311.8
picture_000707 1.000 1.0 121.7 86.4 202.0
picture_000707 1.000 1.0 169.3 115.2 229.0
picture_000707 1.000 1.0 31.8 130.1 215.7
picture_000707 1.000 1.0 1.0 68.0 84.4
picture_000707 0.999 1.0 45.7 9.9 229.0
picture_000707 0.999 1.0 54.0 1.0 171.6
picture_000707 0.996 35.6 229.0 202.0 229.0
picture_000707 0.973 1.0 212.2 1.0 229.0
picture_000707 0.683 44.0 1.0 145.1 79.6
picture_000709 1.000 1.0 114.0 71.5 151.4
picture_000709 1.000 51.2 149.5 110.8 187.4
picture_000709 0.999 1.0 135.5 165.0 167.6
picture_000709 0.999 1.0 155.2 95.6 221.2
picture_000709 0.998 1.0 95.2 102.1 124.7
picture_000709 0.998 1.0 214.7 92.3 247.4
picture_000709 0.996 1.0 164.4 66.9 175.3
picture_000709 0.996 50.6 99.6 120.8 107.7
picture_000709 0.992 1.0 81.7 37.9 90.7
picture_000709 0.988 1.0 1.0 99.1 148.4
picture_000709 0.902 1.0 74.4 165.0 111.1
picture_000709 0.887 33.3 167.5 165.0 173.4
picture_000709 0.768 44.9 256.3 77.4 264.6
picture_000718 0.999 1.0 178.4 20.0 214.0
picture_000718 0.999 4.2 97.3 96.7 154.2
picture_000718 0.999 98.2 186.0 150.3 214.0
picture_000718 0.999 52.6 101.5 74.6 148.9
picture_000718 0.997 1.0 85.7 50.8 117.2
picture_000718 0.995 20.8 153.4 121.9 169.1
picture_000718 0.967 1.0 122.0 166.0 214.0
picture_000718 0.962 46.2 117.6 84.7 129.4
picture_000718 0.869 95.5 1.0 136.5 23.4
picture_000718 0.571 87.9 214.0 138.8 214.0
picture_000718 0.455 121.7 155.2 166.0 175.3
picture_000718 0.221 91.5 48.0 133.8 54.2
picture_000718 0.137 1.0 107.2 1.0 125.5
picture_000718 0.082 100.8 30.9 166.0 136.3
picture_000718 0.060 5.2 1.0 21.0 1.0
picture_000722 0.999 3.3 86.6 59.4 181.5
picture_000722 0.998 1.0 108.1 102.4 236.7
picture_000722 0.997 1.0 233.4 58.4 325.2
picture_000722 0.987 1.0 93.2 19.1 110.1
picture_000722 0.981 1.0 91.1 118.7 109.7
picture_000722 0.849 1.0 1.0 88.7 45.3
picture_000723 1.000 64.9 1.0 168.4 85.0
picture_000723 1.000 52.1 1.0 86.5 70.6
picture_000723 0.999 62.9 80.2 165.7 239.2
picture_000723 0.992 62.4 1.0 72.1 39.5
picture_000723 0.990 1.0 1.0 1.0 1.0
picture_000723 0.981 1.0 84.0 1.0 181.0
picture_000723 0.841 182.9 1.0 192.9 27.5
picture_000723 0.823 13.5 1.0 34.4 1.0
picture_000723 0.240 1.0 3.3 1.0 49.9
picture_000724 1.000 296.6 265.3 323.0 334.8
picture_000724 0.998 296.2 354.0 323.0 354.0
picture_000724 0.995 293.0 112.1 323.0 328.3
picture_000724 0.993 323.0 251.2 323.0 321.1
picture_000724 0.960 323.0 354.0 323.0 354.0
picture_000726 1.000 33.1 132.2 86.7 189.0
picture_000726 1.000 70.8 132.1 202.0 189.0
picture_000726 1.000 11.0 1.0 112.9 96.0
picture_000726 0.997 1.0 1.0 1.0 66.0
picture_000726 0.996 84.3 84.2 202.0 104.6
picture_000726 0.995 1.0 151.8 1.0 189.0
picture_000726 0.992 1.0 41.9 1.0 84.7
picture_000726 0.988 1.0 1.0 47.5 1.0
picture_000726 0.958 83.3 1.0 202.0 9.0
picture_000726 0.952 1.0 1.0 202.0 189.0
picture_000726 0.952 73.1 1.0 191.8 1.0
picture_000726 0.827 40.6 189.0 94.9 189.0
picture_000726 0.658 1.0 1.0 1.0 2.9
picture_000726 0.132 67.8 189.0 202.0 189.0
picture_000726 0.110 1.0 189.0 1.0 189.0
picture_000727 0.999 302.0 548.6 302.0 638.7
picture_000727 0.990 302.0 448.3 302.0 491.2
picture_000727 0.987 302.0 492.0 302.0 521.1
picture_000727 0.958 271.7 383.9 291.5 474.2
picture_000727 0.753 302.0 674.3 302.0 676.0
picture_000727 0.239 250.6 672.5 285.1 676.0
picture_000727 0.076 302.0 605.9 302.0 621.6
picture_000728 1.000 1.0 121.6 89.9 216.0
picture_000728 1.000 1.2 1.0 125.7 241.0
picture_000728 1.000 1.0 75.1 156.9 147.7
picture_000728 0.999 1.0 74.1 1.0 209.1
picture_000728 0.999 124.1 196.4 212.2 223.9
picture_000728 0.999 27.3 145.1 55.0 241.0
picture_000728 0.996 44.0 129.9 89.1 156.4
picture_000728 0.990 83.3 1.0 139.1 12.9
picture_000728 0.963 71.4 216.9 213.0 241.0
picture_000728 0.937 1.0 204.0 1.0 234.0
picture_000728 0.583 1.0 224.5 1.0 241.0
picture_000728 0.501 1.0 1.0 1.0 5.1
picture_000728 0.445 153.9 48.5 213.0 70.3
picture_000730 0.999 229.8 446.5 316.2 517.6
picture_000730 0.999 239.7 373.9 335.0 401.5
picture_000730 0.999 279.2 507.3 331.3 534.7
picture_000730 0.989 335.0 492.0 335.0 543.2
picture_000730 0.985 335.0 364.4 335.0 394.0
picture_000730 0.935 278.8 571.0 328.2 571.0
picture_000730 0.929 62.4 414.5 329.4 445.4
picture_000730 0.927 158.5 528.0 300.6 540.0
picture_000730 0.202 313.8 571.0 335.0 571.0
picture_000731 0.999 248.7 209.8 282.0 341.8
picture_000731 0.997 197.1 332.3 275.6 388.0
picture_000731 0.992 282.0 256.7 282.0 291.9
picture_000731 0.987 198.8 241.9 268.1 264.7
picture_000731 0.933 282.0 271.5 282.0 373.7
picture_000731 0.871 281.4 94.2 282.0 113.7
picture_000731 0.850 70.8 116.1 278.0 142.8
picture_000731 0.713 282.0 135.0 282.0 199.6
picture_000731 0.163 178.4 1.0 256.6 6.0
picture_000731 0.112 197.5 80.1 256.1 88.4
picture_000732 1.000 1.0 2.0 90.3 98.1
picture_000732 0.999 1.0 83.1 32.6 144.0
picture_000732 0.999 1.0 34.4 164.0 144.0
picture_000732 0.999 43.9 1.0 102.6 26.2
picture_000732 0.999 50.8 1.0 164.0 80.8
picture_000732 0.998 40.6 23.6 162.7 43.5
picture_000732 0.998 8.5 70.0 44.4 92.5
picture_000732 0.997 96.8 38.7 164.0 89.9
picture_000732 0.995 1.0 21.5 1.0 78.0
picture_000732 0.990 114.7 144.0 148.7 144.0
picture_000732 0.973 1.0 1.0 50.6 1.0
picture_000732 0.965 1.0 57.4 3.6 103.8
picture_000732 0.956 87.0 1.0 114.9 1.0
picture_000732 0.837 1.0 1.0 1.0 1.0
picture_000732 0.349 114.6 1.0 141.8 1.0
picture_000733 0.999 63.3 1.0 160.4 50.6
picture_000733 0.999 1.4 49.2 82.5 145.5
picture_000733 0.999 17.3 1.0 213.0 124.6
picture_000733 0.999 169.9 1.0 195.6 59.8
picture_000733 0.999 30.4 6.6 48.4 129.8
picture_000733 0.999 15.5 1.0 63.9 72.3
picture_000733 0.996 26.1 1.0 116.0 17.7
picture_000733 0.984 1.0 112.7 1.0 203.0
picture_000733 0.979 12.0 1.0 80.9 1.0
picture_000733 0.805 65.2 22.3 77.6 55.8
picture_000733 0.658 1.0 1.0 1.0 1.0
picture_000733 0.578 210.3 1.0 213.0 1.0
picture_000733 0.165 120.7 1.0 142.2 1.0
picture_000733 0.073 7.7 1.0 31.3 1.0
picture_000738 0.999 86.5 265.5 132.9 377.0
picture_000738 0.999 57.8 213.8 213.8 415.0
picture_000738 0.999 142.3 399.8 181.0 415.0
picture_000738 0.996 1.0 384.6 145.6 415.0
picture_000738 0.994 107.5 388.2 222.5 415.0
picture_000738 0.983 164.5 221.9 179.7 356.2
picture_000738 0.738 1.0 336.1 1.0 404.6
picture_000738 0.484 29.0 73.0 49.3 362.9
picture_000738 0.276 91.1 415.0 103.7 415.0
picture_000738 0.161 190.6 415.0 207.8 415.0
picture_000738 0.061 1.0 277.6 1.0 349.6
picture_000740 1.000 220.4 191.7 305.0 266.0
picture_000740 1.000 279.6 135.0 305.0 242.4
picture_000740 0.998 151.5 331.6 276.3 359.8
picture_000740 0.998 143.4 23.4 295.1 102.6
picture_000740 0.998 253.4 177.7 305.0 204.6
picture_000740 0.998 300.2 68.9 305.0 126.5
picture_000740 0.898 305.0 156.7 305.0 174.1
picture_000740 0.884 244.9 11.8 305.0 20.6
picture_000740 0.460 202.0 296.4 290.3 306.2
picture_000740 0.423 1.0 13.3 305.0 257.4
picture_000740 0.298 214.5 1.0 305.0 242.5
picture_000741 1.000 128.4 67.1 205.8 225.1
picture_000741 1.000 180.8 90.2 213.8 126.4
picture_000741 0.999 84.7 51.5 230.7 107.3
picture_000741 0.998 27.1 38.7 95.5 71.2
picture_000741 0.998 31.6 120.3 194.3 201.0
picture_000741 0.997 132.0 1.0 203.2 4.8
picture_000741 0.996 85.7 40.5 137.0 52.5
picture_000741 0.994 162.4 36.6 216.5 49.5
picture_000741 0.992 101.5 1.0 268.0 87.8
picture_000741 0.976 1.0 103.7 151.4 146.6
picture_000741 0.849 1.0 116.6 3.2 144.1
picture_000741 0.490 1.0 15.4 162.7 88.5
picture_000742 1.000 1.0 29.2 63.7 106.3
picture_000742 1.000 1.0 70.7 42.4 162.0
picture_000742 1.000 1.0 11.7 143.5 154.7
picture_000742 0.999 1.0 68.6 29.5 93.1
picture_000742 0.999 43.3 135.5 185.6 154.7
picture_000742 0.999 1.0 1.0 80.0 60.6
picture_000742 0.995 42.8 1.0 189.2 1.0
picture_000742 0.958 1.0 1.0 36.3 1.0
picture_000742 0.878 1.0 32.8 1.0 45.5
picture_000742 0.538 1.0 1.0 1.0 1.0
picture_000742 0.351 1.0 64.8 1.0 87.4
picture_000743 1.000 146.7 176.8 229.8 298.3
picture_000743 1.000 160.1 149.6 308.0 249.3
picture_000743 1.000 19.5 110.7 206.9 230.9
picture_000743 1.000 188.6 185.1 241.7 219.9
picture_000743 1.000 98.6 47.8 266.1 167.2
picture_000743 0.998 95.4 1.0 270.3 53.5
picture_000743 0.997 242.5 6.7 283.0 98.4
picture_000743 0.302 206.6 168.4 227.2 184.5
picture_000744 0.999 1.0 117.0 14.3 167.4
picture_000744 0.999 1.0 102.5 139.0 181.3
picture_000744 0.999 20.7 151.9 108.2 198.5
picture_000744 0.999 90.5 161.7 139.0 195.1
picture_000744 0.999 1.0 121.0 139.0 140.1
picture_000744 0.998 1.0 135.6 12.6 232.0
picture_000744 0.998 81.7 53.2 110.8 77.1
picture_000744 0.997 75.2 98.9 139.0 135.6
picture_000744 0.995 1.0 84.3 139.0 126.5
picture_000744 0.978 1.0 71.1 139.0 97.3
picture_000744 0.977 31.7 172.7 51.2 189.2
picture_000744 0.938 1.0 1.0 110.5 3.1
picture_000744 0.467 1.0 138.6 139.0 156.7
picture_000744 0.251 123.4 210.1 139.0 220.3
picture_000744 0.084 1.0 1.0 26.5 1.0
